person 0.0015 407 141 430 217
dog 0.0027 478 215 500 329
dog 0.0013 58 186 272 316
horse 0.0035 56 176 275 306
horse 0.0013 479 144 500 325
sheep 0.9592 56 184 274 319
sheep 0.1734 479 174 500 329
sheep 0.0122 482 236 500 335
sheep 0.0084 489 156 500 302
sheep 0.0049 473 75 500 319
sheep 0.0036 454 194 499 321
sheep 0.0022 453 118 474 129
sheep 0.0014 451 108 499 135
sheep 0.0010 492 197 500 260
sheep 0.0010 395 165 500 324
cow 0.1250 54 184 273 317
cow 0.0160 479 174 500 329
cow 0.0017 482 236 500 335
cow 0.0011 489 156 500 302
