person 0.2599 88 202 97 215
person 0.2418 99 205 105 215
person 0.1740 106 203 113 215
person 0.1454 59 204 65 216
person 0.1194 73 204 84 217
person 0.0567 114 204 123 214
person 0.0404 359 204 364 216
person 0.0403 113 209 121 228
person 0.0391 325 216 331 226
person 0.0354 123 203 136 215
person 0.0346 69 204 78 217
person 0.0289 99 196 105 204
person 0.0280 335 206 341 214
person 0.0278 190 205 201 215
person 0.0248 440 192 456 210
person 0.0217 122 188 130 195
person 0.0179 184 206 193 216
person 0.0178 147 205 154 214
person 0.0159 68 184 73 192
person 0.0150 121 188 126 195
person 0.0137 322 216 328 227
person 0.0134 136 211 142 225
person 0.0128 163 199 170 217
person 0.0127 96 189 101 194
person 0.0124 125 90 135 103
person 0.0116 298 205 305 212
person 0.0116 124 211 133 227
person 0.0108 157 226 163 234
person 0.0103 86 199 99 219
person 0.0093 200 204 210 215
person 0.0089 326 206 336 212
person 0.0079 88 206 96 228
person 0.0078 133 207 141 216
person 0.0070 230 221 240 231
person 0.0065 239 225 248 235
person 0.0065 212 206 221 215
person 0.0064 358 207 365 226
person 0.0062 280 223 290 232
person 0.0061 105 200 110 206
person 0.0060 91 199 97 207
person 0.0054 106 206 113 227
person 0.0052 91 223 96 230
person 0.0049 74 206 85 227
person 0.0048 268 204 275 214
person 0.0045 59 205 65 230
person 0.0044 123 92 136 109
person 0.0044 151 203 160 215
person 0.0042 250 206 256 215
person 0.0042 250 224 259 234
person 0.0039 344 212 358 226
person 0.0039 98 206 105 226
person 0.0039 318 206 329 212
person 0.0038 269 225 279 233
person 0.0038 320 221 329 229
person 0.0037 332 209 347 227
person 0.0034 101 200 116 218
person 0.0033 110 202 127 218
person 0.0032 256 222 269 233
person 0.0032 94 199 108 219
person 0.0031 125 222 132 228
person 0.0031 97 179 104 186
person 0.0029 298 221 308 232
person 0.0027 56 77 318 269
person 0.0025 231 232 238 241
person 0.0025 324 220 333 229
person 0.0022 285 221 300 232
person 0.0022 198 187 212 213
person 0.0021 27 197 383 267
person 0.0021 340 206 359 215
person 0.0021 137 94 146 112
person 0.0021 79 198 105 220
person 0.0021 284 216 301 224
person 0.0020 114 221 119 229
person 0.0019 68 200 91 219
person 0.0019 336 222 346 229
person 0.0019 295 214 308 226
person 0.0017 223 222 231 232
person 0.0017 440 202 457 211
person 0.0016 118 195 126 205
person 0.0015 229 219 241 226
person 0.0014 275 216 295 224
person 0.0014 137 81 145 106
person 0.0013 239 231 248 239
person 0.0013 187 202 205 216
person 0.0012 249 211 260 226
person 0.0012 346 222 354 229
person 0.0012 310 223 318 231
person 0.0011 116 201 141 218
person 0.0011 238 215 250 226
person 0.0011 272 206 291 214
person 0.0011 68 206 78 228
person 0.0011 120 205 137 230
person 0.0010 104 200 135 220
person 0.0010 240 205 253 215
person 0.0010 161 222 169 231
car 0.0021 284 216 301 224
car 0.0012 318 206 329 212
boat 0.9677 58 76 362 265
boat 0.7934 440 192 456 210
boat 0.0275 440 202 457 211
boat 0.0159 65 195 372 268
boat 0.0059 359 204 364 216
boat 0.0041 437 192 471 210
boat 0.0034 438 176 457 209
boat 0.0033 495 192 500 208
boat 0.0023 419 192 460 210
boat 0.0021 495 203 500 212
boat 0.0018 340 206 359 215
boat 0.0013 335 206 341 214
boat 0.0013 326 206 336 212
boat 0.0013 432 192 500 210
boat 0.0012 495 173 500 208
boat 0.0012 438 197 459 215
boat 0.0012 358 207 365 226
boat 0.0011 52 79 207 262
boat 0.0010 447 203 461 210
bird 0.0017 359 204 364 216
