person 0.7274 124 353 140 388
person 0.1919 121 353 131 389
person 0.0433 128 367 140 389
person 0.0189 126 353 137 370
person 0.0132 120 369 130 390
person 0.0102 92 424 160 476
person 0.0091 0 0 11 10
person 0.0062 184 366 191 378
person 0.0038 181 363 187 379
person 0.0034 107 430 119 446
person 0.0028 112 429 133 446
person 0.0026 113 354 138 391
person 0.0023 120 438 144 454
person 0.0020 94 450 99 464
person 0.0019 149 440 158 453
person 0.0017 96 437 110 458
person 0.0017 288 343 326 415
person 0.0017 135 362 142 381
person 0.0016 105 437 118 455
person 0.0014 178 373 185 380
person 0.0014 261 295 290 344
person 0.0013 99 431 110 443
person 0.0013 113 438 135 454
person 0.0012 122 431 145 445
person 0.0012 117 382 126 391
person 0.0011 135 372 143 386
person 0.0010 123 354 130 370
person 0.0010 133 438 151 450
person 0.0010 -7 0 9 9
bicycle 0.1103 128 367 140 389
bicycle 0.0159 120 369 130 390
bicycle 0.0048 117 382 126 391
bicycle 0.0023 126 380 139 392
bicycle 0.0019 116 364 135 392
bicycle 0.0017 124 353 140 388
bicycle 0.0014 135 372 143 386
car 0.9453 93 429 160 478
car 0.0129 12 392 23 401
car 0.0124 0 394 15 402
car 0.0083 153 445 174 462
car 0.0081 86 432 97 441
car 0.0067 150 440 177 458
car 0.0038 128 367 140 389
car 0.0035 9 383 25 399
car 0.0031 163 446 179 463
car 0.0024 72 434 99 444
car 0.0016 140 430 178 467
car 0.0016 117 382 126 391
car 0.0014 120 369 130 390
car 0.0013 0 393 3 402
car 0.0013 96 437 110 458
car 0.0013 0 385 13 399
car 0.0011 99 431 110 443
car 0.0011 71 437 100 453
car 0.0011 110 426 135 434
motorbike 0.1327 128 367 140 389
motorbike 0.0107 120 369 130 390
motorbike 0.0050 124 353 140 388
motorbike 0.0028 117 382 126 391
motorbike 0.0016 126 380 139 392
motorbike 0.0014 116 364 135 392
motorbike 0.0014 135 372 143 386
aeroplane 0.0305 0 0 11 10
aeroplane 0.0017 -1 0 33 8
aeroplane 0.0015 -7 0 9 9
bus 0.0022 92 424 160 476
boat 0.0015 0 0 11 10
bird 0.0101 0 0 11 10
