person 0.9903 165 75 258 156
person 0.9550 328 150 502 377
person 0.9514 -1 110 101 370
person 0.9030 73 84 177 240
person 0.8924 279 84 354 189
person 0.7565 313 94 392 209
person 0.5190 326 88 469 279
person 0.4481 117 80 166 169
person 0.1545 388 87 453 165
person 0.0208 327 206 390 266
person 0.0150 381 90 494 212
person 0.0149 0 117 17 360
person 0.0112 75 85 145 199
person 0.0091 -5 129 193 373
person 0.0088 300 120 447 328
person 0.0088 366 141 501 294
person 0.0080 132 106 164 164
person 0.0079 124 92 191 178
person 0.0075 72 155 179 275
person 0.0075 117 79 146 131
person 0.0075 86 163 168 236
person 0.0069 276 93 400 259
person 0.0058 352 152 438 287
person 0.0051 369 164 412 216
person 0.0050 484 134 500 376
person 0.0048 331 91 388 161
person 0.0048 475 113 500 205
person 0.0044 86 126 411 352
person 0.0031 106 85 218 201
person 0.0031 121 113 157 174
person 0.0031 492 129 500 255
person 0.0028 20 100 160 251
person 0.0027 0 117 21 205
person 0.0027 479 107 499 288
person 0.0026 305 189 403 311
person 0.0025 0 161 14 221
person 0.0025 142 129 160 157
person 0.0021 119 43 291 166
person 0.0021 361 195 466 315
person 0.0020 0 119 50 359
person 0.0020 135 135 340 247
person 0.0019 0 200 9 356
person 0.0019 476 47 500 195
person 0.0018 0 188 13 255
person 0.0018 333 89 456 191
person 0.0017 106 174 153 226
person 0.0017 63 107 118 242
person 0.0017 440 146 499 384
person 0.0016 254 186 414 360
person 0.0016 246 90 343 162
person 0.0015 229 157 429 305
person 0.0015 205 80 381 210
person 0.0015 0 73 8 117
person 0.0015 46 122 132 271
person 0.0014 130 98 147 131
person 0.0014 118 121 145 167
person 0.0014 137 129 163 174
person 0.0013 38 70 297 233
person 0.0013 355 242 480 378
person 0.0011 0 79 22 159
person 0.0011 124 97 448 275
person 0.0011 115 188 163 215
person 0.0010 317 150 395 281
person 0.0010 376 167 421 290
person 0.0010 83 47 205 160
person 0.0010 493 177 500 321
person 0.0010 381 261 451 363
person 0.0010 84 88 134 161
car 0.5726 103 43 268 121
car 0.5102 36 42 133 114
car 0.0593 155 60 258 151
car 0.0124 133 44 261 94
car 0.0101 30 41 219 119
car 0.0087 210 51 272 110
car 0.0047 0 112 22 169
car 0.0044 24 45 60 109
car 0.0040 83 47 205 160
car 0.0036 0 107 23 127
car 0.0027 0 67 22 133
car 0.0027 113 71 165 140
car 0.0026 26 43 61 71
car 0.0018 117 37 198 117
car 0.0017 107 75 176 170
car 0.0017 94 43 199 88
car 0.0014 31 42 133 74
car 0.0011 0 13 59 115
car 0.0010 119 44 235 75
car 0.0010 50 48 144 150
bottle 0.8197 247 183 278 249
bottle 0.2656 254 184 277 219
bottle 0.0428 142 130 160 156
bottle 0.0214 142 128 156 143
bottle 0.0176 148 131 164 154
bottle 0.0176 204 128 223 164
bottle 0.0120 132 106 164 164
bottle 0.0086 258 183 274 204
bottle 0.0058 176 185 201 241
bottle 0.0044 265 135 279 154
bottle 0.0037 124 92 191 178
bottle 0.0035 264 147 284 185
bottle 0.0029 76 152 369 371
bottle 0.0029 251 170 264 190
bottle 0.0026 261 190 281 231
bottle 0.0022 166 73 260 157
bottle 0.0022 138 130 162 173
bottle 0.0022 141 137 182 177
bottle 0.0021 161 176 179 232
bottle 0.0013 119 264 166 337
bottle 0.0011 162 172 193 236
bottle 0.0010 249 164 263 185
bottle 0.0010 294 348 344 375
bottle 0.0010 213 128 222 144
chair 0.0626 0 117 21 205
chair 0.0136 0 132 14 232
chair 0.0126 0 112 18 280
chair 0.0118 246 112 281 136
chair 0.0106 0 112 23 159
chair 0.0095 0 163 97 381
chair 0.0089 0 112 23 135
chair 0.0072 60 298 102 362
chair 0.0067 255 137 277 154
chair 0.0059 0 172 14 212
chair 0.0056 414 338 457 373
chair 0.0042 0 197 13 225
chair 0.0042 0 206 19 370
chair 0.0041 255 112 293 139
chair 0.0041 79 206 105 240
chair 0.0040 162 72 255 159
chair 0.0038 0 110 23 124
chair 0.0034 426 341 449 373
chair 0.0028 0 188 13 255
chair 0.0027 98 206 123 236
chair 0.0025 0 291 97 371
chair 0.0025 71 180 105 253
chair 0.0025 265 135 279 154
chair 0.0024 376 338 444 374
chair 0.0022 421 335 451 356
chair 0.0019 0 119 16 170
chair 0.0019 261 126 283 139
chair 0.0017 82 197 122 243
chair 0.0017 239 103 286 139
chair 0.0017 475 113 500 205
chair 0.0016 0 226 49 369
chair 0.0016 259 119 287 147
chair 0.0016 0 199 7 375
chair 0.0014 210 119 221 133
chair 0.0014 237 138 257 153
chair 0.0011 492 114 500 232
chair 0.0011 394 293 467 368
chair 0.0011 0 161 22 241
chair 0.0011 322 313 480 378
chair 0.0011 252 121 279 145
chair 0.0010 422 328 451 348
chair 0.0010 274 134 288 153
diningtable 0.8353 83 153 424 374
diningtable 0.0520 85 201 362 313
diningtable 0.0206 124 158 321 271
diningtable 0.0153 121 303 383 372
diningtable 0.0140 0 110 23 124
diningtable 0.0130 199 165 270 226
diningtable 0.0127 0 112 23 135
diningtable 0.0093 147 153 331 225
diningtable 0.0048 0 114 23 156
diningtable 0.0042 0 117 21 205
diningtable 0.0038 287 308 456 375
diningtable 0.0034 174 186 213 243
diningtable 0.0030 159 171 288 254
diningtable 0.0029 147 115 294 201
diningtable 0.0028 0 186 14 217
diningtable 0.0027 55 316 277 373
diningtable 0.0024 158 239 313 281
diningtable 0.0023 171 142 307 179
diningtable 0.0021 0 197 13 225
diningtable 0.0021 255 112 293 139
diningtable 0.0020 65 235 281 365
diningtable 0.0019 192 129 240 178
diningtable 0.0018 157 152 289 204
diningtable 0.0017 158 270 326 355
diningtable 0.0016 141 224 499 372
diningtable 0.0016 73 134 296 335
diningtable 0.0015 176 244 269 278
diningtable 0.0015 208 157 273 197
diningtable 0.0015 247 112 280 136
diningtable 0.0014 0 112 18 280
diningtable 0.0014 87 253 183 356
diningtable 0.0012 276 215 325 232
diningtable 0.0011 246 211 279 251
diningtable 0.0011 342 342 417 373
diningtable 0.0011 0 132 14 232
diningtable 0.0011 220 305 416 367
diningtable 0.0010 141 244 263 295
diningtable 0.0010 193 177 329 291
