person 0.0094 28 17 71 184
cat 0.9885 130 157 378 221
cat 0.0120 38 117 380 259
dog 0.0040 112 151 361 225
chair 0.8271 42 36 396 278
chair 0.0461 110 150 364 225
chair 0.0066 5 105 39 137
chair 0.0051 130 40 407 179
chair 0.0039 4 113 40 166
chair 0.0022 1 92 41 194
chair 0.0018 0 88 17 195
chair 0.0017 52 114 151 205
chair 0.0011 9 145 24 159
sofa 0.3563 36 35 401 277
sofa 0.0472 110 150 364 225
sofa 0.0021 130 40 407 179
diningtable 0.0132 7 129 40 140
diningtable 0.0085 4 124 38 146
diningtable 0.0072 4 113 40 166
diningtable 0.0040 5 105 39 137
diningtable 0.0021 1 92 41 194
diningtable 0.0017 9 124 40 136
diningtable 0.0016 9 145 24 159
