person 0.9942 12 11 464 390
person 0.5243 -1 87 45 211
person 0.0198 39 110 69 209
person 0.0103 0 83 29 264
person 0.0068 26 88 47 148
person 0.0064 -1 85 32 167
person 0.0043 2 86 98 216
person 0.0030 3 126 50 235
person 0.0030 0 95 12 208
person 0.0023 0 165 18 263
person 0.0013 28 75 54 157
bottle 0.9604 325 148 349 204
bottle 0.9116 89 100 105 163
bottle 0.7440 39 111 70 180
bottle 0.3416 429 158 439 188
bottle 0.0992 115 138 125 164
bottle 0.0967 29 76 53 155
bottle 0.0696 123 141 135 164
bottle 0.0438 297 156 314 188
bottle 0.0391 41 107 76 220
bottle 0.0258 298 156 312 174
bottle 0.0160 421 161 438 198
bottle 0.0127 105 138 118 164
bottle 0.0122 14 165 52 225
bottle 0.0104 67 140 83 166
bottle 0.0088 28 95 75 189
bottle 0.0062 0 88 44 220
bottle 0.0059 31 100 51 148
bottle 0.0050 54 173 88 226
bottle 0.0049 25 103 47 164
bottle 0.0045 299 156 321 196
bottle 0.0045 23 69 69 167
bottle 0.0045 40 114 67 154
bottle 0.0030 30 14 519 384
bottle 0.0029 43 113 60 138
bottle 0.0027 26 119 45 149
bottle 0.0020 10 78 116 203
bottle 0.0020 331 148 348 177
bottle 0.0019 424 157 445 202
bottle 0.0017 29 116 94 230
bottle 0.0016 20 65 44 142
bottle 0.0015 34 88 141 181
bottle 0.0014 -1 198 15 222
bottle 0.0014 70 136 86 159
bottle 0.0013 318 0 383 56
bottle 0.0012 358 186 367 201
bottle 0.0012 36 104 52 181
bottle 0.0012 92 122 105 164
bottle 0.0011 30 163 77 223
bottle 0.0010 41 68 60 144
bottle 0.0010 52 115 70 153
bottle 0.0010 48 91 72 162
chair 0.0013 40 114 68 227
diningtable 0.0218 359 196 501 232
diningtable 0.0093 -6 18 457 401
diningtable 0.0040 358 189 437 217
diningtable 0.0040 365 211 497 374
diningtable 0.0040 69 142 182 222
diningtable 0.0028 1 209 95 256
diningtable 0.0018 380 180 479 223
diningtable 0.0017 0 117 108 250
diningtable 0.0016 24 129 144 189
diningtable 0.0016 38 116 82 202
diningtable 0.0015 0 166 96 303
diningtable 0.0014 359 191 405 213
diningtable 0.0012 -5 184 105 245
diningtable 0.0012 329 157 489 236
diningtable 0.0011 54 174 87 224
