person 0.9857 177 69 470 368
person 0.8863 75 138 217 373
person 0.0068 484 68 500 362
person 0.0037 0 0 7 42
person 0.0032 73 156 427 366
person 0.0028 18 170 193 343
person 0.0024 485 199 500 338
person 0.0024 47 102 290 366
person 0.0011 0 -2 4 21
bottle 0.0090 316 0 328 20
bottle 0.0051 293 0 308 15
bottle 0.0043 306 0 319 20
bottle 0.0015 307 0 333 21
chair 0.1417 485 193 499 353
chair 0.0561 79 240 120 297
chair 0.0470 73 153 217 382
chair 0.0442 416 209 498 375
chair 0.0230 200 72 500 367
chair 0.0168 92 0 182 33
chair 0.0154 232 229 495 369
chair 0.0104 83 235 203 371
chair 0.0093 0 181 27 370
chair 0.0089 478 102 500 366
chair 0.0071 67 235 140 311
chair 0.0056 406 74 499 368
chair 0.0048 0 31 21 364
chair 0.0040 215 219 295 287
chair 0.0035 76 238 128 356
chair 0.0028 18 170 193 343
chair 0.0025 247 265 315 363
chair 0.0025 77 171 421 356
chair 0.0014 488 248 500 382
chair 0.0013 -1 0 56 54
chair 0.0013 123 242 375 367
chair 0.0011 488 143 500 299
chair 0.0011 180 179 304 327
chair 0.0010 485 31 500 329
chair 0.0010 73 221 175 321
chair 0.0010 407 231 469 360
sofa 0.0682 485 160 500 348
sofa 0.0176 416 212 499 371
sofa 0.0078 478 102 500 366
sofa 0.0054 202 73 498 367
sofa 0.0028 0 62 24 370
sofa 0.0023 406 74 499 368
sofa 0.0021 232 229 495 369
sofa 0.0011 77 171 421 356
sofa 0.0010 123 242 375 367
diningtable 0.0321 3 5 332 370
diningtable 0.0058 485 199 500 338
diningtable 0.0013 73 122 218 355
tvmonitor 0.2857 92 0 182 33
tvmonitor 0.0813 -1 0 56 54
tvmonitor 0.0202 1 -3 101 83
tvmonitor 0.0046 0 0 29 52
tvmonitor 0.0015 39 1 92 52
tvmonitor 0.0011 485 199 500 338
tvmonitor 0.0010 0 0 7 42
