person 0.9902 237 133 338 214
person 0.9821 144 143 210 255
person 0.9761 75 154 205 326
person 0.9698 330 158 432 304
person 0.9665 392 216 489 372
person 0.9468 -1 187 112 371
person 0.8721 382 132 438 219
person 0.0543 190 169 211 220
person 0.0365 404 79 428 109
person 0.0169 109 180 209 290
person 0.0148 334 155 422 234
person 0.0123 0 243 10 371
person 0.0118 0 236 6 339
person 0.0116 90 188 421 369
person 0.0106 381 132 419 156
person 0.0098 0 182 15 373
person 0.0076 474 218 500 372
person 0.0074 -23 192 231 391
person 0.0062 161 147 210 221
person 0.0058 381 133 416 182
person 0.0057 112 73 463 301
person 0.0048 146 176 189 255
person 0.0047 195 126 378 242
person 0.0047 132 179 430 293
person 0.0045 0 251 23 375
person 0.0041 301 213 488 375
person 0.0040 132 139 277 247
person 0.0038 465 187 500 250
person 0.0037 187 162 208 202
person 0.0037 448 214 500 375
person 0.0035 0 211 6 306
person 0.0033 175 196 387 271
person 0.0029 0 184 7 277
person 0.0028 -20 17 517 284
person 0.0025 377 231 457 355
person 0.0024 466 189 500 318
person 0.0023 382 125 489 239
person 0.0021 251 111 500 280
person 0.0019 329 119 467 261
person 0.0019 0 133 5 289
person 0.0015 -1 252 54 374
person 0.0015 483 243 500 334
person 0.0014 43 190 295 338
person 0.0014 281 79 301 108
person 0.0013 379 160 437 307
person 0.0012 354 307 380 366
person 0.0012 0 258 5 317
person 0.0011 188 163 204 188
person 0.0011 363 168 506 348
person 0.0011 479 91 500 262
person 0.0011 0 146 14 289
person 0.0010 394 158 495 300
person 0.0010 103 121 244 269
bicycle 0.0764 403 79 428 109
dog 0.0044 404 79 428 109
horse 0.0020 404 79 428 109
bottle 0.5673 355 305 380 364
bottle 0.0714 36 121 51 152
bottle 0.0451 26 115 42 154
bottle 0.0396 29 127 39 155
bottle 0.0378 17 113 31 152
bottle 0.0373 28 74 38 84
bottle 0.0364 252 249 279 293
bottle 0.0346 259 240 276 280
bottle 0.0327 357 303 382 330
bottle 0.0270 36 76 45 83
bottle 0.0182 486 153 501 176
bottle 0.0178 20 68 28 84
bottle 0.0139 19 53 28 84
bottle 0.0131 234 223 293 288
bottle 0.0108 275 208 286 234
bottle 0.0087 275 206 284 220
bottle 0.0086 46 72 53 84
bottle 0.0085 47 123 55 150
bottle 0.0080 276 256 293 281
bottle 0.0068 213 214 335 299
bottle 0.0062 260 238 274 257
bottle 0.0058 35 115 47 133
bottle 0.0053 242 241 289 303
bottle 0.0043 209 245 225 270
bottle 0.0041 477 77 489 94
bottle 0.0036 375 324 388 350
bottle 0.0036 0 133 4 155
bottle 0.0035 96 193 418 362
bottle 0.0031 377 338 387 352
bottle 0.0028 25 53 38 85
bottle 0.0027 26 114 56 157
bottle 0.0026 155 76 167 109
bottle 0.0025 289 212 302 234
bottle 0.0024 270 259 295 296
bottle 0.0024 405 266 428 309
bottle 0.0023 366 307 390 348
bottle 0.0023 203 309 228 345
bottle 0.0019 16 104 49 151
bottle 0.0019 261 252 280 284
bottle 0.0018 342 293 402 370
bottle 0.0016 0 113 3 157
bottle 0.0016 272 210 282 232
bottle 0.0016 360 301 379 317
bottle 0.0015 262 238 284 259
bottle 0.0013 270 280 297 300
bottle 0.0013 87 89 562 282
bottle 0.0012 259 259 287 298
bottle 0.0012 274 251 293 272
bottle 0.0012 338 288 382 345
bottle 0.0011 489 106 500 128
bottle 0.0011 469 158 483 173
bottle 0.0011 471 116 485 132
bottle 0.0011 189 196 401 313
bottle 0.0010 274 217 288 238
bottle 0.0010 24 36 41 55
bottle 0.0010 293 210 340 259
chair 0.6642 467 189 500 277
chair 0.2800 474 218 500 372
chair 0.1478 0 321 24 374
chair 0.1006 397 215 493 373
chair 0.0815 449 233 500 372
chair 0.0795 237 132 331 212
chair 0.0645 0 251 23 375
chair 0.0583 482 206 501 332
chair 0.0479 0 212 6 284
chair 0.0465 462 188 493 231
chair 0.0363 0 231 6 325
chair 0.0320 473 327 500 375
chair 0.0318 186 163 210 224
chair 0.0318 197 187 211 222
chair 0.0282 0 192 112 378
chair 0.0272 0 242 4 296
chair 0.0263 0 243 10 371
chair 0.0250 484 244 501 370
chair 0.0247 461 186 476 221
chair 0.0214 421 182 436 220
chair 0.0197 468 188 499 218
chair 0.0169 334 198 351 211
chair 0.0166 0 191 13 282
chair 0.0158 0 325 48 374
chair 0.0153 0 182 15 373
chair 0.0149 156 162 213 238
chair 0.0145 458 185 499 321
chair 0.0142 147 143 210 273
chair 0.0131 446 329 499 375
chair 0.0126 484 262 501 315
chair 0.0109 485 188 501 274
chair 0.0105 0 335 8 374
chair 0.0087 0 316 11 374
chair 0.0077 484 235 501 283
chair 0.0074 -1 243 49 371
chair 0.0072 490 203 501 258
chair 0.0069 474 348 499 376
chair 0.0067 187 167 206 193
chair 0.0065 1 300 105 370
chair 0.0064 146 176 189 255
chair 0.0057 476 210 499 268
chair 0.0044 494 189 500 213
chair 0.0038 143 197 176 246
chair 0.0038 431 215 461 228
chair 0.0036 416 285 494 373
chair 0.0035 1 351 25 375
chair 0.0030 409 175 449 224
chair 0.0029 489 290 500 380
chair 0.0028 89 199 97 209
chair 0.0027 109 180 209 290
chair 0.0026 429 214 448 228
chair 0.0025 429 198 447 224
chair 0.0024 190 188 209 229
chair 0.0023 96 193 418 362
chair 0.0022 460 240 492 337
chair 0.0022 427 182 445 224
chair 0.0021 444 189 493 270
chair 0.0021 471 201 498 241
chair 0.0020 73 162 207 335
chair 0.0020 487 354 500 375
chair 0.0020 0 273 6 340
chair 0.0020 78 282 108 337
chair 0.0019 149 208 170 232
chair 0.0019 491 187 500 235
chair 0.0019 177 181 196 220
chair 0.0018 479 243 499 294
chair 0.0018 210 190 224 213
chair 0.0018 465 201 486 241
chair 0.0017 381 141 440 241
chair 0.0017 0 202 25 276
chair 0.0017 189 164 203 186
chair 0.0017 424 188 481 235
chair 0.0017 334 198 353 220
chair 0.0017 430 355 501 374
chair 0.0015 313 197 326 211
chair 0.0015 488 276 500 337
chair 0.0013 411 255 424 268
chair 0.0013 485 336 500 375
chair 0.0012 0 333 10 393
chair 0.0012 150 166 166 182
chair 0.0012 400 163 506 308
chair 0.0012 337 196 359 211
chair 0.0012 133 190 193 277
chair 0.0012 405 266 428 309
chair 0.0011 332 163 387 240
chair 0.0011 4 335 102 374
chair 0.0011 418 339 493 375
chair 0.0011 87 305 116 331
chair 0.0011 255 137 275 168
chair 0.0011 180 177 193 207
chair 0.0010 334 157 425 227
chair 0.0010 0 341 27 406
chair 0.0010 433 207 500 289
sofa 0.0011 237 132 331 212
pottedplant 0.0375 16 107 50 158
pottedplant 0.0243 26 115 42 154
pottedplant 0.0208 15 104 33 151
pottedplant 0.0068 35 120 52 153
pottedplant 0.0053 306 237 341 261
pottedplant 0.0029 147 275 173 294
pottedplant 0.0020 7 100 60 170
pottedplant 0.0015 29 109 53 144
pottedplant 0.0013 28 127 40 155
diningtable 0.8862 97 210 414 372
diningtable 0.0486 153 185 371 326
diningtable 0.0291 178 202 347 274
diningtable 0.0154 207 213 320 300
diningtable 0.0133 203 251 388 332
diningtable 0.0068 242 241 289 303
diningtable 0.0046 148 255 369 370
diningtable 0.0039 143 328 206 377
diningtable 0.0037 88 283 473 374
diningtable 0.0035 179 270 233 288
diningtable 0.0033 150 220 291 334
diningtable 0.0027 170 205 314 239
diningtable 0.0027 187 276 245 307
diningtable 0.0026 173 258 238 283
diningtable 0.0026 280 230 393 317
diningtable 0.0024 324 246 351 300
diningtable 0.0024 230 261 333 321
diningtable 0.0021 354 305 380 364
diningtable 0.0020 101 263 260 361
diningtable 0.0020 234 223 293 288
diningtable 0.0019 306 257 367 317
diningtable 0.0018 261 262 374 319
diningtable 0.0017 284 208 346 261
diningtable 0.0016 1 189 119 382
diningtable 0.0013 389 226 485 382
diningtable 0.0012 178 256 212 282
diningtable 0.0012 187 225 248 285
diningtable 0.0012 237 133 338 214
diningtable 0.0012 302 219 323 242
diningtable 0.0011 0 231 6 325
diningtable 0.0011 332 254 373 294
diningtable 0.0011 281 203 323 222
diningtable 0.0010 246 194 386 313
diningtable 0.0010 342 301 436 368
diningtable 0.0010 181 256 253 300
