bottle 0.9926 96 125 149 295
chair 0.0218 0 289 14 374
chair 0.0063 0 177 15 371
chair 0.0063 0 246 9 368
chair 0.0017 0 278 24 376
chair 0.0015 0 332 10 375
chair 0.0014 0 186 6 371
chair 0.0013 0 282 7 352
sofa 0.0013 0 280 10 373
diningtable 0.2401 11 226 467 357
diningtable 0.0859 -8 -9 488 399
diningtable 0.0412 67 198 367 330
diningtable 0.0091 134 195 312 309
diningtable 0.0031 16 122 422 332
diningtable 0.0024 167 239 272 307
diningtable 0.0020 218 223 347 307
diningtable 0.0017 193 199 438 348
diningtable 0.0016 138 264 339 347
diningtable 0.0012 15 207 269 374
