person 0.8958 150 82 287 342
person 0.0180 485 181 500 285
person 0.0078 451 151 499 317
person 0.0073 485 160 500 232
person 0.0062 477 220 499 328
person 0.0058 452 193 499 275
person 0.0035 473 144 500 363
person 0.0034 121 163 272 373
person 0.0033 432 176 502 353
person 0.0031 390 125 500 332
person 0.0030 222 3 508 381
person 0.0025 400 201 493 280
person 0.0021 473 268 498 313
person 0.0017 105 71 458 374
person 0.0016 482 280 499 346
person 0.0015 488 189 500 253
person 0.0014 176 114 388 328
person 0.0013 441 126 494 263
person 0.0011 490 133 500 212
person 0.0011 0 29 16 287
person 0.0011 310 147 400 247
person 0.0011 436 255 503 334
person 0.0010 469 110 502 284
person 0.0010 400 280 499 338
bicycle 0.0011 332 98 403 173
bottle 0.9268 450 141 477 214
bottle 0.7702 479 100 500 174
bottle 0.6154 437 126 456 162
bottle 0.2697 468 58 486 99
bottle 0.2033 356 261 378 300
bottle 0.0777 456 116 476 154
bottle 0.0505 437 128 463 187
bottle 0.0488 469 134 485 175
bottle 0.0355 452 132 481 190
bottle 0.0330 487 184 501 218
bottle 0.0280 477 89 499 144
bottle 0.0246 342 252 395 290
bottle 0.0239 454 99 484 149
bottle 0.0223 363 51 377 79
bottle 0.0191 485 117 501 206
bottle 0.0187 425 133 486 216
bottle 0.0174 458 24 471 48
bottle 0.0165 390 57 413 80
bottle 0.0153 465 110 488 159
bottle 0.0142 465 135 485 207
bottle 0.0137 350 260 388 316
bottle 0.0128 483 83 500 105
bottle 0.0125 487 136 500 187
bottle 0.0113 487 100 500 129
bottle 0.0102 454 120 465 151
bottle 0.0096 393 46 420 83
bottle 0.0096 456 102 479 131
bottle 0.0083 488 189 500 253
bottle 0.0082 465 111 484 138
bottle 0.0082 491 166 500 202
bottle 0.0081 465 93 484 117
bottle 0.0081 485 160 500 232
bottle 0.0073 389 55 413 101
bottle 0.0073 462 96 487 133
bottle 0.0072 451 170 475 210
bottle 0.0070 487 89 500 120
bottle 0.0069 450 126 466 161
bottle 0.0064 360 41 380 76
bottle 0.0060 398 118 498 241
bottle 0.0052 485 102 501 146
bottle 0.0051 454 136 476 168
bottle 0.0045 439 80 500 218
bottle 0.0040 450 145 467 200
bottle 0.0040 452 72 494 129
bottle 0.0035 369 268 392 292
bottle 0.0035 393 62 417 87
bottle 0.0033 467 87 483 107
bottle 0.0031 467 88 503 189
bottle 0.0031 390 125 500 332
bottle 0.0031 356 259 381 279
bottle 0.0031 478 143 498 178
bottle 0.0029 412 57 425 76
bottle 0.0028 468 56 485 78
bottle 0.0027 455 97 479 114
bottle 0.0027 303 217 329 269
bottle 0.0027 479 70 497 103
bottle 0.0026 461 53 489 106
bottle 0.0025 394 44 419 67
bottle 0.0023 445 127 470 179
bottle 0.0022 401 50 500 173
bottle 0.0022 456 85 471 102
bottle 0.0019 441 126 494 263
bottle 0.0017 456 117 464 135
bottle 0.0017 341 43 353 66
bottle 0.0016 374 277 391 294
bottle 0.0015 276 95 500 369
bottle 0.0015 465 79 486 112
bottle 0.0015 470 77 503 273
bottle 0.0015 491 217 500 263
bottle 0.0014 75 39 86 61
bottle 0.0014 473 130 499 214
bottle 0.0013 448 94 486 118
bottle 0.0013 425 195 452 227
bottle 0.0013 316 247 428 329
bottle 0.0012 305 1 318 17
bottle 0.0012 66 17 510 283
bottle 0.0011 384 46 430 106
bottle 0.0011 442 46 497 157
bottle 0.0011 476 51 500 113
bottle 0.0011 410 87 428 104
bottle 0.0010 476 64 492 92
chair 0.9443 116 162 245 381
chair 0.6775 266 133 399 248
chair 0.6450 330 91 399 184
chair 0.3572 263 126 338 228
chair 0.3454 7 178 123 334
chair 0.2123 426 30 471 62
chair 0.1321 123 134 169 186
chair 0.0422 118 172 164 289
chair 0.0366 270 115 376 211
chair 0.0281 151 301 241 373
chair 0.0227 1 113 118 275
chair 0.0207 0 163 21 345
chair 0.0204 148 51 290 410
chair 0.0125 122 179 175 352
chair 0.0102 173 57 482 261
chair 0.0092 253 49 304 85
chair 0.0084 325 91 400 135
chair 0.0083 8 155 86 234
chair 0.0076 242 32 288 61
chair 0.0075 108 133 137 262
chair 0.0062 120 134 137 190
chair 0.0059 347 154 400 211
chair 0.0053 278 67 446 237
chair 0.0048 92 113 166 274
chair 0.0046 148 140 167 171
chair 0.0039 394 44 420 68
chair 0.0039 136 146 161 178
chair 0.0039 0 148 61 306
chair 0.0034 322 60 341 73
chair 0.0033 0 175 12 304
chair 0.0032 253 41 296 73
chair 0.0032 0 60 18 298
chair 0.0027 247 88 500 379
chair 0.0026 190 65 242 100
chair 0.0022 328 141 415 222
chair 0.0022 250 53 307 110
chair 0.0022 425 37 471 84
chair 0.0021 113 137 138 212
chair 0.0020 0 208 26 308
chair 0.0020 2 0 122 309
chair 0.0019 355 132 383 155
chair 0.0016 67 119 125 263
chair 0.0015 253 147 277 217
chair 0.0015 110 133 383 383
chair 0.0014 98 0 547 308
chair 0.0014 355 122 385 145
chair 0.0014 293 179 383 250
chair 0.0013 286 44 321 76
chair 0.0013 246 36 481 189
chair 0.0012 381 283 499 337
chair 0.0012 334 36 352 63
chair 0.0012 113 111 203 204
chair 0.0011 401 50 500 173
chair 0.0011 15 158 72 207
chair 0.0011 147 219 249 363
chair 0.0011 80 47 207 227
chair 0.0011 445 134 474 212
chair 0.0011 24 108 144 348
chair 0.0010 234 119 273 151
chair 0.0010 239 39 289 84
chair 0.0010 313 34 328 56
sofa 0.0034 204 128 547 347
sofa 0.0020 426 31 470 61
sofa 0.0019 148 51 290 410
sofa 0.0012 332 98 403 173
sofa 0.0010 0 60 18 298
pottedplant 0.1081 47 7 86 48
pottedplant 0.0737 366 31 389 66
pottedplant 0.0217 360 41 380 76
pottedplant 0.0133 47 35 78 64
pottedplant 0.0087 356 31 388 79
pottedplant 0.0078 486 169 500 264
pottedplant 0.0041 44 5 92 73
pottedplant 0.0035 57 21 82 52
pottedplant 0.0033 368 31 388 50
pottedplant 0.0017 66 13 95 61
pottedplant 0.0017 426 31 470 61
pottedplant 0.0016 455 0 476 22
pottedplant 0.0015 490 203 500 258
pottedplant 0.0015 483 170 500 337
pottedplant 0.0013 487 172 501 214
pottedplant 0.0011 52 3 155 66
pottedplant 0.0011 351 43 373 75
pottedplant 0.0010 458 16 470 44
pottedplant 0.0010 56 8 110 67
pottedplant 0.0010 473 173 500 262
diningtable 0.7843 238 135 500 370
diningtable 0.0407 263 201 459 347
diningtable 0.0304 310 147 400 247
diningtable 0.0211 338 251 398 290
diningtable 0.0188 292 158 455 269
diningtable 0.0182 447 143 473 212
diningtable 0.0112 405 107 498 200
diningtable 0.0106 405 161 455 199
diningtable 0.0093 401 50 500 173
diningtable 0.0091 172 55 482 320
diningtable 0.0062 425 133 486 216
diningtable 0.0037 278 179 394 284
diningtable 0.0029 279 191 392 244
diningtable 0.0028 398 133 474 186
diningtable 0.0027 386 126 485 226
diningtable 0.0026 319 43 498 180
diningtable 0.0026 437 128 463 187
diningtable 0.0025 304 218 329 274
diningtable 0.0025 402 225 486 272
diningtable 0.0025 6 174 124 335
diningtable 0.0025 316 247 428 329
diningtable 0.0023 390 125 500 332
diningtable 0.0023 335 73 493 124
diningtable 0.0021 329 86 400 168
diningtable 0.0020 363 166 502 265
diningtable 0.0019 279 203 429 262
diningtable 0.0018 435 125 459 165
diningtable 0.0015 343 175 410 248
diningtable 0.0015 384 46 430 106
diningtable 0.0015 72 121 132 274
diningtable 0.0015 426 31 470 61
diningtable 0.0015 388 56 482 104
diningtable 0.0013 305 170 519 333
diningtable 0.0012 482 116 500 235
diningtable 0.0012 296 201 374 256
diningtable 0.0012 325 36 491 117
diningtable 0.0012 148 51 290 410
diningtable 0.0012 254 262 491 360
diningtable 0.0011 392 194 487 284
diningtable 0.0011 409 167 462 225
diningtable 0.0010 352 150 480 213
diningtable 0.0010 313 127 514 231
tvmonitor 0.0093 347 155 400 245
tvmonitor 0.0018 295 43 324 76
tvmonitor 0.0014 266 133 399 248
tvmonitor 0.0013 359 0 394 14
tvmonitor 0.0010 0 29 16 287
tvmonitor 0.0010 308 72 338 88
