person 0.0024 487 -3 500 179
person 0.0021 485 25 500 345
bicycle 0.0089 146 79 340 409
cat 0.9844 150 125 334 408
cat 0.0041 257 81 289 151
cat 0.0015 83 47 362 431
dog 0.0012 485 25 500 345
dog 0.0012 487 -3 500 220
chair 0.0201 146 79 340 409
chair 0.0111 487 -7 499 148
chair 0.0049 6 20 330 447
chair 0.0041 257 81 289 151
chair 0.0012 392 -10 501 101
chair 0.0011 486 7 500 286
sofa 0.0012 487 -7 499 148
sofa 0.0011 149 99 334 398
pottedplant 0.0021 146 79 340 409
diningtable 0.0065 0 6 193 465
diningtable 0.0016 146 79 340 409
tvmonitor 0.0025 149 99 334 398
