person 0.2766 380 174 501 276
person 0.1243 383 167 500 369
person 0.1152 382 54 500 322
person 0.0156 65 14 502 378
person 0.0077 241 151 503 380
person 0.0063 315 9 501 360
person 0.0021 329 145 504 288
person 0.0015 6 313 490 372
person 0.0015 254 331 475 374
bird 0.9276 23 28 396 371
bird 0.7237 -1 3 144 367
bird 0.0447 319 3 504 75
bird 0.0115 436 0 500 48
bird 0.0105 381 13 503 104
bird 0.0056 251 332 417 373
bird 0.0055 312 0 443 59
bird 0.0044 324 1 501 155
bird 0.0036 372 13 501 303
bird 0.0013 1 7 258 311
bird 0.0012 438 8 500 115
dog 0.0010 250 334 462 377
