person 0.0071 0 126 11 137
person 0.0050 0 121 8 133
person 0.0048 5 127 18 137
person 0.0030 17 127 28 138
person 0.0029 136 89 162 125
person 0.0015 6 122 17 134
person 0.0013 292 82 300 90
person 0.0012 82 117 97 134
person 0.0010 45 84 498 313
car 0.9969 28 81 480 315
car 0.1818 5 127 18 137
car 0.1350 34 74 325 229
car 0.0733 0 126 11 137
car 0.0335 33 79 329 148
car 0.0169 17 127 28 138
car 0.0126 32 121 59 145
car 0.0077 0 121 8 133
car 0.0066 128 79 368 119
car 0.0041 26 76 191 242
car 0.0036 0 124 15 140
car 0.0030 6 122 17 134
car 0.0027 334 100 469 148
car 0.0025 445 84 500 160
car 0.0022 34 81 180 158
car 0.0017 50 63 442 177
car 0.0015 33 91 99 146
car 0.0014 438 73 501 132
car 0.0014 58 78 236 131
car 0.0014 474 96 500 179
car 0.0014 184 105 451 134
car 0.0013 107 83 461 132
car 0.0010 31 127 38 140
