person 0.9727 223 126 297 265
person 0.9210 148 155 241 317
person 0.8105 168 116 212 165
person 0.7315 349 104 428 195
person 0.4831 207 107 249 158
person 0.4066 471 90 500 145
person 0.1609 485 86 500 129
person 0.0982 471 88 500 226
person 0.0861 470 119 499 169
person 0.0718 427 151 500 354
person 0.0567 223 106 249 143
person 0.0471 479 101 500 292
person 0.0465 227 107 248 128
person 0.0288 381 102 430 182
person 0.0251 432 111 500 275
person 0.0243 486 130 500 343
person 0.0172 443 79 500 217
person 0.0146 489 158 500 264
person 0.0125 158 134 348 296
person 0.0111 323 116 431 241
person 0.0101 484 104 501 143
person 0.0098 178 121 233 163
person 0.0093 188 130 395 239
person 0.0076 439 149 500 196
person 0.0067 492 176 500 302
person 0.0065 161 123 197 162
person 0.0055 483 121 501 148
person 0.0054 202 133 228 158
person 0.0053 170 125 227 183
person 0.0050 487 132 500 213
person 0.0046 332 87 468 213
person 0.0045 471 134 499 193
person 0.0045 159 120 267 184
person 0.0043 60 114 435 337
person 0.0041 328 126 434 178
person 0.0039 462 100 495 166
person 0.0038 471 140 499 163
person 0.0036 201 143 227 163
person 0.0036 205 110 310 164
person 0.0032 446 124 501 184
person 0.0031 473 137 500 370
person 0.0029 403 71 500 311
person 0.0026 177 74 470 307
person 0.0023 265 136 385 223
person 0.0023 202 133 247 172
person 0.0022 161 123 277 232
person 0.0021 384 85 499 214
person 0.0018 492 198 500 261
person 0.0017 208 138 226 153
person 0.0016 481 29 500 135
person 0.0016 112 139 318 245
person 0.0015 168 142 190 163
person 0.0015 475 81 500 115
person 0.0015 149 119 352 195
person 0.0014 486 61 500 114
person 0.0014 197 118 215 154
person 0.0014 485 128 501 141
person 0.0013 203 102 441 213
person 0.0012 114 175 294 338
person 0.0011 337 182 435 264
person 0.0011 199 94 274 159
person 0.0011 217 144 229 161
person 0.0010 189 141 246 183
person 0.0010 38 160 241 311
person 0.0010 471 104 486 128
person 0.0010 229 114 256 151
bottle 0.0053 317 139 331 153
bottle 0.0041 220 127 300 264
bottle 0.0036 326 139 339 153
bottle 0.0026 200 147 216 162
bottle 0.0019 169 143 188 161
bottle 0.0016 423 60 433 73
bottle 0.0010 334 140 342 151
bottle 0.0010 217 144 229 161
chair 0.0136 490 177 500 265
chair 0.0097 334 179 429 264
chair 0.0068 471 131 499 172
chair 0.0042 303 128 323 143
chair 0.0040 471 88 500 226
chair 0.0036 427 153 501 358
chair 0.0033 169 142 189 162
chair 0.0029 171 115 216 160
chair 0.0027 438 149 501 196
chair 0.0027 484 127 499 304
chair 0.0021 142 161 156 181
chair 0.0018 491 183 500 334
chair 0.0017 487 132 500 213
chair 0.0017 471 90 500 145
chair 0.0017 437 143 500 251
chair 0.0015 473 138 500 207
chair 0.0014 485 86 500 129
chair 0.0014 0 251 18 373
chair 0.0014 494 213 500 265
chair 0.0013 326 139 339 153
chair 0.0012 381 124 431 182
chair 0.0010 336 182 427 222
chair 0.0010 317 139 331 153
sofa 0.0022 427 153 501 358
sofa 0.0018 337 182 435 264
sofa 0.0014 328 52 483 156
diningtable 0.3708 33 179 165 287
diningtable 0.2999 265 136 385 223
diningtable 0.2530 188 130 395 239
diningtable 0.2181 438 145 499 183
diningtable 0.1147 146 157 244 313
diningtable 0.0934 220 127 300 264
diningtable 0.0421 158 134 348 296
diningtable 0.0412 471 119 499 169
diningtable 0.0407 281 137 386 187
diningtable 0.0404 234 219 350 322
diningtable 0.0341 471 88 500 226
diningtable 0.0275 41 226 167 356
diningtable 0.0249 432 111 500 275
diningtable 0.0229 177 131 377 183
diningtable 0.0199 198 157 236 172
diningtable 0.0173 114 175 294 338
diningtable 0.0171 471 140 499 163
diningtable 0.0168 447 95 500 186
diningtable 0.0153 140 112 435 331
diningtable 0.0135 109 199 167 239
diningtable 0.0128 437 151 498 212
diningtable 0.0124 194 155 246 192
diningtable 0.0110 43 188 126 217
diningtable 0.0106 472 123 500 148
diningtable 0.0093 34 187 144 245
diningtable 0.0086 34 177 230 355
diningtable 0.0082 112 139 318 245
diningtable 0.0081 471 134 499 193
diningtable 0.0077 35 222 139 280
diningtable 0.0077 102 217 160 239
diningtable 0.0075 328 52 483 156
diningtable 0.0074 323 116 431 241
diningtable 0.0072 203 102 441 213
diningtable 0.0070 485 128 501 141
diningtable 0.0064 70 196 181 268
diningtable 0.0053 30 153 391 375
diningtable 0.0048 427 153 501 358
diningtable 0.0048 295 156 369 225
diningtable 0.0045 334 179 429 264
diningtable 0.0043 44 179 159 221
diningtable 0.0043 176 146 267 245
diningtable 0.0041 157 146 252 206
diningtable 0.0039 328 126 434 178
diningtable 0.0038 177 137 304 215
diningtable 0.0038 256 142 329 166
diningtable 0.0038 116 210 160 234
diningtable 0.0033 231 141 412 298
diningtable 0.0028 51 265 279 369
diningtable 0.0027 116 206 142 232
diningtable 0.0026 69 160 262 276
diningtable 0.0026 485 131 501 154
diningtable 0.0022 259 153 327 172
diningtable 0.0022 384 85 499 214
diningtable 0.0021 72 193 108 211
diningtable 0.0020 314 139 346 164
diningtable 0.0018 283 156 323 172
diningtable 0.0017 195 161 240 178
diningtable 0.0017 162 138 229 187
diningtable 0.0017 288 150 354 177
diningtable 0.0016 306 138 394 168
diningtable 0.0015 464 145 489 162
diningtable 0.0015 300 125 411 198
diningtable 0.0014 349 104 428 195
diningtable 0.0014 44 233 117 266
diningtable 0.0013 202 145 226 162
diningtable 0.0013 228 189 359 288
diningtable 0.0013 50 198 112 219
diningtable 0.0013 114 200 161 223
diningtable 0.0012 37 250 135 336
diningtable 0.0012 99 182 156 216
diningtable 0.0012 479 101 500 292
diningtable 0.0012 330 143 394 159
diningtable 0.0012 159 120 267 184
diningtable 0.0011 132 42 443 258
diningtable 0.0011 262 145 299 161
diningtable 0.0011 487 132 500 213
diningtable 0.0010 349 144 387 157
diningtable 0.0010 95 179 235 252
diningtable 0.0010 206 171 243 193
diningtable 0.0010 106 223 155 235
tvmonitor 0.0091 349 47 388 74
tvmonitor 0.0051 339 54 382 77
tvmonitor 0.0037 381 52 404 76
