person 0.0543 308 180 324 198
person 0.0421 306 184 325 205
person 0.0030 141 102 152 115
person 0.0015 138 102 154 139
person 0.0010 291 172 318 197
bird 0.0021 8 125 43 159
cat 0.0018 309 285 353 313
bottle 0.0075 330 181 338 194
bottle 0.0060 308 180 324 198
bottle 0.0035 273 183 281 195
bottle 0.0031 338 114 354 131
bottle 0.0023 329 167 339 190
bottle 0.0020 306 184 325 205
bottle 0.0020 283 182 293 195
bottle 0.0018 217 215 226 235
bottle 0.0017 210 217 217 233
bottle 0.0015 320 181 334 194
bottle 0.0015 328 110 340 129
chair 0.4132 269 194 313 271
chair 0.2942 268 190 291 264
chair 0.2753 1 431 95 501
chair 0.1037 283 190 338 264
chair 0.0717 311 205 337 262
chair 0.0492 349 276 375 364
chair 0.0324 315 231 335 259
chair 0.0321 274 192 301 204
chair 0.0259 270 194 291 215
chair 0.0235 283 182 293 195
chair 0.0231 271 189 291 207
chair 0.0167 269 285 369 369
chair 0.0165 302 195 337 236
chair 0.0163 273 183 281 195
chair 0.0157 272 183 302 250
chair 0.0152 303 197 336 215
chair 0.0138 98 302 135 325
chair 0.0135 271 183 320 217
chair 0.0124 272 192 303 218
chair 0.0120 304 211 333 239
chair 0.0113 290 189 338 219
chair 0.0092 303 224 335 264
chair 0.0091 307 185 324 204
chair 0.0088 320 181 334 194
chair 0.0087 290 197 307 257
chair 0.0086 306 219 330 252
chair 0.0082 280 189 314 205
chair 0.0081 301 188 315 201
chair 0.0078 -7 439 223 500
chair 0.0072 302 204 336 225
chair 0.0071 314 193 337 204
chair 0.0070 306 173 346 235
chair 0.0069 266 188 277 267
chair 0.0068 356 268 375 291
chair 0.0068 316 243 334 262
chair 0.0062 276 205 297 247
chair 0.0055 275 200 294 230
chair 0.0050 278 186 318 246
chair 0.0049 271 222 290 266
chair 0.0049 -2 320 99 499
chair 0.0047 297 209 318 244
chair 0.0044 303 178 352 268
chair 0.0039 303 259 331 291
chair 0.0038 285 193 310 216
chair 0.0034 338 251 376 349
chair 0.0031 276 230 296 258
chair 0.0028 1 306 167 479
chair 0.0026 285 216 328 272
chair 0.0024 308 190 339 207
chair 0.0021 283 185 332 205
chair 0.0021 265 186 293 224
chair 0.0021 297 206 319 224
chair 0.0020 308 283 354 314
chair 0.0019 350 245 375 312
chair 0.0018 290 199 327 214
chair 0.0014 290 226 307 264
chair 0.0014 0 382 149 498
chair 0.0013 330 181 338 194
chair 0.0013 269 188 275 203
chair 0.0012 334 222 375 258
chair 0.0012 310 224 360 263
chair 0.0012 268 189 275 223
chair 0.0011 14 465 97 501
chair 0.0011 260 188 282 266
chair 0.0010 300 231 316 260
chair 0.0010 271 230 315 274
sofa 0.3331 -1 432 96 500
sofa 0.1087 0 302 170 450
sofa 0.0789 349 276 375 364
sofa 0.0262 269 285 369 369
sofa 0.0099 -7 439 223 500
sofa 0.0098 -2 320 99 499
sofa 0.0069 356 268 375 291
sofa 0.0048 0 382 149 498
sofa 0.0035 338 251 376 349
sofa 0.0033 350 263 375 322
sofa 0.0028 308 283 354 314
sofa 0.0021 98 302 135 325
sofa 0.0015 11 285 153 390
sofa 0.0012 1 465 96 501
sofa 0.0011 344 275 372 312
sofa 0.0010 283 190 338 264
sofa 0.0010 268 188 311 267
pottedplant 0.8809 33 188 62 248
pottedplant 0.5851 1 201 35 252
pottedplant 0.5720 0 154 37 250
pottedplant 0.2865 291 172 318 197
pottedplant 0.0564 0 216 15 252
pottedplant 0.0383 25 150 62 250
pottedplant 0.0297 283 182 293 195
pottedplant 0.0270 38 222 61 245
pottedplant 0.0242 307 179 325 199
pottedplant 0.0197 2 124 56 248
pottedplant 0.0155 5 126 42 160
pottedplant 0.0128 283 185 332 205
pottedplant 0.0103 0 152 24 217
pottedplant 0.0096 287 169 329 203
pottedplant 0.0079 321 276 346 293
pottedplant 0.0052 7 232 31 255
pottedplant 0.0048 2 232 15 254
pottedplant 0.0045 17 205 35 247
pottedplant 0.0039 271 183 320 217
pottedplant 0.0037 301 188 315 201
pottedplant 0.0037 280 189 314 205
pottedplant 0.0035 2 184 52 248
pottedplant 0.0034 309 285 353 313
pottedplant 0.0033 290 189 338 219
pottedplant 0.0033 29 193 51 238
pottedplant 0.0027 305 184 326 207
pottedplant 0.0026 45 192 64 242
pottedplant 0.0025 320 181 334 194
pottedplant 0.0025 0 123 39 215
pottedplant 0.0025 0 178 24 253
pottedplant 0.0021 276 178 302 197
pottedplant 0.0019 357 264 375 289
pottedplant 0.0018 298 169 333 192
pottedplant 0.0016 30 213 64 259
pottedplant 0.0013 75 231 81 242
pottedplant 0.0011 264 182 340 271
diningtable 0.4313 1 304 170 449
diningtable 0.2932 276 197 339 270
diningtable 0.1327 302 199 336 213
diningtable 0.0580 290 189 338 219
diningtable 0.0518 268 188 311 267
diningtable 0.0431 277 189 317 205
diningtable 0.0345 301 195 337 236
diningtable 0.0304 274 192 301 204
diningtable 0.0256 310 207 338 262
diningtable 0.0243 270 192 324 219
diningtable 0.0229 314 193 337 204
diningtable 0.0224 302 204 336 225
diningtable 0.0221 274 195 297 212
diningtable 0.0179 269 285 369 369
diningtable 0.0137 305 184 326 207
diningtable 0.0101 304 211 333 239
diningtable 0.0077 285 193 310 216
diningtable 0.0074 271 189 291 207
diningtable 0.0072 308 190 339 207
diningtable 0.0072 292 186 324 205
diningtable 0.0061 -1 432 96 500
diningtable 0.0047 306 219 330 252
diningtable 0.0044 297 196 360 275
diningtable 0.0042 315 217 336 253
diningtable 0.0039 285 216 328 272
diningtable 0.0038 270 193 291 218
diningtable 0.0038 297 209 318 244
diningtable 0.0036 283 185 313 246
diningtable 0.0036 274 168 340 242
diningtable 0.0035 297 206 319 224
diningtable 0.0035 275 200 294 230
diningtable 0.0033 269 195 291 239
diningtable 0.0032 316 233 335 258
diningtable 0.0027 320 181 334 194
diningtable 0.0024 236 176 371 314
diningtable 0.0024 290 197 307 257
diningtable 0.0022 306 173 346 235
diningtable 0.0020 11 285 153 390
diningtable 0.0020 301 188 315 201
diningtable 0.0013 300 231 316 260
diningtable 0.0013 310 224 360 263
diningtable 0.0012 316 243 334 262
diningtable 0.0012 353 223 374 231
diningtable 0.0012 334 222 375 258
diningtable 0.0011 304 238 333 266
diningtable 0.0011 10 311 150 359
diningtable 0.0011 286 172 315 198
diningtable 0.0010 267 194 293 271
diningtable 0.0010 276 205 297 247
tvmonitor 0.9949 143 209 210 260
tvmonitor 0.0039 108 198 255 278
tvmonitor 0.0021 154 219 194 249
tvmonitor 0.0010 1 432 95 500
