person 0.8930 60 286 131 374
person 0.6196 240 162 479 374
person 0.5206 139 146 233 306
person 0.3186 121 302 171 369
person 0.3183 30 315 69 374
person 0.2495 0 169 484 369
person 0.2490 0 216 46 373
person 0.2285 286 293 422 373
person 0.1843 464 326 501 374
person 0.1115 123 153 277 373
person 0.1018 146 337 212 373
person 0.0989 143 303 171 353
person 0.0901 128 306 222 371
person 0.0834 156 225 268 370
person 0.0690 397 306 485 371
person 0.0583 7 217 173 372
person 0.0510 121 320 154 371
person 0.0503 98 220 336 372
person 0.0423 221 255 433 370
person 0.0423 28 291 54 323
person 0.0349 446 254 499 371
person 0.0323 257 265 328 371
person 0.0295 472 299 499 369
person 0.0261 8 297 116 372
person 0.0241 163 178 230 258
person 0.0228 4 159 249 374
person 0.0228 219 5 431 362
person 0.0227 80 299 190 371
person 0.0215 2 215 88 371
person 0.0211 406 243 495 371
person 0.0172 414 123 438 147
person 0.0157 36 251 141 375
person 0.0156 22 285 63 341
person 0.0139 490 338 500 374
person 0.0137 469 350 500 376
person 0.0135 352 173 475 373
person 0.0127 189 245 325 374
person 0.0127 1 288 52 374
person 0.0121 204 333 234 374
person 0.0117 0 220 7 375
person 0.0112 443 237 495 310
person 0.0110 487 218 500 243
person 0.0109 98 288 392 371
person 0.0105 171 206 237 346
person 0.0104 0 161 22 354
person 0.0095 0 280 6 374
person 0.0092 152 150 224 235
person 0.0086 417 218 488 332
person 0.0084 205 295 276 372
person 0.0081 472 241 500 348
person 0.0078 15 12 414 364
person 0.0062 473 215 500 294
person 0.0061 489 234 500 265
person 0.0061 489 208 500 237
person 0.0059 436 178 461 205
person 0.0056 0 261 32 371
person 0.0056 153 98 181 142
person 0.0056 471 168 499 194
person 0.0055 109 315 128 354
person 0.0055 474 148 500 205
person 0.0054 488 301 500 373
person 0.0051 437 172 461 194
person 0.0050 449 171 493 221
person 0.0047 426 182 447 204
person 0.0046 455 156 495 194
person 0.0045 94 190 236 356
person 0.0045 444 269 488 323
person 0.0045 0 150 51 324
person 0.0044 391 84 408 103
person 0.0044 474 204 499 237
person 0.0044 411 136 447 181
person 0.0043 442 179 500 330
person 0.0043 443 315 501 378
person 0.0042 449 182 498 248
person 0.0042 148 294 292 373
person 0.0041 32 278 53 301
person 0.0041 431 166 472 220
person 0.0040 476 175 500 256
person 0.0039 436 156 458 174
person 0.0039 -6 270 490 381
person 0.0038 454 267 476 293
person 0.0036 443 240 473 297
person 0.0036 490 256 500 359
person 0.0035 395 16 499 355
person 0.0035 127 102 279 282
person 0.0034 119 319 145 354
person 0.0034 407 144 431 180
person 0.0034 418 114 438 136
person 0.0033 489 136 500 153
person 0.0032 411 118 445 160
person 0.0032 402 170 504 340
person 0.0031 389 151 409 175
person 0.0031 135 296 184 342
person 0.0030 5 175 48 223
person 0.0029 463 321 490 352
person 0.0029 461 170 493 191
person 0.0028 456 203 495 236
person 0.0028 490 128 500 142
person 0.0028 486 220 500 259
person 0.0027 467 178 500 369
car 0.0038 472 232 500 313
car 0.0032 443 237 495 310
car 0.0026 443 226 498 366
car 0.0026 489 242 500 274
car 0.0014 468 260 500 299
car 0.0010 472 267 500 362
bird 0.0014 420 9 440 45
bird 0.0013 227 0 400 314
cat 0.0020 227 0 400 314
dog 0.0679 223 12 404 306
horse 0.4622 228 1 399 313
horse 0.0045 156 225 268 370
horse 0.0036 45 221 437 373
horse 0.0025 22 3 463 371
horse 0.0018 197 78 458 379
horse 0.0012 225 7 362 205
sheep 0.0026 224 2 378 313
cow 0.0076 223 12 404 306
bottle 0.0101 441 239 474 304
bottle 0.0014 5 175 48 223
bottle 0.0012 417 218 488 332
chair 0.0295 460 154 487 168
chair 0.0256 436 156 459 174
chair 0.0155 460 141 491 152
chair 0.0147 461 165 493 183
chair 0.0112 453 141 480 152
chair 0.0099 461 147 490 159
chair 0.0084 488 149 500 160
chair 0.0077 454 144 476 158
chair 0.0076 489 136 500 153
chair 0.0057 447 145 468 158
chair 0.0048 487 155 500 169
chair 0.0046 472 169 499 193
chair 0.0042 453 163 479 181
chair 0.0039 447 141 468 152
chair 0.0037 455 156 495 194
chair 0.0035 436 139 455 152
chair 0.0035 457 144 493 163
chair 0.0030 437 172 461 194
chair 0.0028 415 169 438 194
chair 0.0026 472 139 497 153
chair 0.0023 473 146 497 160
chair 0.0023 448 137 497 180
chair 0.0022 490 128 500 142
chair 0.0022 472 155 500 169
chair 0.0022 435 145 458 158
chair 0.0020 486 158 500 188
chair 0.0020 416 166 440 182
chair 0.0017 427 144 448 161
chair 0.0014 474 129 499 140
chair 0.0013 474 148 500 205
chair 0.0013 464 127 487 141
chair 0.0012 424 152 451 173
chair 0.0011 485 144 501 164
chair 0.0010 444 162 469 182
chair 0.0010 454 170 482 192
chair 0.0010 459 175 493 207
chair 0.0010 431 153 469 205
tvmonitor 0.0020 -28 -4 527 234
