person 0.9929 291 160 415 372
person 0.9901 -1 177 118 370
person 0.9879 111 160 226 373
person 0.1585 253 83 272 110
person 0.0677 189 95 209 116
person 0.0260 176 96 213 129
person 0.0228 0 209 23 374
person 0.0224 100 207 149 301
person 0.0184 302 88 317 122
person 0.0146 91 208 131 258
person 0.0139 91 209 129 303
person 0.0131 7 74 482 280
person 0.0128 296 91 313 121
person 0.0125 0 196 8 380
person 0.0125 424 123 429 131
person 0.0119 329 96 353 128
person 0.0112 265 74 302 116
person 0.0103 88 214 124 376
person 0.0090 333 90 366 126
person 0.0082 249 78 276 117
person 0.0079 302 79 324 116
person 0.0079 105 198 174 311
person 0.0068 0 247 15 376
person 0.0060 101 216 161 367
person 0.0057 212 80 224 93
person 0.0056 72 191 141 359
person 0.0056 219 81 225 91
person 0.0050 0 173 27 301
person 0.0030 108 229 132 305
person 0.0030 109 141 117 153
person 0.0027 0 208 6 232
person 0.0026 85 199 131 241
person 0.0025 0 175 47 375
person 0.0024 103 206 137 233
person 0.0023 116 155 129 176
person 0.0023 95 197 154 243
person 0.0023 68 170 196 293
person 0.0021 434 189 443 195
person 0.0021 109 259 135 365
person 0.0020 256 80 289 113
person 0.0020 324 98 343 128
person 0.0020 312 80 328 113
person 0.0018 113 186 171 246
person 0.0017 192 81 216 113
person 0.0016 277 89 309 119
person 0.0016 370 110 389 125
person 0.0016 -1 198 31 242
person 0.0015 149 173 167 214
person 0.0015 32 158 468 364
person 0.0014 193 80 240 124
person 0.0014 0 198 9 244
person 0.0014 257 249 274 287
person 0.0014 110 157 132 182
person 0.0014 321 87 358 127
person 0.0013 206 80 213 94
person 0.0013 309 85 332 124
person 0.0012 233 125 242 141
person 0.0012 0 296 9 375
person 0.0011 268 73 299 99
person 0.0011 247 87 268 118
person 0.0011 118 206 160 233
person 0.0011 0 188 8 291
person 0.0011 393 201 402 225
person 0.0010 207 82 226 109
person 0.0010 0 127 20 266
person 0.0010 114 224 142 310
car 0.0014 0 195 115 380
aeroplane 0.9438 -6 62 493 249
aeroplane 0.0058 -2 114 57 348
aeroplane 0.0038 -2 105 137 250
aeroplane 0.0020 0 111 54 206
aeroplane 0.0019 0 157 121 365
aeroplane 0.0012 0 154 193 307
aeroplane 0.0012 -11 111 260 241
aeroplane 0.0010 0 107 18 206
