person 0.0197 16 0 261 98
person 0.0048 82 22 250 92
person 0.0033 -2 5 100 121
person 0.0017 53 24 463 376
person 0.0016 0 2 23 114
person 0.0013 440 52 500 234
person 0.0012 384 24 500 356
person 0.0012 106 -3 310 88
person 0.0011 40 1 377 131
person 0.0011 0 0 67 43
motorbike 0.0011 41 60 473 372
horse 0.0010 80 26 486 374
bottle 0.0034 0 184 30 373
bottle 0.0032 -1 2 99 119
bottle 0.0015 0 0 23 91
bottle 0.0011 0 67 96 221
chair 0.0113 -1 2 99 120
chair 0.0048 40 231 476 370
chair 0.0044 390 99 500 356
chair 0.0043 54 24 462 377
chair 0.0039 82 22 250 92
chair 0.0036 21 6 252 109
chair 0.0032 491 217 500 286
chair 0.0030 274 0 503 130
chair 0.0023 0 0 23 91
chair 0.0015 0 2 70 75
chair 0.0013 0 67 96 221
chair 0.0010 450 280 499 375
sofa 0.0023 27 163 486 371
pottedplant 0.0322 440 52 500 234
pottedplant 0.0214 80 26 486 374
pottedplant 0.0090 384 24 500 356
pottedplant 0.0039 433 60 502 382
pottedplant 0.0031 275 0 502 130
pottedplant 0.0029 406 5 499 231
pottedplant 0.0019 395 231 500 371
pottedplant 0.0019 303 -3 500 302
pottedplant 0.0015 0 184 30 373
diningtable 0.0452 0 159 103 375
diningtable 0.0381 41 60 473 372
diningtable 0.0054 40 231 476 370
diningtable 0.0024 0 60 180 377
diningtable 0.0023 492 197 499 264
diningtable 0.0018 41 238 172 371
diningtable 0.0018 0 185 42 369
diningtable 0.0018 0 67 96 221
diningtable 0.0017 491 219 500 284
diningtable 0.0015 31 162 226 373
diningtable 0.0012 0 2 98 119
diningtable 0.0010 492 204 499 236
