person 0.9630 99 77 184 240
person 0.8744 122 67 252 320
person 0.6234 109 141 492 333
person 0.3086 215 182 409 303
person 0.0587 120 183 365 326
person 0.0210 295 183 413 281
person 0.0152 -1 245 74 312
person 0.0119 269 141 473 320
person 0.0100 225 188 340 280
person 0.0088 323 204 389 261
person 0.0074 243 176 385 265
person 0.0052 117 132 176 258
person 0.0050 176 75 254 249
person 0.0047 153 252 363 328
person 0.0046 81 94 202 294
person 0.0042 140 83 234 239
person 0.0042 313 258 357 293
person 0.0036 136 107 181 198
person 0.0034 270 237 371 309
person 0.0032 124 181 222 320
person 0.0032 112 247 261 330
person 0.0027 368 127 500 334
person 0.0025 0 123 19 306
person 0.0019 155 229 475 330
person 0.0018 283 208 301 235
person 0.0017 -1 143 123 288
person 0.0016 291 208 377 293
person 0.0016 484 84 500 344
person 0.0016 -4 128 68 303
person 0.0014 238 208 310 269
person 0.0014 140 92 337 298
person 0.0012 352 208 393 259
person 0.0011 114 292 213 332
person 0.0011 10 80 204 236
person 0.0011 0 244 19 310
person 0.0010 137 156 178 237
person 0.0010 72 39 430 307
person 0.0010 278 187 304 234
cat 0.0094 -2 246 76 312
dog 0.0662 -2 246 76 312
dog 0.0019 0 262 20 310
bottle 0.0927 45 118 55 164
bottle 0.0070 284 214 298 229
bottle 0.0067 16 133 49 167
bottle 0.0043 46 119 55 144
bottle 0.0034 285 220 301 236
bottle 0.0030 99 154 106 169
bottle 0.0029 38 121 51 164
bottle 0.0029 18 154 28 170
bottle 0.0028 158 166 178 198
bottle 0.0028 37 116 59 168
bottle 0.0026 250 215 260 228
bottle 0.0025 248 193 258 222
bottle 0.0023 16 136 34 168
bottle 0.0020 281 214 292 226
bottle 0.0018 266 216 277 224
bottle 0.0015 241 181 253 219
bottle 0.0013 283 208 301 235
bottle 0.0013 253 263 299 307
bottle 0.0012 315 259 358 293
bottle 0.0011 268 260 283 271
chair 0.1220 215 182 409 303
chair 0.0417 0 167 121 297
chair 0.0357 164 153 461 323
chair 0.0314 15 133 49 168
chair 0.0109 139 162 175 232
chair 0.0109 124 181 222 320
chair 0.0106 323 204 389 261
chair 0.0095 158 165 178 198
chair 0.0084 147 164 171 215
chair 0.0077 117 246 293 330
chair 0.0068 241 181 253 220
chair 0.0053 122 139 173 250
chair 0.0043 241 199 251 222
chair 0.0043 172 224 396 327
chair 0.0039 134 71 255 317
chair 0.0033 287 193 384 270
chair 0.0032 245 131 257 173
chair 0.0028 106 176 318 326
chair 0.0023 2 245 77 312
chair 0.0022 100 75 185 263
chair 0.0021 255 262 302 309
chair 0.0020 234 259 293 317
chair 0.0018 207 257 318 319
chair 0.0016 384 225 500 330
chair 0.0016 121 201 177 312
chair 0.0015 313 258 357 293
chair 0.0014 0 119 20 192
chair 0.0014 352 208 393 259
chair 0.0013 0 157 14 169
chair 0.0013 240 176 255 206
chair 0.0012 306 229 336 268
chair 0.0012 239 253 315 304
chair 0.0012 408 284 501 332
chair 0.0012 137 175 158 238
chair 0.0010 251 198 277 222
chair 0.0010 256 163 305 228
chair 0.0010 234 196 329 306
sofa 0.2929 215 182 409 303
sofa 0.1609 164 153 461 323
sofa 0.0282 135 230 368 328
sofa 0.0151 323 202 390 262
sofa 0.0149 295 183 413 281
sofa 0.0099 2 147 122 286
sofa 0.0084 207 257 318 319
sofa 0.0068 216 231 506 332
sofa 0.0067 384 225 500 330
sofa 0.0065 112 249 286 329
sofa 0.0055 120 201 201 312
sofa 0.0051 255 262 302 309
sofa 0.0051 243 180 384 260
sofa 0.0050 106 176 318 326
sofa 0.0039 408 284 501 332
sofa 0.0036 239 253 315 304
sofa 0.0031 132 74 257 309
sofa 0.0030 234 259 293 317
sofa 0.0027 15 133 49 168
sofa 0.0026 270 237 371 309
sofa 0.0021 142 281 501 334
sofa 0.0015 291 208 377 293
sofa 0.0015 -1 245 74 312
sofa 0.0014 368 127 500 334
sofa 0.0014 163 196 280 273
sofa 0.0012 313 258 357 293
sofa 0.0011 124 202 272 308
sofa 0.0011 437 163 500 329
pottedplant 0.0058 248 219 278 236
pottedplant 0.0022 253 215 275 227
pottedplant 0.0014 247 212 279 230
pottedplant 0.0011 22 162 80 180
diningtable 0.4310 2 147 122 286
diningtable 0.0467 1 154 126 199
diningtable 0.0202 247 218 279 237
diningtable 0.0108 -11 170 117 187
diningtable 0.0066 22 162 80 180
diningtable 0.0061 7 161 115 182
diningtable 0.0046 247 212 279 230
diningtable 0.0046 0 113 128 203
diningtable 0.0041 78 157 131 264
diningtable 0.0037 82 160 126 184
diningtable 0.0031 49 158 129 189
diningtable 0.0028 253 215 275 227
diningtable 0.0023 65 162 118 181
diningtable 0.0022 0 165 67 179
diningtable 0.0020 238 215 306 241
diningtable 0.0019 65 161 96 179
diningtable 0.0019 1 106 188 231
diningtable 0.0017 156 191 364 278
diningtable 0.0016 56 148 152 252
diningtable 0.0011 4 126 92 185
diningtable 0.0011 0 157 14 169
diningtable 0.0011 15 133 49 168
diningtable 0.0011 251 198 277 222
diningtable 0.0011 2 245 77 312
diningtable 0.0010 0 165 11 176
diningtable 0.0010 4 167 46 178
tvmonitor 0.0163 245 131 257 174
tvmonitor 0.0016 236 129 257 183
