person 0.9745 62 100 379 404
person 0.0016 467 75 501 139
person 0.0013 480 114 500 356
bottle 0.1087 415 323 436 352
bottle 0.0072 406 323 435 374
bottle 0.0040 412 344 439 371
bottle 0.0032 486 291 500 343
bottle 0.0025 474 283 499 352
bottle 0.0022 435 277 494 400
chair 0.4980 20 179 159 411
chair 0.2700 55 354 163 414
chair 0.1897 50 158 375 405
chair 0.0298 425 278 450 340
chair 0.0093 426 276 488 342
chair 0.0077 21 118 237 387
chair 0.0065 426 272 492 396
chair 0.0020 284 323 342 347
chair 0.0014 17 302 492 415
chair 0.0013 49 326 370 407
chair 0.0011 24 188 116 354
chair 0.0011 480 278 500 356
chair 0.0010 51 275 161 428
sofa 0.0155 69 137 405 413
sofa 0.0103 19 179 151 369
sofa 0.0036 36 172 249 415
sofa 0.0017 62 353 158 415
pottedplant 0.1205 410 94 495 333
pottedplant 0.0147 428 151 481 324
pottedplant 0.0037 468 76 500 139
pottedplant 0.0019 437 285 492 404
pottedplant 0.0018 417 1 495 33
pottedplant 0.0010 424 219 490 343
pottedplant 0.0010 441 158 498 350
diningtable 0.5654 205 309 500 415
diningtable 0.0805 316 315 408 376
diningtable 0.0231 306 342 365 386
diningtable 0.0166 145 248 526 414
diningtable 0.0107 209 139 505 424
diningtable 0.0063 282 325 431 412
diningtable 0.0056 428 281 490 411
diningtable 0.0044 442 341 492 406
diningtable 0.0037 280 351 354 398
diningtable 0.0031 157 355 415 416
diningtable 0.0027 478 330 500 409
diningtable 0.0023 413 97 496 371
diningtable 0.0020 212 334 390 408
diningtable 0.0016 448 370 494 406
diningtable 0.0014 216 345 494 463
diningtable 0.0013 480 298 500 361
diningtable 0.0012 338 321 399 367
diningtable 0.0010 435 341 472 390
diningtable 0.0010 473 322 500 355
