person 0.9993 324 93 375 229
person 0.9908 96 142 137 217
person 0.2337 56 104 62 113
person 0.2278 70 100 74 109
person 0.1005 53 105 59 112
person 0.0446 56 107 62 115
person 0.0243 128 99 134 106
person 0.0182 135 99 144 106
person 0.0065 53 107 59 115
person 0.0026 136 97 143 102
person 0.0014 98 163 124 200
person 0.0011 52 97 66 118
bird 0.0416 471 187 477 198
bird 0.0403 70 100 74 109
bird 0.0159 56 104 62 113
bird 0.0107 446 207 452 221
bird 0.0102 19 194 27 206
bird 0.0099 53 105 59 112
bird 0.0097 135 99 144 106
bird 0.0082 56 107 62 115
bird 0.0067 263 188 268 200
bird 0.0057 128 99 134 106
bird 0.0043 241 170 247 177
bird 0.0027 168 161 172 168
bird 0.0027 204 177 212 183
bird 0.0025 174 181 182 188
bird 0.0025 384 202 397 219
bird 0.0022 308 142 314 148
bird 0.0022 53 107 59 115
bird 0.0021 402 219 410 228
bird 0.0013 144 180 147 187
bird 0.0012 136 97 143 102
dog 0.0106 70 100 74 109
dog 0.0084 135 99 144 106
dog 0.0061 56 104 62 113
dog 0.0057 53 105 59 112
dog 0.0044 56 107 62 115
dog 0.0037 128 99 134 106
dog 0.0017 96 138 137 214
horse 0.0192 135 99 144 106
horse 0.0144 70 100 74 109
horse 0.0085 56 104 62 113
horse 0.0068 128 99 134 106
horse 0.0049 53 105 59 112
horse 0.0022 56 107 62 115
horse 0.0010 96 138 137 214
sheep 0.4201 135 99 144 106
sheep 0.2139 70 100 74 109
sheep 0.2031 128 99 134 106
sheep 0.1096 56 104 62 113
sheep 0.0795 53 105 59 112
sheep 0.0460 56 107 62 115
sheep 0.0357 317 95 371 226
sheep 0.0348 136 97 143 102
sheep 0.0155 53 107 59 115
sheep 0.0147 471 187 477 198
sheep 0.0138 446 207 452 221
sheep 0.0122 128 97 134 102
sheep 0.0090 241 170 247 177
sheep 0.0055 308 142 314 148
sheep 0.0046 19 194 27 206
sheep 0.0041 2 85 176 119
sheep 0.0041 263 188 268 200
sheep 0.0028 11 84 336 209
sheep 0.0026 204 177 212 183
sheep 0.0026 212 94 220 98
sheep 0.0023 22 82 481 143
sheep 0.0016 66 83 76 88
sheep 0.0014 123 185 130 193
sheep 0.0013 46 82 320 122
sheep 0.0010 2 86 123 209
cow 0.1856 135 99 144 106
cow 0.0581 70 100 74 109
cow 0.0518 128 99 134 106
cow 0.0261 56 104 62 113
cow 0.0144 53 105 59 112
cow 0.0110 136 97 143 102
cow 0.0054 56 107 62 115
cow 0.0037 317 95 371 226
cow 0.0023 128 97 134 102
cow 0.0013 53 107 59 115
bottle 0.0207 297 238 307 256
