person 0.0040 22 147 45 159
person 0.0031 0 158 7 170
person 0.0011 27 148 58 162
person 0.0011 87 218 107 238
bicycle 0.9875 51 87 424 365
bicycle 0.0079 98 144 379 327
bicycle 0.0042 189 153 360 283
bicycle 0.0033 191 128 468 319
bicycle 0.0023 53 106 237 361
bicycle 0.0017 132 162 278 274
bicycle 0.0013 101 96 296 179
car 0.0779 87 164 114 177
car 0.0213 41 153 67 169
car 0.0098 408 133 421 151
car 0.0060 22 147 45 159
car 0.0058 41 150 67 162
car 0.0055 0 146 28 157
car 0.0044 16 152 70 173
car 0.0031 405 127 418 147
car 0.0031 -2 146 48 160
car 0.0029 0 158 7 170
car 0.0028 27 148 58 162
car 0.0027 0 147 11 159
car 0.0024 11 156 36 170
car 0.0024 12 148 73 163
car 0.0024 0 145 61 174
car 0.0023 97 163 118 178
car 0.0020 83 166 104 175
car 0.0016 11 147 118 177
car 0.0013 0 155 27 171
car 0.0012 269 124 337 143
car 0.0012 1 153 46 171
boat 0.0038 440 110 500 166
boat 0.0036 472 135 500 169
boat 0.0021 157 142 296 162
boat 0.0018 0 146 28 157
boat 0.0017 -2 146 48 160
boat 0.0017 51 72 434 333
boat 0.0014 186 140 285 152
dog 0.0013 374 122 408 158
bottle 0.9532 195 193 246 248
bottle 0.8838 247 185 277 249
bottle 0.0366 265 194 293 243
bottle 0.0362 195 191 212 211
bottle 0.0192 185 196 231 239
bottle 0.0111 178 195 263 263
bottle 0.0062 231 214 252 247
bottle 0.0046 212 208 258 255
bottle 0.0041 219 178 303 254
bottle 0.0036 204 186 272 251
bottle 0.0033 178 176 228 226
bottle 0.0031 263 185 279 199
bottle 0.0031 175 192 198 213
bottle 0.0030 132 162 278 274
bottle 0.0029 200 194 233 230
bottle 0.0027 176 210 236 258
bottle 0.0024 228 223 247 252
bottle 0.0023 263 185 279 214
bottle 0.0023 172 193 187 214
bottle 0.0022 193 183 206 206
bottle 0.0020 193 192 219 229
bottle 0.0019 209 201 241 240
bottle 0.0016 228 203 258 241
bottle 0.0016 189 178 208 209
bottle 0.0016 251 190 298 270
bottle 0.0014 163 173 205 219
bottle 0.0012 99 93 304 304
bottle 0.0012 180 166 259 237
bottle 0.0011 261 136 271 149
bottle 0.0011 197 152 323 249
bottle 0.0010 161 178 210 253
bottle 0.0010 265 186 283 235
chair 0.0063 408 152 499 283
chair 0.0043 98 144 379 327
chair 0.0012 132 162 278 274
pottedplant 0.0039 247 61 273 139
diningtable 0.0032 64 75 425 328
diningtable 0.0020 185 144 305 160
diningtable 0.0010 189 140 298 152
diningtable 0.0010 99 110 329 276
