person 0.0033 179 0 289 57
aeroplane 0.0012 61 118 429 345
chair 0.0094 72 128 422 336
chair 0.0076 63 145 435 240
chair 0.0036 71 126 200 333
chair 0.0032 306 175 499 371
chair 0.0027 442 201 500 374
chair 0.0020 68 136 198 240
chair 0.0018 173 0 279 57
chair 0.0010 186 314 300 376
chair 0.0010 40 13 473 282
chair 0.0010 147 7 342 191
diningtable 0.0020 72 128 422 336
tvmonitor 0.1973 168 0 308 81
tvmonitor 0.1231 162 -2 319 144
tvmonitor 0.0069 68 136 198 240
tvmonitor 0.0060 175 43 278 93
tvmonitor 0.0059 122 162 433 231
tvmonitor 0.0026 167 1 269 57
tvmonitor 0.0013 55 129 445 255
tvmonitor 0.0013 311 0 500 163
tvmonitor 0.0011 91 5 332 213
tvmonitor 0.0011 98 147 403 367
