person 0.0692 59 249 69 255
person 0.0358 69 170 79 192
person 0.0278 37 175 48 192
person 0.0259 195 221 202 227
person 0.0206 204 220 210 227
person 0.0172 185 223 192 234
person 0.0149 191 222 202 233
person 0.0132 174 225 182 233
person 0.0130 161 217 169 228
person 0.0116 184 216 191 227
person 0.0094 162 224 172 232
person 0.0086 0 224 5 241
person 0.0077 200 228 209 250
person 0.0072 202 222 213 235
person 0.0062 201 245 206 250
person 0.0052 195 226 203 249
person 0.0046 58 173 68 191
person 0.0044 0 233 5 243
person 0.0038 113 226 122 235
person 0.0037 334 215 349 227
person 0.0035 157 217 166 228
person 0.0031 174 217 183 228
person 0.0029 71 171 85 193
person 0.0029 126 207 133 220
person 0.0029 47 174 56 191
person 0.0028 146 183 156 201
person 0.0025 65 167 81 194
person 0.0024 322 216 338 229
person 0.0023 126 213 134 226
person 0.0020 60 249 77 255
person 0.0019 151 223 167 233
person 0.0018 176 199 182 205
person 0.0017 32 173 40 191
person 0.0017 0 205 6 239
person 0.0016 109 228 117 234
person 0.0013 59 253 69 258
person 0.0012 330 212 371 230
person 0.0012 119 214 125 223
person 0.0012 119 206 126 220
person 0.0011 492 206 500 217
car 0.0015 334 215 349 227
car 0.0011 383 225 411 235
car 0.0010 492 206 500 217
boat 0.8655 209 116 322 246
boat 0.7876 2 119 213 251
boat 0.4540 383 225 411 235
boat 0.0985 -1 221 32 241
boat 0.0713 0 233 5 243
boat 0.0598 0 231 31 244
boat 0.0485 320 207 387 236
boat 0.0449 0 198 31 242
boat 0.0443 211 198 321 245
boat 0.0407 334 215 349 227
boat 0.0359 0 224 5 241
boat 0.0358 492 206 500 217
boat 0.0344 7 178 198 254
boat 0.0316 91 229 205 251
boat 0.0311 59 249 69 255
boat 0.0310 393 224 421 233
boat 0.0284 491 212 500 227
boat 0.0266 382 212 413 233
boat 0.0264 321 222 383 237
boat 0.0203 322 216 338 229
boat 0.0163 395 168 499 233
boat 0.0144 330 212 371 230
boat 0.0143 3 189 123 249
boat 0.0115 417 211 496 232
boat 0.0114 381 224 431 235
boat 0.0102 402 217 417 230
boat 0.0096 400 199 499 236
boat 0.0089 427 220 445 228
boat 0.0084 0 205 6 239
boat 0.0083 413 222 499 235
boat 0.0082 426 225 444 230
boat 0.0082 408 216 424 229
boat 0.0079 322 224 339 231
boat 0.0072 339 225 380 234
boat 0.0071 201 245 206 250
boat 0.0069 473 216 497 226
boat 0.0067 490 187 500 218
boat 0.0061 33 115 387 250
boat 0.0060 404 224 428 231
boat 0.0057 343 208 393 231
boat 0.0054 5 140 131 251
boat 0.0051 493 221 500 235
boat 0.0051 451 212 500 230
boat 0.0050 416 218 440 228
boat 0.0048 450 172 500 228
boat 0.0045 324 224 356 233
boat 0.0044 25 218 219 251
boat 0.0042 320 215 328 230
boat 0.0040 401 214 474 230
boat 0.0040 375 219 498 241
boat 0.0036 0 198 6 225
boat 0.0035 392 213 442 230
boat 0.0034 446 215 488 228
boat 0.0031 417 224 441 231
boat 0.0030 440 225 473 231
boat 0.0029 443 224 491 233
boat 0.0029 364 203 429 237
boat 0.0029 313 201 498 244
boat 0.0027 488 201 501 222
boat 0.0027 60 135 453 301
boat 0.0027 320 213 344 230
boat 0.0026 473 170 500 225
boat 0.0026 180 198 480 245
boat 0.0024 473 204 499 220
boat 0.0023 59 253 69 258
boat 0.0020 312 217 431 241
boat 0.0019 98 217 183 244
boat 0.0019 60 249 77 255
boat 0.0018 179 126 478 244
boat 0.0018 430 217 464 229
boat 0.0017 319 232 384 243
boat 0.0017 472 192 501 235
boat 0.0016 87 238 209 254
boat 0.0016 382 234 414 239
boat 0.0015 489 164 500 221
boat 0.0015 200 228 209 250
boat 0.0015 89 188 229 249
boat 0.0014 451 220 499 237
boat 0.0013 473 188 499 216
boat 0.0013 103 137 218 252
boat 0.0013 176 199 182 205
boat 0.0013 207 245 221 250
boat 0.0012 6 180 417 257
boat 0.0012 183 178 214 184
boat 0.0011 455 207 476 218
boat 0.0011 473 223 499 234
boat 0.0011 320 222 327 233
boat 0.0011 210 232 221 248
boat 0.0010 449 207 467 218
bird 0.0090 59 249 69 255
bird 0.0031 59 253 69 258
