person 0.9791 -1 117 34 305
person 0.9756 50 123 98 266
person 0.9516 65 4 338 368
person 0.5344 9 101 35 145
person 0.0201 0 111 32 163
person 0.0116 6 99 36 186
person 0.0113 23 101 37 145
person 0.0056 0 117 13 151
person 0.0052 1 130 31 175
person 0.0051 0 174 7 305
person 0.0044 136 92 264 298
person 0.0039 321 184 328 197
person 0.0038 64 142 100 209
person 0.0038 4 91 22 120
person 0.0036 0 113 11 138
person 0.0035 0 128 34 218
person 0.0033 71 278 95 374
person 0.0033 0 210 33 307
person 0.0028 0 230 5 289
person 0.0027 120 58 307 233
person 0.0026 0 100 9 130
person 0.0025 324 185 333 199
person 0.0025 153 93 248 222
person 0.0022 -5 81 59 163
person 0.0022 0 122 8 262
person 0.0022 0 93 10 118
person 0.0019 -1 118 17 168
person 0.0019 25 110 101 327
person 0.0015 11 99 34 116
person 0.0013 82 138 96 149
person 0.0013 -16 112 116 279
person 0.0011 0 219 4 261
person 0.0011 35 96 155 290
person 0.0011 0 279 33 310
person 0.0011 493 255 499 285
person 0.0011 0 129 11 215
person 0.0011 70 137 107 247
person 0.0011 64 134 98 173
person 0.0010 81 148 100 182
person 0.0010 0 255 8 303
person 0.0010 7 141 35 183
person 0.0010 0 71 26 135
bicycle 0.0030 0 284 33 309
car 0.0035 54 69 361 366
car 0.0010 41 234 395 371
motorbike 0.0012 71 278 107 372
bus 0.0038 0 112 40 290
bus 0.0014 0 13 60 209
boat 0.0055 281 251 385 369
boat 0.0035 306 169 498 366
boat 0.0028 309 184 371 251
boat 0.0016 293 153 385 313
boat 0.0015 65 239 411 369
chair 0.0064 281 251 385 369
chair 0.0012 70 277 96 374
chair 0.0011 44 236 392 369
tvmonitor 0.0013 40 66 70 98
tvmonitor 0.0011 0 93 10 118
