person 0.9810 208 55 322 228
person 0.9503 -1 32 72 242
person 0.5945 128 85 169 202
person 0.1473 0 1 9 52
person 0.1076 128 93 167 140
person 0.0672 0 5 16 236
person 0.0235 87 83 171 147
person 0.0151 0 3 15 75
person 0.0113 81 86 172 203
person 0.0089 0 0 30 53
person 0.0074 0 42 9 225
person 0.0045 0 0 8 114
person 0.0038 0 70 8 157
person 0.0027 17 75 178 209
person 0.0015 0 48 58 148
person 0.0015 78 86 140 127
person 0.0014 184 132 349 252
person 0.0013 127 54 385 186
person 0.0013 142 141 173 205
person 0.0010 0 -16 25 179
person 0.0010 206 120 243 168
person 0.0010 0 121 62 256
person 0.0010 2 63 46 100
person 0.0010 58 33 450 215
bicycle 0.9865 194 134 352 254
bicycle 0.6229 -1 124 122 267
bicycle 0.0832 0 37 86 252
bicycle 0.0124 37 141 159 220
bicycle 0.0081 0 107 64 249
bicycle 0.0072 0 147 22 243
bicycle 0.0069 35 176 125 261
bicycle 0.0068 0 74 18 238
bicycle 0.0042 212 55 330 229
bicycle 0.0038 0 169 57 256
bicycle 0.0031 0 105 8 221
bicycle 0.0016 2 146 42 236
bicycle 0.0015 0 178 106 282
bicycle 0.0014 17 75 178 209
bicycle 0.0014 0 142 7 202
bicycle 0.0014 441 130 500 190
car 0.0018 17 75 178 209
car 0.0010 85 82 171 152
motorbike 0.0032 0 37 86 252
motorbike 0.0022 191 131 343 256
motorbike 0.0013 -1 122 123 269
bus 0.0156 207 56 323 228
bus 0.0037 58 33 450 215
bus 0.0022 127 54 385 186
bus 0.0021 18 85 179 204
bus 0.0012 1 10 80 238
bus 0.0012 94 68 256 168
bus 0.0010 133 83 179 204
train 0.0025 207 56 323 228
bottle 0.0012 268 168 285 199
chair 0.0011 0 37 86 252
