person 0.0015 -1 85 67 195
person 0.0012 79 202 100 223
person 0.0010 0 77 28 163
bicycle 0.9836 42 79 367 367
bicycle 0.2476 -1 87 67 211
bicycle 0.0445 -1 93 68 358
bicycle 0.0227 0 77 44 122
bicycle 0.0222 201 72 369 306
bicycle 0.0213 0 93 47 156
bicycle 0.0166 41 182 205 340
bicycle 0.0105 0 67 111 240
bicycle 0.0084 0 93 27 186
bicycle 0.0053 0 38 54 166
bicycle 0.0042 0 128 24 226
bicycle 0.0041 15 133 174 321
bicycle 0.0037 2 133 64 192
bicycle 0.0037 26 130 153 246
bicycle 0.0034 40 112 139 195
bicycle 0.0034 5 93 128 183
bicycle 0.0032 29 77 242 293
bicycle 0.0028 34 243 173 343
bicycle 0.0025 -1 93 34 137
bicycle 0.0025 2 122 80 269
bicycle 0.0023 0 83 33 232
bicycle 0.0020 108 254 246 360
bicycle 0.0018 122 95 284 219
bicycle 0.0018 62 212 116 254
bicycle 0.0017 11 108 71 178
bicycle 0.0016 2 103 43 125
bicycle 0.0016 0 108 27 141
bicycle 0.0016 0 110 12 158
bicycle 0.0014 0 130 12 178
bicycle 0.0014 295 158 366 313
bicycle 0.0014 208 143 270 211
bicycle 0.0013 25 90 107 159
bicycle 0.0013 54 242 289 368
bicycle 0.0011 80 182 168 246
bicycle 0.0010 0 107 9 143
bicycle 0.0010 53 107 74 139
bicycle 0.0010 51 185 162 287
motorbike 0.0241 41 79 369 367
motorbike 0.0161 -1 87 67 211
motorbike 0.0039 0 77 44 122
motorbike 0.0014 -2 71 70 314
motorbike 0.0011 0 38 54 166
bottle 0.0279 237 261 271 317
bottle 0.0169 107 104 133 150
bottle 0.0097 64 108 74 137
bottle 0.0035 249 151 262 176
bottle 0.0029 75 134 88 152
bottle 0.0027 234 237 283 316
bottle 0.0025 68 134 76 152
bottle 0.0020 221 158 251 186
bottle 0.0019 61 109 78 155
bottle 0.0017 261 143 271 168
bottle 0.0016 263 108 278 127
bottle 0.0016 208 143 270 211
bottle 0.0013 231 147 255 181
bottle 0.0013 215 129 263 186
bottle 0.0010 256 146 271 176
bottle 0.0010 55 107 73 139
chair 0.0545 354 203 500 377
chair 0.0069 0 127 67 198
chair 0.0053 0 77 44 122
chair 0.0050 0 65 56 178
chair 0.0047 0 118 65 274
chair 0.0042 214 90 235 119
chair 0.0028 214 105 240 130
chair 0.0027 0 149 11 178
chair 0.0025 0 77 28 163
chair 0.0024 213 103 225 130
chair 0.0020 0 93 47 156
chair 0.0019 220 107 249 129
chair 0.0018 0 93 33 137
chair 0.0017 0 106 25 209
chair 0.0016 481 252 500 375
chair 0.0015 214 114 222 129
chair 0.0015 0 150 24 241
chair 0.0014 225 93 244 113
chair 0.0013 0 152 60 366
chair 0.0012 206 113 264 153
chair 0.0012 210 111 227 133
chair 0.0012 201 110 235 135
chair 0.0011 0 61 6 108
chair 0.0011 477 169 500 380
chair 0.0011 0 107 9 143
chair 0.0010 0 123 11 165
chair 0.0010 485 304 500 370
chair 0.0010 116 152 141 174
sofa 0.7615 355 187 499 362
sofa 0.0014 477 169 500 380
sofa 0.0012 481 252 500 375
sofa 0.0011 0 157 93 360
pottedplant 0.0513 -1 93 68 358
pottedplant 0.0164 0 93 67 220
pottedplant 0.0061 0 81 44 130
pottedplant 0.0044 2 122 80 269
pottedplant 0.0038 0 65 56 178
pottedplant 0.0031 0 118 24 352
pottedplant 0.0027 221 157 251 186
pottedplant 0.0025 134 82 344 282
pottedplant 0.0021 237 244 276 315
pottedplant 0.0019 0 150 24 241
pottedplant 0.0018 0 93 47 156
pottedplant 0.0015 0 167 50 275
pottedplant 0.0014 0 108 135 282
pottedplant 0.0013 4 82 40 108
pottedplant 0.0013 296 177 368 299
pottedplant 0.0010 11 108 71 178
diningtable 0.0086 42 150 136 194
diningtable 0.0069 26 130 153 246
diningtable 0.0029 40 112 139 195
diningtable 0.0029 188 305 456 370
diningtable 0.0020 9 89 171 286
diningtable 0.0018 42 249 462 363
diningtable 0.0017 55 134 141 185
diningtable 0.0014 41 143 142 166
diningtable 0.0014 0 65 56 178
diningtable 0.0010 27 81 344 361
diningtable 0.0010 -1 85 97 279
tvmonitor 0.0163 0 61 6 108
tvmonitor 0.0011 0 61 34 110
