person 0.0056 389 177 403 188
person 0.0050 465 173 470 180
person 0.0041 464 175 471 184
person 0.0035 406 176 425 188
person 0.0029 332 177 349 189
person 0.0029 234 164 242 180
person 0.0024 84 164 98 177
person 0.0023 0 153 6 177
person 0.0021 420 181 434 188
person 0.0020 373 174 402 189
person 0.0019 108 173 134 194
person 0.0017 34 162 48 181
person 0.0015 427 181 450 189
person 0.0015 338 175 379 191
person 0.0014 355 176 385 190
person 0.0014 238 165 245 180
person 0.0012 436 181 455 189
person 0.0012 88 163 112 178
person 0.0012 119 174 136 192
person 0.0010 90 165 129 180
person 0.0010 107 168 128 179
car 0.7763 400 176 421 188
car 0.6226 338 175 379 191
car 0.5455 368 175 394 189
car 0.3574 389 177 403 188
car 0.3357 436 181 455 189
car 0.2825 420 181 434 188
car 0.2612 427 181 450 189
car 0.2301 355 176 385 190
car 0.0920 55 165 133 196
car 0.0655 437 185 454 191
car 0.0592 332 177 349 189
car 0.0509 476 177 496 185
car 0.0489 478 190 494 197
car 0.0461 454 189 465 195
car 0.0440 318 179 346 188
car 0.0386 448 177 464 185
car 0.0324 272 181 291 189
car 0.0315 492 177 500 185
car 0.0228 34 162 48 181
car 0.0218 56 174 85 194
car 0.0198 121 159 201 196
car 0.0187 416 179 459 190
car 0.0122 456 190 469 197
car 0.0111 492 188 500 198
car 0.0108 154 163 203 194
car 0.0106 369 173 389 180
car 0.0080 464 175 471 184
car 0.0078 297 171 447 191
car 0.0077 463 177 491 184
car 0.0076 266 167 524 192
car 0.0067 423 185 454 191
car 0.0065 322 176 362 189
car 0.0062 474 175 499 188
car 0.0057 37 166 65 180
car 0.0056 385 174 409 189
car 0.0056 108 173 134 194
car 0.0051 417 178 437 189
car 0.0050 55 175 72 190
car 0.0048 87 170 133 196
car 0.0042 475 186 498 199
car 0.0038 0 153 6 177
car 0.0038 306 161 495 201
car 0.0037 494 165 500 183
car 0.0032 461 189 492 197
car 0.0029 5 156 498 215
car 0.0026 493 194 500 204
car 0.0026 272 185 290 191
car 0.0026 359 173 381 179
car 0.0022 474 172 497 181
car 0.0022 375 172 401 180
car 0.0022 2 185 42 196
car 0.0020 33 161 50 172
car 0.0020 420 185 436 190
car 0.0019 2 161 44 180
car 0.0018 96 171 159 194
car 0.0018 418 183 458 194
car 0.0017 90 165 129 180
car 0.0017 435 176 476 190
car 0.0017 344 168 401 191
car 0.0016 445 185 506 200
car 0.0016 453 174 501 187
car 0.0014 0 186 9 197
car 0.0013 26 161 45 181
car 0.0013 349 185 372 192
car 0.0012 465 173 470 180
car 0.0011 449 173 463 180
car 0.0011 400 171 418 180
car 0.0011 487 171 500 194
car 0.0011 447 186 469 197
car 0.0011 22 161 46 171
car 0.0011 357 184 382 192
car 0.0010 48 168 77 181
car 0.0010 61 158 189 195
car 0.0010 309 185 334 191
bus 0.0535 282 158 358 189
bus 0.0049 55 164 133 197
bus 0.0028 400 176 421 188
bus 0.0023 93 158 206 201
train 0.0030 282 158 358 189
boat 0.0025 495 139 499 165
boat 0.0011 495 141 500 184
boat 0.0011 492 177 500 185
