bicycle 0.0014 145 273 252 352
bird 0.0011 89 217 122 247
cat 0.0021 89 217 122 247
chair 0.0138 178 312 322 372
chair 0.0028 410 219 499 322
chair 0.0025 27 306 317 369
chair 0.0020 50 155 399 348
chair 0.0019 135 286 310 374
chair 0.0010 -2 183 71 289
sofa 0.9766 49 152 403 350
pottedplant 0.6890 146 273 249 351
pottedplant 0.0065 95 219 121 247
pottedplant 0.0053 84 215 114 243
pottedplant 0.0044 118 259 304 360
pottedplant 0.0037 160 290 235 369
pottedplant 0.0018 132 305 299 368
pottedplant 0.0014 161 315 211 352
diningtable 0.0453 27 306 317 369
diningtable 0.0162 126 275 250 355
diningtable 0.0056 62 271 296 361
diningtable 0.0054 410 219 499 322
diningtable 0.0046 142 325 229 372
diningtable 0.0023 408 215 501 261
diningtable 0.0018 59 328 271 373
tvmonitor 0.0010 50 155 399 348
