person 0.9688 218 43 295 301
person 0.9601 76 96 244 310
person 0.9066 278 21 355 301
person 0.7478 306 16 374 379
person 0.5406 32 108 106 207
person 0.2928 -2 199 99 313
person 0.1021 -3 127 120 302
person 0.0773 3 179 117 261
person 0.0593 340 -1 374 84
person 0.0523 2 103 90 226
person 0.0415 324 10 374 244
person 0.0252 334 74 360 123
person 0.0236 320 129 372 306
person 0.0210 297 68 356 134
person 0.0195 302 87 361 278
person 0.0164 292 42 361 212
person 0.0161 53 165 75 215
person 0.0160 314 174 337 227
person 0.0109 0 115 40 210
person 0.0100 134 99 248 262
person 0.0097 315 139 344 294
person 0.0069 0 197 43 312
person 0.0064 108 163 201 247
person 0.0062 322 9 374 120
person 0.0050 0 257 82 340
person 0.0045 78 208 242 307
person 0.0042 2 232 114 362
person 0.0033 62 152 219 283
person 0.0031 5 280 112 318
person 0.0028 41 105 94 176
person 0.0028 1 297 71 351
person 0.0025 123 190 169 223
person 0.0023 214 50 293 169
person 0.0022 54 168 163 263
person 0.0016 32 109 215 252
person 0.0015 0 154 44 245
person 0.0014 253 64 294 266
person 0.0014 328 24 365 97
person 0.0013 231 78 313 212
person 0.0013 0 126 55 317
person 0.0013 294 19 364 122
person 0.0012 247 49 340 348
person 0.0011 12 207 139 270
person 0.0011 0 148 21 213
person 0.0011 325 34 350 69
person 0.0010 9 198 113 243
bottle 0.8271 53 169 76 219
bottle 0.0168 315 171 337 224
bottle 0.0116 97 176 112 215
bottle 0.0108 88 198 99 214
bottle 0.0095 56 165 76 196
bottle 0.0057 89 210 104 223
bottle 0.0052 299 110 313 126
bottle 0.0041 127 193 166 219
bottle 0.0036 297 100 313 124
bottle 0.0031 87 187 106 210
bottle 0.0028 65 196 89 217
bottle 0.0027 54 194 77 220
bottle 0.0023 206 297 310 502
bottle 0.0021 120 181 182 230
bottle 0.0020 294 107 307 129
bottle 0.0019 55 195 98 220
bottle 0.0018 360 199 373 233
bottle 0.0016 76 197 99 215
bottle 0.0016 75 209 93 221
bottle 0.0015 164 273 254 395
bottle 0.0015 61 164 72 174
bottle 0.0012 68 190 84 207
bottle 0.0011 26 108 105 208
bottle 0.0011 96 213 109 222
bottle 0.0010 154 259 242 337
chair 0.4362 1 304 70 356
chair 0.3716 218 201 250 277
chair 0.3434 124 193 168 218
chair 0.0812 129 196 250 298
chair 0.0522 0 340 75 379
chair 0.0474 193 195 253 300
chair 0.0275 97 176 112 215
chair 0.0226 122 197 168 234
chair 0.0216 73 147 244 333
chair 0.0170 0 296 71 332
chair 0.0143 78 215 236 307
chair 0.0121 -1 332 43 354
chair 0.0098 243 210 277 298
chair 0.0092 104 216 214 268
chair 0.0091 0 203 92 347
chair 0.0080 -1 316 70 395
chair 0.0074 212 219 251 304
chair 0.0073 0 341 74 493
chair 0.0067 3 282 112 360
chair 0.0063 -2 329 61 370
chair 0.0062 154 259 242 337
chair 0.0058 0 259 81 338
chair 0.0054 3 200 83 286
chair 0.0049 232 210 265 298
chair 0.0045 125 223 194 263
chair 0.0043 148 186 243 260
chair 0.0042 263 290 318 312
chair 0.0041 18 216 76 273
chair 0.0035 109 170 204 265
chair 0.0035 225 197 299 309
chair 0.0034 86 181 109 213
chair 0.0032 120 181 182 230
chair 0.0029 302 233 332 293
chair 0.0027 261 242 344 344
chair 0.0025 263 212 293 298
chair 0.0022 -3 287 98 316
chair 0.0022 177 210 246 276
chair 0.0021 21 205 116 266
chair 0.0020 269 228 315 296
chair 0.0020 27 179 132 227
chair 0.0017 156 191 174 223
chair 0.0015 230 224 251 284
chair 0.0015 62 296 113 328
chair 0.0015 221 220 243 268
chair 0.0014 47 195 107 220
chair 0.0013 88 198 99 214
chair 0.0013 231 248 248 300
chair 0.0013 79 192 163 250
chair 0.0012 312 198 342 323
chair 0.0012 287 232 334 324
chair 0.0012 47 297 121 338
chair 0.0012 262 207 323 314
chair 0.0011 58 195 314 387
chair 0.0011 272 226 288 242
chair 0.0011 13 197 141 243
chair 0.0011 270 289 320 302
chair 0.0011 86 181 155 229
chair 0.0011 141 211 166 223
chair 0.0011 80 175 116 225
chair 0.0011 3 153 120 246
chair 0.0010 298 236 375 393
chair 0.0010 185 249 246 312
chair 0.0010 265 134 355 368
sofa 0.0021 73 147 244 333
diningtable 0.5047 0 205 119 290
diningtable 0.4156 12 300 353 499
diningtable 0.2819 3 179 117 261
diningtable 0.1917 9 198 113 243
diningtable 0.1395 50 165 78 224
diningtable 0.0609 28 210 122 264
diningtable 0.0344 -3 127 120 302
diningtable 0.0329 5 280 112 318
diningtable 0.0286 9 366 205 499
diningtable 0.0280 71 308 195 502
diningtable 0.0249 26 203 125 229
diningtable 0.0241 1 302 70 346
diningtable 0.0229 56 387 380 500
diningtable 0.0183 126 246 257 420
diningtable 0.0158 2 232 114 362
diningtable 0.0151 26 179 133 227
diningtable 0.0150 1 287 115 349
diningtable 0.0147 0 356 74 499
diningtable 0.0136 65 206 107 224
diningtable 0.0125 0 257 82 340
diningtable 0.0109 47 195 107 220
diningtable 0.0088 8 208 89 227
diningtable 0.0088 86 205 106 225
diningtable 0.0086 54 168 163 263
diningtable 0.0073 72 196 103 219
diningtable 0.0067 46 215 124 236
diningtable 0.0061 33 199 173 299
diningtable 0.0055 32 234 125 315
diningtable 0.0045 53 193 78 221
diningtable 0.0041 56 202 156 248
diningtable 0.0035 164 263 238 405
diningtable 0.0035 208 317 325 499
diningtable 0.0033 124 193 168 218
diningtable 0.0030 70 198 138 234
diningtable 0.0028 13 212 61 223
diningtable 0.0028 0 184 311 474
diningtable 0.0028 155 394 212 500
diningtable 0.0026 42 187 77 227
diningtable 0.0025 80 175 116 225
diningtable 0.0025 15 477 343 500
diningtable 0.0025 75 209 93 221
diningtable 0.0023 148 317 241 429
diningtable 0.0023 64 208 90 222
diningtable 0.0022 90 177 111 220
diningtable 0.0022 19 442 341 500
diningtable 0.0020 237 377 373 499
diningtable 0.0019 54 207 79 222
diningtable 0.0018 84 280 280 470
diningtable 0.0016 312 366 373 500
diningtable 0.0016 104 216 214 268
diningtable 0.0015 32 108 106 207
diningtable 0.0015 4 258 110 308
diningtable 0.0012 10 205 47 227
diningtable 0.0012 85 219 109 226
diningtable 0.0012 15 186 80 229
diningtable 0.0011 -2 302 66 325
diningtable 0.0011 38 208 77 224
diningtable 0.0011 60 218 112 230
diningtable 0.0011 4 115 222 301
diningtable 0.0010 3 205 75 244
diningtable 0.0010 79 212 113 235
