person 0.9883 383 62 419 137
person 0.8850 464 60 501 167
person 0.8793 1 51 84 262
person 0.7864 430 77 458 144
person 0.7464 338 75 357 109
person 0.6869 0 170 63 282
person 0.5979 315 65 342 97
person 0.4982 360 78 380 114
person 0.4551 374 80 388 107
person 0.3793 352 77 371 112
person 0.3461 451 81 467 141
person 0.2970 6 45 499 309
person 0.2537 0 67 29 102
person 0.1784 388 60 407 89
person 0.1659 4 67 28 88
person 0.1564 0 64 26 173
person 0.1314 379 77 396 110
person 0.1183 479 103 500 207
person 0.1164 110 235 186 261
person 0.1093 378 59 405 110
person 0.0903 0 70 12 102
person 0.0847 18 61 490 192
person 0.0581 0 71 13 156
person 0.0580 0 63 17 254
person 0.0550 456 76 473 136
person 0.0485 0 132 6 228
person 0.0453 68 63 96 103
person 0.0444 365 81 391 122
person 0.0423 462 78 473 93
person 0.0420 441 80 455 106
person 0.0390 452 79 463 108
person 0.0379 -1 246 92 329
person 0.0306 108 238 149 257
person 0.0300 147 235 217 263
person 0.0288 375 79 386 95
person 0.0283 0 67 11 85
person 0.0222 424 80 432 90
person 0.0221 0 67 7 216
person 0.0217 -1 151 98 330
person 0.0215 323 72 356 111
person 0.0206 113 99 146 130
person 0.0179 149 81 188 130
person 0.0176 361 76 375 94
person 0.0174 0 144 4 198
person 0.0170 0 162 17 268
person 0.0169 310 67 498 178
person 0.0162 0 58 62 179
person 0.0147 89 79 155 129
person 0.0138 459 79 473 106
person 0.0134 481 86 499 304
person 0.0133 11 70 31 92
person 0.0129 353 73 369 99
person 0.0128 376 78 401 126
person 0.0116 87 59 491 135
person 0.0114 487 65 500 181
person 0.0105 46 95 76 165
person 0.0105 429 86 445 125
person 0.0104 0 161 7 259
person 0.0103 103 74 241 257
person 0.0101 453 62 500 256
person 0.0097 114 90 142 121
person 0.0093 332 73 380 115
person 0.0087 73 82 92 104
person 0.0086 140 236 176 260
person 0.0078 55 63 119 130
person 0.0075 416 73 481 154
person 0.0075 454 78 463 95
person 0.0069 0 187 11 270
person 0.0068 377 59 501 140
person 0.0063 42 61 80 253
person 0.0059 43 58 296 273
person 0.0058 33 80 74 159
person 0.0058 486 112 500 266
person 0.0050 74 95 145 132
person 0.0049 0 56 54 106
person 0.0048 27 69 97 204
person 0.0048 231 78 285 128
person 0.0044 47 77 61 95
person 0.0044 431 79 441 92
person 0.0044 96 83 121 106
person 0.0043 411 73 422 97
person 0.0040 44 59 60 92
person 0.0040 38 67 90 134
person 0.0037 457 105 469 141
person 0.0036 392 59 499 267
person 0.0036 482 121 501 184
person 0.0036 467 76 479 88
person 0.0035 487 80 500 127
person 0.0035 359 73 378 101
person 0.0035 0 159 31 298
person 0.0034 5 -2 499 121
person 0.0034 -19 47 193 271
person 0.0030 28 55 44 76
person 0.0030 10 177 73 243
person 0.0030 170 83 184 101
person 0.0030 431 86 444 103
person 0.0029 -2 55 120 137
person 0.0029 371 74 390 101
person 0.0028 416 86 438 123
person 0.0027 386 72 410 114
bicycle 0.0016 362 105 381 121
bicycle 0.0010 416 86 438 123
car 0.4554 85 48 489 310
car 0.0456 416 85 438 124
car 0.0352 423 74 456 139
car 0.0186 0 67 11 85
car 0.0102 66 75 149 130
car 0.0097 -2 55 120 137
car 0.0074 78 96 140 132
car 0.0057 1 52 86 224
car 0.0053 0 65 27 105
car 0.0047 386 65 424 136
car 0.0044 23 68 237 178
car 0.0040 18 61 490 192
car 0.0030 417 84 438 105
car 0.0027 396 74 439 131
car 0.0027 3 66 29 88
car 0.0025 55 63 119 130
car 0.0025 0 70 12 102
car 0.0024 -1 60 60 135
car 0.0021 74 59 211 263
car 0.0021 103 95 153 132
car 0.0016 23 82 148 150
car 0.0014 412 87 425 117
car 0.0013 0 64 26 173
car 0.0013 119 50 208 77
car 0.0012 368 107 387 122
car 0.0011 -1 246 92 329
car 0.0010 38 67 90 134
car 0.0010 458 63 499 164
motorbike 0.0249 368 107 387 122
motorbike 0.0152 362 105 381 121
motorbike 0.0045 416 85 438 124
motorbike 0.0034 361 82 380 119
motorbike 0.0031 423 74 456 139
motorbike 0.0027 481 86 499 304
motorbike 0.0026 365 81 391 122
motorbike 0.0024 -1 246 92 329
motorbike 0.0022 0 168 85 288
motorbike 0.0021 479 103 500 207
motorbike 0.0017 366 110 389 129
motorbike 0.0016 90 63 490 316
motorbike 0.0013 489 122 500 276
motorbike 0.0012 417 84 438 105
aeroplane 0.0011 1 54 501 326
aeroplane 0.0010 1 49 88 230
bus 0.0038 1 49 88 230
bus 0.0025 -2 55 120 137
bus 0.0012 32 63 158 134
horse 0.0106 -1 246 92 329
horse 0.0018 0 168 85 288
bottle 0.0021 464 59 501 168
bottle 0.0015 28 201 40 218
bottle 0.0014 -2 166 69 274
tvmonitor 0.0258 50 46 109 71
tvmonitor 0.0010 63 56 98 71
