person 0.9214 127 21 393 371
person 0.3173 92 54 248 317
person 0.1495 107 65 192 153
person 0.1177 62 56 220 235
person 0.0138 0 52 198 342
person 0.0075 0 173 16 375
person 0.0075 102 105 219 217
person 0.0041 65 159 259 374
person 0.0034 0 291 14 374
person 0.0032 87 28 259 200
person 0.0028 0 83 26 393
person 0.0019 34 312 89 357
person 0.0019 0 182 6 376
person 0.0015 482 75 500 279
person 0.0014 0 175 22 266
person 0.0011 0 125 56 383
person 0.0011 446 39 500 315
person 0.0010 1 181 108 355
person 0.0010 158 31 256 262
dog 0.0014 0 291 14 374
chair 0.5967 57 142 266 373
chair 0.2971 9 48 256 345
chair 0.2034 168 14 262 144
chair 0.1748 369 45 502 198
chair 0.0889 -1 47 108 165
chair 0.0607 57 53 222 249
chair 0.0426 130 18 169 67
chair 0.0335 133 42 170 67
chair 0.0307 150 19 497 214
chair 0.0269 0 34 57 163
chair 0.0110 -1 44 119 343
chair 0.0103 396 44 458 117
chair 0.0075 145 21 405 368
chair 0.0075 369 50 501 341
chair 0.0071 -5 36 194 193
chair 0.0064 132 14 167 43
chair 0.0057 107 65 192 153
chair 0.0047 150 20 260 282
chair 0.0042 68 55 116 153
chair 0.0037 -1 37 67 262
chair 0.0031 77 140 180 215
chair 0.0028 87 28 259 200
chair 0.0026 133 27 163 49
chair 0.0025 105 171 258 303
chair 0.0023 448 74 499 203
chair 0.0022 0 36 53 85
chair 0.0022 79 45 133 79
chair 0.0020 0 43 31 147
chair 0.0020 144 14 167 27
chair 0.0019 0 173 16 375
chair 0.0018 124 37 199 125
chair 0.0017 66 23 202 129
chair 0.0017 125 33 157 65
chair 0.0017 58 130 191 307
chair 0.0017 60 63 86 126
chair 0.0016 131 45 147 66
chair 0.0014 132 0 195 44
chair 0.0014 65 133 107 220
chair 0.0013 42 109 174 245
chair 0.0013 229 41 507 350
chair 0.0013 39 43 90 124
chair 0.0013 49 123 122 229
chair 0.0012 63 59 141 174
chair 0.0012 0 291 14 374
chair 0.0012 77 -4 340 319
chair 0.0010 448 76 500 135
chair 0.0010 86 45 112 71
chair 0.0010 30 111 102 243
sofa 0.2947 369 45 502 198
sofa 0.0562 155 22 494 212
sofa 0.0504 385 105 501 334
sofa 0.0264 167 14 263 145
sofa 0.0204 193 22 451 365
sofa 0.0056 -1 47 108 165
sofa 0.0046 55 104 268 369
sofa 0.0040 317 46 500 347
sofa 0.0032 448 74 499 204
sofa 0.0027 245 62 505 248
sofa 0.0022 387 52 491 118
sofa 0.0020 -2 47 119 340
sofa 0.0018 -2 38 62 252
sofa 0.0016 446 39 500 315
sofa 0.0013 0 173 16 375
sofa 0.0010 118 23 395 283
diningtable 0.0018 133 37 167 64
diningtable 0.0011 131 15 169 63
diningtable 0.0011 78 43 173 78
tvmonitor 0.0010 129 -2 199 23
