person 0.9930 147 195 188 288
person 0.9839 211 157 225 185
person 0.6640 147 146 154 158
person 0.4470 234 159 239 167
person 0.1772 224 147 229 157
person 0.1597 471 154 482 175
person 0.0579 22 145 30 157
person 0.0531 476 162 481 178
person 0.0493 152 149 157 157
person 0.0395 127 142 134 150
person 0.0384 435 154 445 167
person 0.0212 220 154 233 171
person 0.0201 0 138 5 150
person 0.0172 96 141 102 151
person 0.0167 253 158 259 166
person 0.0159 146 141 155 152
person 0.0154 208 150 220 157
person 0.0140 222 143 229 151
person 0.0115 217 151 234 177
person 0.0093 14 142 36 151
person 0.0083 206 149 212 154
person 0.0077 196 142 203 148
person 0.0075 297 147 308 157
person 0.0074 90 141 97 153
person 0.0070 476 152 489 173
person 0.0064 10 129 485 184
person 0.0061 133 141 143 149
person 0.0057 242 142 249 150
person 0.0057 107 141 116 149
person 0.0056 394 149 403 162
person 0.0055 25 145 36 157
person 0.0051 143 143 157 160
person 0.0051 90 145 96 155
person 0.0050 278 147 288 161
person 0.0050 201 143 212 150
person 0.0049 286 152 296 169
person 0.0048 285 146 301 163
person 0.0048 4 127 248 183
person 0.0047 66 110 77 124
person 0.0046 433 150 445 164
person 0.0044 111 142 129 149
person 0.0041 491 143 500 168
person 0.0040 300 186 312 195
person 0.0039 465 158 474 169
person 0.0037 204 180 225 186
person 0.0035 305 177 322 193
person 0.0034 276 154 290 169
person 0.0034 162 141 168 147
person 0.0031 128 146 134 153
person 0.0029 471 145 482 166
person 0.0029 207 154 235 188
person 0.0028 298 176 311 192
person 0.0028 203 155 400 224
person 0.0027 479 164 485 178
person 0.0027 135 146 146 155
person 0.0026 16 143 35 159
person 0.0026 155 141 162 148
person 0.0025 463 131 469 155
person 0.0024 302 184 322 194
person 0.0023 61 110 67 125
person 0.0023 311 177 328 192
person 0.0022 0 140 5 164
person 0.0021 0 125 5 147
person 0.0021 7 140 20 148
person 0.0019 202 140 244 168
person 0.0019 204 141 227 150
person 0.0019 402 155 415 165
person 0.0019 23 142 40 150
person 0.0017 253 157 271 167
person 0.0017 399 148 417 163
person 0.0017 217 142 234 166
person 0.0017 94 146 101 154
person 0.0017 7 134 244 228
person 0.0015 492 127 500 165
person 0.0015 297 142 307 152
person 0.0014 284 174 304 192
person 0.0014 286 142 299 151
person 0.0013 24 124 474 244
person 0.0011 315 149 323 156
person 0.0011 469 140 484 171
person 0.0011 468 149 496 175
person 0.0010 280 142 289 151
person 0.0010 48 123 200 158
person 0.0010 142 135 157 156
person 0.0010 392 155 404 164
bicycle 0.0029 285 146 301 163
bicycle 0.0022 278 147 288 161
bicycle 0.0016 286 152 296 169
bicycle 0.0015 435 154 445 167
bicycle 0.0015 476 162 481 178
bicycle 0.0014 276 154 290 169
car 0.1418 227 155 411 228
car 0.0199 204 141 227 150
car 0.0165 491 143 500 168
car 0.0144 14 142 36 151
car 0.0064 297 147 308 157
car 0.0046 435 154 445 167
car 0.0040 285 146 301 163
car 0.0033 111 142 129 149
car 0.0029 253 145 293 167
car 0.0027 222 143 229 151
car 0.0026 0 138 5 150
car 0.0024 208 150 220 157
car 0.0021 127 142 134 150
car 0.0020 201 143 212 150
car 0.0020 301 149 420 218
car 0.0016 278 147 288 161
car 0.0016 224 147 229 157
car 0.0015 242 142 249 150
car 0.0015 281 145 306 166
car 0.0013 433 150 445 164
car 0.0012 492 127 500 165
car 0.0011 7 140 20 148
motorbike 0.0310 435 154 445 167
motorbike 0.0014 476 162 481 178
motorbike 0.0012 433 150 445 164
motorbike 0.0010 286 152 296 169
motorbike 0.0010 147 146 154 158
bus 0.0029 230 155 408 227
chair 0.0012 399 148 417 163
pottedplant 0.0015 435 154 445 167
