person 0.0129 46 105 362 479
person 0.0024 140 81 176 167
cat 0.0917 46 105 362 479
dog 0.8191 49 126 360 477
sheep 0.0013 45 106 363 477
cow 0.0013 46 105 362 479
chair 0.0068 0 123 53 376
chair 0.0062 7 -10 374 497
chair 0.0019 0 356 225 480
chair 0.0016 0 -2 361 174
sofa 0.0029 0 308 211 480
sofa 0.0028 46 105 362 479
sofa 0.0020 0 123 53 376
sofa 0.0015 144 395 235 479
sofa 0.0011 16 377 260 480
diningtable 0.0112 0 -2 363 174
diningtable 0.0058 7 -10 374 497
diningtable 0.0021 0 123 53 376
diningtable 0.0012 4 28 204 453
tvmonitor 0.0114 0 0 359 56
tvmonitor 0.0080 0 123 53 376
tvmonitor 0.0016 3 0 371 21
