person 0.0169 86 102 99 112
person 0.0034 355 50 369 67
person 0.0030 355 45 381 69
person 0.0028 355 55 367 76
person 0.0023 367 44 376 53
person 0.0017 92 126 125 142
person 0.0016 380 58 393 75
person 0.0015 18 111 30 117
boat 0.9887 71 168 257 315
boat 0.9746 185 157 469 266
boat 0.1212 92 126 125 142
boat 0.0090 89 170 195 229
boat 0.0086 43 126 58 138
boat 0.0036 46 154 473 320
boat 0.0020 55 131 65 138
boat 0.0018 258 110 270 117
boat 0.0018 93 136 126 147
boat 0.0017 9 110 23 117
boat 0.0016 7 137 43 148
boat 0.0016 22 110 64 116
boat 0.0015 9 128 56 139
boat 0.0015 86 102 99 112
boat 0.0014 18 111 30 117
boat 0.0013 9 131 41 138
boat 0.0013 34 125 56 142
boat 0.0010 44 140 57 148
bird 0.0085 86 102 99 112
bird 0.0043 43 126 58 138
bird 0.0033 18 111 30 117
bird 0.0032 258 110 270 117
bird 0.0021 55 131 65 138
bird 0.0012 240 103 249 111
bird 0.0010 178 122 184 129
bird 0.0010 44 140 57 148
bird 0.0010 46 123 55 132
chair 0.0017 76 179 254 317
pottedplant 0.0020 92 126 125 142
