cat 0.9883 143 175 223 268
cat 0.0081 134 170 240 311
cat 0.0022 117 182 147 215
cat 0.0015 99 253 133 309
dog 0.0102 145 177 219 262
chair 0.9436 34 368 278 497
chair 0.6590 181 188 292 472
chair 0.0327 79 201 284 467
chair 0.0242 226 179 308 482
chair 0.0139 270 320 304 462
chair 0.0071 197 189 274 282
chair 0.0054 180 468 288 500
chair 0.0042 129 456 319 499
chair 0.0033 2 449 303 502
chair 0.0033 248 304 303 478
chair 0.0027 24 372 145 498
chair 0.0022 174 224 263 410
chair 0.0021 97 242 261 395
chair 0.0019 194 188 278 369
chair 0.0014 266 206 306 461
chair 0.0014 147 177 229 267
chair 0.0011 137 249 241 315
chair 0.0011 113 293 329 500
chair 0.0011 64 468 285 500
sofa 0.0017 40 372 303 498
sofa 0.0010 159 199 279 440
pottedplant 0.9401 93 123 135 243
pottedplant 0.0598 99 203 127 244
pottedplant 0.0279 117 182 147 215
pottedplant 0.0139 98 253 133 309
pottedplant 0.0064 97 172 128 243
pottedplant 0.0042 69 129 128 246
pottedplant 0.0031 149 179 228 269
pottedplant 0.0025 107 148 142 225
pottedplant 0.0024 223 21 238 66
pottedplant 0.0023 223 2 241 89
pottedplant 0.0021 118 175 146 203
pottedplant 0.0011 102 136 163 229
pottedplant 0.0010 11 10 110 350
pottedplant 0.0010 106 183 144 228
diningtable 0.8605 69 259 282 492
diningtable 0.1264 39 369 305 498
diningtable 0.0322 97 242 261 395
diningtable 0.0159 2 449 303 502
diningtable 0.0115 144 261 220 319
diningtable 0.0035 129 456 319 499
diningtable 0.0031 134 170 240 311
diningtable 0.0025 163 220 299 494
diningtable 0.0023 100 466 265 500
diningtable 0.0023 104 121 272 388
diningtable 0.0014 -6 472 290 500
diningtable 0.0014 116 259 269 328
diningtable 0.0012 105 490 278 500
