person 0.4690 254 429 266 446
person 0.2106 91 427 140 450
person 0.2045 263 431 272 445
person 0.1362 220 432 227 440
person 0.1133 271 437 281 453
person 0.1048 241 432 252 446
person 0.0750 94 427 118 446
person 0.0620 95 428 102 441
person 0.0600 238 431 248 446
person 0.0574 248 428 273 449
person 0.0561 271 433 279 446
person 0.0419 223 431 235 443
person 0.0323 257 435 280 457
person 0.0280 241 436 252 452
person 0.0262 109 432 136 445
person 0.0251 240 435 279 461
person 0.0114 258 430 277 447
person 0.0101 131 441 140 447
person 0.0092 97 426 112 436
person 0.0088 96 424 132 438
person 0.0083 129 437 139 443
person 0.0076 227 420 238 435
person 0.0068 255 425 265 436
person 0.0056 237 434 249 454
person 0.0053 264 425 271 434
person 0.0052 242 418 252 439
person 0.0052 90 444 98 449
person 0.0049 209 88 217 98
person 0.0042 267 435 285 460
person 0.0041 271 447 283 462
person 0.0036 234 421 245 435
person 0.0032 207 13 220 33
person 0.0031 91 437 138 451
person 0.0031 238 426 257 448
person 0.0029 298 455 316 462
person 0.0029 221 429 239 445
person 0.0026 269 430 281 449
person 0.0024 249 448 284 463
person 0.0020 71 433 78 438
person 0.0016 86 441 129 450
person 0.0016 234 432 262 462
person 0.0015 211 6 224 38
person 0.0013 88 427 109 446
person 0.0012 242 405 251 432
person 0.0011 218 433 240 458
person 0.0010 293 455 307 462
boat 0.7630 91 426 140 450
boat 0.6665 162 -4 295 474
boat 0.2457 91 437 138 451
boat 0.2195 239 433 280 463
boat 0.0267 248 428 273 449
boat 0.0187 94 427 118 446
boat 0.0147 131 441 140 447
boat 0.0143 161 400 242 466
boat 0.0121 86 441 129 450
boat 0.0097 249 448 284 463
boat 0.0096 109 432 136 445
boat 0.0069 257 435 280 457
boat 0.0060 96 424 132 438
boat 0.0056 90 444 98 449
boat 0.0054 234 432 262 462
boat 0.0054 129 437 139 443
boat 0.0042 71 433 78 438
boat 0.0041 95 428 102 441
boat 0.0041 225 446 277 463
boat 0.0032 241 436 252 452
boat 0.0032 3 -8 306 488
boat 0.0026 88 427 109 446
boat 0.0025 254 444 301 464
boat 0.0025 243 457 277 467
boat 0.0024 254 429 266 446
boat 0.0020 75 426 121 447
boat 0.0017 88 420 125 441
boat 0.0012 249 459 284 466
boat 0.0010 296 455 337 463
boat 0.0010 236 327 285 452
boat 0.0010 242 457 335 471
boat 0.0010 136 442 148 447
bird 0.0024 209 88 217 98
bird 0.0012 71 433 78 438
