person 0.9862 154 30 358 326
person 0.7038 371 15 426 55
person 0.5757 468 2 500 66
person 0.4023 182 0 249 34
person 0.3948 232 -1 274 37
person 0.3428 98 -1 140 19
person 0.3386 133 1 190 27
person 0.1776 262 1 328 41
person 0.1282 46 0 94 14
person 0.1051 7 0 77 11
person 0.0949 315 0 363 45
person 0.0708 119 -1 178 22
person 0.0652 260 -3 373 51
person 0.0627 81 0 121 16
person 0.0592 -1 0 46 9
person 0.0461 398 1 435 52
person 0.0377 489 7 500 65
person 0.0376 15 -8 492 49
person 0.0370 148 1 215 30
person 0.0337 373 16 404 52
person 0.0282 0 -1 44 5
person 0.0231 11 -2 498 92
person 0.0150 103 159 347 334
person 0.0134 178 -4 399 49
person 0.0118 356 2 397 49
person 0.0110 156 -1 193 24
person 0.0094 -6 -3 517 173
person 0.0084 349 15 411 52
person 0.0074 -2 -4 70 7
person 0.0073 86 2 164 27
person 0.0067 48 0 127 17
person 0.0049 0 -3 10 4
person 0.0044 268 -1 460 54
person 0.0041 492 -1 500 38
person 0.0040 1 -6 54 15
person 0.0038 0 -5 32 6
person 0.0034 31 -10 309 38
person 0.0032 183 1 465 80
person 0.0031 324 8 494 71
person 0.0029 317 0 342 37
person 0.0029 20 -6 86 9
person 0.0028 492 34 499 74
person 0.0028 439 2 497 65
person 0.0026 0 0 11 11
person 0.0024 239 0 309 39
person 0.0023 354 19 384 49
person 0.0022 155 -2 239 24
person 0.0021 376 -4 500 57
person 0.0021 469 1 499 34
person 0.0018 174 -6 276 28
person 0.0018 464 21 493 66
person 0.0017 339 5 382 48
person 0.0016 466 0 490 20
person 0.0015 172 0 202 20
person 0.0012 32 -3 74 7
person 0.0012 366 3 413 35
person 0.0012 196 -1 234 20
person 0.0011 329 -1 425 54
person 0.0011 492 -1 500 19
person 0.0010 46 -8 94 10
person 0.0010 491 10 500 121
bicycle 0.9795 102 165 373 332
bicycle 0.0088 209 196 265 309
bicycle 0.0041 151 46 360 330
bicycle 0.0014 143 216 336 327
bicycle 0.0010 180 176 260 296
bus 0.0013 -6 -3 517 173
bus 0.0013 144 27 365 327
bottle 0.0057 209 196 265 309
bottle 0.0056 216 233 235 261
bottle 0.0030 218 234 251 278
chair 0.0040 97 169 356 330
