person 0.1941 381 172 391 195
person 0.0527 249 167 257 179
person 0.0474 257 168 269 178
person 0.0271 0 168 11 182
person 0.0162 137 157 143 171
person 0.0149 233 169 240 180
person 0.0129 126 157 133 173
person 0.0117 0 173 8 186
person 0.0079 496 191 500 208
person 0.0066 239 169 250 180
person 0.0057 16 169 31 181
person 0.0055 262 166 281 178
person 0.0054 286 166 301 179
person 0.0053 496 177 500 207
person 0.0050 125 160 131 181
person 0.0046 4 170 25 182
person 0.0045 382 166 391 183
person 0.0044 38 168 50 183
person 0.0040 18 160 29 171
person 0.0032 373 164 387 181
person 0.0031 78 168 89 180
person 0.0029 160 168 171 181
person 0.0027 292 166 313 181
person 0.0027 23 169 41 181
person 0.0022 286 162 296 169
person 0.0021 454 154 465 172
person 0.0020 57 158 66 169
person 0.0017 452 165 463 176
person 0.0016 0 159 12 170
person 0.0016 376 160 386 169
person 0.0014 9 159 23 170
person 0.0014 2 157 495 214
person 0.0013 77 167 108 185
person 0.0013 51 168 68 183
person 0.0012 493 174 500 209
person 0.0011 37 174 48 184
person 0.0011 495 175 499 190
person 0.0011 15 174 26 184
person 0.0010 271 164 294 177
bicycle 0.2067 381 172 391 195
bicycle 0.0236 381 182 392 196
bicycle 0.0040 357 174 384 187
bicycle 0.0035 358 163 385 182
bicycle 0.0030 377 182 389 196
bicycle 0.0027 373 164 387 181
bicycle 0.0015 0 173 8 186
bicycle 0.0010 356 177 366 184
car 0.9836 441 177 500 205
car 0.8215 37 168 67 184
car 0.7751 76 171 108 188
car 0.6700 232 164 326 203
car 0.5146 4 170 25 182
car 0.2857 0 168 11 182
car 0.1553 0 173 8 186
car 0.0975 16 169 31 181
car 0.0689 23 169 41 181
car 0.0661 37 174 48 184
car 0.0510 15 174 26 184
car 0.0447 0 159 12 170
car 0.0250 51 168 68 183
car 0.0250 38 168 50 183
car 0.0223 9 159 23 170
car 0.0210 496 177 500 207
car 0.0148 496 191 500 208
car 0.0128 442 178 470 203
car 0.0116 76 173 91 187
car 0.0107 18 160 29 171
car 0.0072 24 173 39 184
car 0.0066 -1 164 17 184
car 0.0065 0 171 28 187
car 0.0058 7 167 36 183
car 0.0057 495 175 499 190
car 0.0057 200 171 212 180
car 0.0056 160 168 171 181
car 0.0050 66 169 76 177
car 0.0047 493 174 500 209
car 0.0045 441 184 456 202
car 0.0039 257 168 269 178
car 0.0036 171 169 184 182
car 0.0031 172 175 185 183
car 0.0030 0 183 7 195
car 0.0030 359 161 382 169
car 0.0029 21 161 77 191
car 0.0026 358 163 385 182
car 0.0024 -7 163 140 191
car 0.0024 2 157 495 214
car 0.0020 473 175 498 189
car 0.0019 90 168 109 184
car 0.0016 376 160 386 169
car 0.0015 25 159 42 168
car 0.0015 0 159 56 193
car 0.0013 156 166 165 180
car 0.0013 197 173 213 185
car 0.0012 236 158 314 190
car 0.0011 262 166 281 178
car 0.0010 0 155 28 196
car 0.0010 2 158 27 172
motorbike 0.0079 381 172 391 195
motorbike 0.0076 0 173 8 186
motorbike 0.0031 7 173 24 184
motorbike 0.0013 496 191 500 208
motorbike 0.0010 0 168 11 182
bus 0.0055 0 159 12 170
bus 0.0031 0 168 11 182
bus 0.0027 232 164 325 203
bus 0.0019 76 171 108 188
bus 0.0019 25 159 42 168
bus 0.0017 37 168 67 184
bus 0.0014 23 169 41 181
bus 0.0014 4 170 25 182
bus 0.0011 340 133 355 149
bus 0.0010 244 149 302 175
