person 0.9893 1 179 35 289
person 0.9821 22 178 71 289
person 0.9655 19 140 194 502
person 0.9062 268 95 358 280
person 0.6923 70 85 375 497
person 0.5940 65 191 97 261
person 0.0523 69 216 100 270
person 0.0344 74 192 96 224
person 0.0302 5 180 30 210
person 0.0191 331 197 356 253
person 0.0172 358 260 374 308
person 0.0135 78 208 96 245
person 0.0122 0 181 17 230
person 0.0120 27 180 45 213
person 0.0108 21 184 36 210
person 0.0097 328 194 349 240
person 0.0086 1 178 33 232
person 0.0082 357 225 374 301
person 0.0058 308 200 346 283
person 0.0056 78 185 93 208
person 0.0053 81 205 104 266
person 0.0053 28 193 42 216
person 0.0049 79 228 97 261
person 0.0040 69 179 97 237
person 0.0040 232 88 382 493
person 0.0037 331 196 364 278
person 0.0037 294 196 370 292
person 0.0033 0 186 6 206
person 0.0031 18 184 39 224
person 0.0028 45 192 91 276
person 0.0026 73 194 113 259
person 0.0022 74 175 93 203
person 0.0021 0 186 6 226
person 0.0021 275 174 352 302
person 0.0020 324 194 352 274
person 0.0019 84 218 102 254
person 0.0019 0 179 15 199
person 0.0016 28 164 182 325
person 0.0014 288 157 373 473
person 0.0013 69 179 89 213
person 0.0013 66 204 89 247
person 0.0013 61 234 95 272
person 0.0012 341 237 372 288
person 0.0012 330 195 347 220
person 0.0011 369 226 375 261
person 0.0011 0 201 77 379
person 0.0011 0 267 57 416
person 0.0010 359 259 374 372
bottle 0.0195 333 196 354 257
bottle 0.0043 59 403 116 499
bottle 0.0034 336 217 354 271
bottle 0.0031 339 231 352 259
bottle 0.0016 78 185 93 208
bottle 0.0016 74 175 93 203
bottle 0.0015 332 212 346 257
bottle 0.0014 65 195 102 273
bottle 0.0010 324 199 349 289
chair 0.0343 0 403 54 501
chair 0.0165 59 403 116 499
chair 0.0073 358 262 374 306
chair 0.0062 341 258 373 291
chair 0.0018 0 282 51 423
chair 0.0014 -1 306 61 497
chair 0.0013 0 255 23 287
chair 0.0010 1 285 31 323
chair 0.0010 0 307 33 415
sofa 0.0010 10 298 372 500
diningtable 0.3643 0 283 36 419
diningtable 0.1857 0 285 32 323
diningtable 0.1171 0 402 56 500
diningtable 0.0412 59 403 116 499
diningtable 0.0264 2 281 72 422
diningtable 0.0235 341 257 372 296
diningtable 0.0162 340 257 374 272
diningtable 0.0092 4 386 379 502
diningtable 0.0091 3 405 120 499
diningtable 0.0070 12 193 199 515
diningtable 0.0051 339 230 373 280
diningtable 0.0050 358 262 374 306
diningtable 0.0049 -1 306 61 497
diningtable 0.0039 356 252 375 277
diningtable 0.0035 -4 449 386 500
diningtable 0.0034 0 288 32 355
diningtable 0.0031 355 235 375 293
diningtable 0.0027 340 243 371 266
diningtable 0.0024 1 285 33 304
diningtable 0.0024 0 201 77 379
diningtable 0.0020 -25 380 161 506
diningtable 0.0020 -1 245 134 474
diningtable 0.0019 25 239 361 501
diningtable 0.0016 -3 255 44 345
diningtable 0.0013 -2 281 56 328
diningtable 0.0013 336 257 375 332
diningtable 0.0010 18 476 374 500
