person 0.3302 295 108 330 155
person 0.2208 267 116 322 152
person 0.0977 175 110 202 138
person 0.0839 256 118 291 149
person 0.0631 236 117 277 148
person 0.0409 272 127 311 153
person 0.0385 137 92 158 136
person 0.0307 169 94 205 135
person 0.0250 183 116 209 142
person 0.0128 216 104 261 143
person 0.0126 199 107 244 139
person 0.0124 166 108 191 138
person 0.0099 285 106 322 145
person 0.0082 177 115 222 147
person 0.0069 226 104 245 122
person 0.0064 181 101 207 128
person 0.0061 82 61 388 264
person 0.0055 131 95 152 131
person 0.0049 239 109 270 140
person 0.0045 143 95 179 140
person 0.0043 260 129 286 150
person 0.0039 110 92 148 135
person 0.0037 109 95 133 127
person 0.0035 249 108 278 141
person 0.0033 122 93 134 115
person 0.0030 263 110 305 142
person 0.0026 307 122 333 157
person 0.0026 257 113 290 137
person 0.0025 120 96 157 144
person 0.0024 169 121 189 139
person 0.0021 118 91 138 120
person 0.0018 297 107 313 121
person 0.0017 255 129 276 150
person 0.0015 301 108 319 120
person 0.0015 192 115 249 146
person 0.0013 154 105 183 138
person 0.0012 175 94 196 108
person 0.0010 240 111 317 159
car 0.9839 70 76 381 276
car 0.0015 219 49 288 82
motorbike 0.0015 69 80 396 297
bus 0.0019 68 72 387 288
