person 0.0186 227 166 237 181
person 0.0160 223 168 233 187
person 0.0057 290 184 297 200
person 0.0055 328 190 336 205
person 0.0041 320 190 327 205
person 0.0041 328 187 335 197
person 0.0035 319 186 326 197
person 0.0035 279 183 286 200
person 0.0034 308 191 315 206
person 0.0026 245 185 252 200
person 0.0025 336 190 343 206
person 0.0023 222 169 234 209
person 0.0020 184 177 191 188
person 0.0019 309 187 315 197
person 0.0016 130 140 146 159
person 0.0012 226 167 237 210
car 0.0019 489 205 496 214
train 0.9887 91 142 476 243
