person 0.0195 191 153 202 177
person 0.0079 392 173 400 187
person 0.0077 366 163 377 186
person 0.0063 151 156 161 171
person 0.0059 203 153 216 177
person 0.0024 0 109 11 234
person 0.0019 160 149 171 172
person 0.0018 390 172 404 209
person 0.0018 0 151 7 193
person 0.0017 383 166 393 180
person 0.0014 205 157 220 182
person 0.0010 169 154 181 174
bus 0.0034 383 152 499 236
train 0.9807 14 112 387 276
train 0.8783 383 152 499 236
train 0.0879 0 93 14 226
train 0.0205 0 122 9 184
train 0.0099 0 107 14 324
train 0.0090 0 151 7 193
train 0.0068 380 154 498 194
train 0.0066 0 131 10 251
train 0.0043 0 98 22 256
train 0.0033 14 127 238 191
train 0.0023 379 121 499 203
train 0.0016 0 102 7 166
