person 0.8882 167 56 500 379
person 0.0012 175 50 458 229
car 0.0024 163 152 495 379
bus 0.0153 165 34 503 370
bus 0.0012 -14 -38 525 349
train 0.0112 165 34 503 370
train 0.0047 -14 -38 525 349
chair 0.0046 330 289 479 374
chair 0.0014 163 152 495 379
chair 0.0010 162 215 272 364
sofa 0.0010 164 207 388 375
tvmonitor 0.0454 155 173 409 375
tvmonitor 0.0363 162 195 274 361
tvmonitor 0.0168 330 289 479 374
tvmonitor 0.0045 170 57 498 379
tvmonitor 0.0022 178 245 375 375
tvmonitor 0.0016 342 293 416 374
tvmonitor 0.0016 360 4 501 74
tvmonitor 0.0013 -14 -38 525 349
tvmonitor 0.0013 310 -6 499 236
tvmonitor 0.0012 361 -9 499 145
