person 0.0017 0 304 11 377
cat 0.6923 188 141 268 186
cat 0.0173 100 -1 189 33
cat 0.0015 -1 303 12 377
cat 0.0012 100 1 149 41
cat 0.0010 98 279 242 466
dog 0.9929 94 284 234 462
dog 0.4464 188 141 268 186
dog 0.0286 93 -1 189 34
dog 0.0098 32 214 344 516
dog 0.0034 69 -2 222 46
dog 0.0032 -1 303 12 377
dog 0.0029 100 1 149 41
bottle 0.0027 182 0 201 13
chair 0.0081 -4 23 368 503
chair 0.0035 0 167 40 273
chair 0.0030 97 275 243 469
chair 0.0018 0 140 42 385
chair 0.0013 32 214 344 516
sofa 0.6764 -7 55 372 497
sofa 0.0472 97 275 243 469
pottedplant 0.0015 182 0 222 13
pottedplant 0.0010 182 0 201 13
pottedplant 0.0010 60 0 107 34
