person 0.2050 327 149 331 155
person 0.0320 361 159 366 165
person 0.0184 132 117 144 130
person 0.0155 431 181 441 188
person 0.0151 316 150 323 156
person 0.0131 162 122 167 128
person 0.0098 288 140 296 147
person 0.0077 308 149 317 154
person 0.0064 120 117 139 131
person 0.0055 159 122 164 128
person 0.0039 0 130 12 144
person 0.0039 493 208 500 229
person 0.0037 142 122 149 130
person 0.0031 408 193 423 204
person 0.0026 45 128 59 137
person 0.0021 363 159 369 166
person 0.0019 0 134 13 148
person 0.0019 349 160 355 164
person 0.0018 39 131 50 137
person 0.0018 2 127 31 141
person 0.0015 394 192 420 210
person 0.0014 492 201 500 222
person 0.0013 317 141 322 147
person 0.0012 421 175 432 190
person 0.0012 418 186 451 204
person 0.0012 317 162 322 168
person 0.0012 308 143 316 149
person 0.0011 404 183 432 202
person 0.0010 68 131 77 138
person 0.0010 455 189 465 199
car 0.9944 65 205 109 240
car 0.9390 167 155 183 169
car 0.7122 378 193 416 214
car 0.4070 120 117 139 131
car 0.3382 418 186 451 204
car 0.3125 0 134 13 148
car 0.2090 417 191 442 206
car 0.1999 132 117 144 130
car 0.1989 75 129 89 137
car 0.1868 84 129 96 137
car 0.1750 57 131 69 138
car 0.1696 68 131 77 138
car 0.1388 9 128 35 140
car 0.1299 45 128 59 137
car 0.1280 0 130 12 144
car 0.0316 39 131 50 137
car 0.0305 493 208 500 229
car 0.0282 438 194 450 203
car 0.0253 492 201 500 222
car 0.0207 288 140 296 147
car 0.0183 162 122 167 128
car 0.0160 394 192 420 210
car 0.0154 95 131 102 137
car 0.0143 -6 113 510 188
car 0.0122 476 201 499 218
car 0.0112 2 135 22 149
car 0.0110 2 122 505 244
car 0.0090 159 122 164 128
car 0.0088 408 193 423 204
car 0.0068 25 137 40 147
car 0.0068 142 122 149 130
car 0.0064 16 129 46 140
car 0.0061 395 202 417 216
car 0.0054 308 149 317 154
car 0.0051 84 126 95 131
car 0.0049 20 136 487 371
car 0.0047 58 138 68 145
car 0.0047 475 197 499 209
car 0.0047 70 127 95 140
car 0.0046 119 119 127 130
car 0.0042 9 133 37 148
car 0.0041 438 189 451 201
car 0.0038 122 115 150 133
car 0.0037 0 117 190 173
car 0.0035 41 127 63 140
car 0.0034 361 159 366 165
car 0.0033 363 159 369 166
car 0.0032 51 128 74 140
car 0.0030 490 195 500 212
car 0.0025 494 261 500 297
car 0.0024 67 137 77 144
car 0.0021 457 193 496 209
car 0.0021 347 294 354 302
car 0.0020 402 191 431 207
car 0.0020 455 189 465 199
car 0.0020 296 142 307 149
car 0.0019 37 138 48 146
car 0.0019 386 172 432 208
car 0.0018 327 149 331 155
car 0.0017 45 138 59 145
car 0.0017 0 119 193 246
car 0.0017 211 123 221 129
car 0.0016 351 139 356 144
car 0.0015 435 191 453 205
car 0.0015 308 143 316 149
car 0.0015 336 140 340 145
car 0.0014 384 177 499 273
car 0.0013 457 188 469 201
car 0.0013 74 204 107 222
car 0.0012 0 122 131 152
car 0.0012 390 179 425 201
car 0.0012 455 190 474 208
car 0.0012 59 127 83 141
car 0.0012 431 181 441 188
car 0.0011 452 193 464 206
car 0.0011 248 156 495 361
car 0.0011 316 150 323 156
car 0.0010 317 141 322 147
motorbike 0.0023 132 117 144 130
motorbike 0.0017 120 117 139 131
aeroplane 0.0558 490 195 500 212
aeroplane 0.0483 475 197 499 209
aeroplane 0.0302 492 201 500 222
aeroplane 0.0117 475 199 500 223
aeroplane 0.0099 490 173 500 213
aeroplane 0.0096 454 191 499 211
aeroplane 0.0075 476 172 500 222
aeroplane 0.0072 484 189 500 214
aeroplane 0.0063 493 208 500 229
aeroplane 0.0053 45 128 59 137
aeroplane 0.0044 57 131 69 138
aeroplane 0.0041 452 178 500 220
aeroplane 0.0020 9 128 35 141
aeroplane 0.0020 457 188 469 201
aeroplane 0.0019 68 131 77 138
aeroplane 0.0019 0 130 12 144
aeroplane 0.0017 75 129 89 137
aeroplane 0.0016 480 179 500 293
aeroplane 0.0014 48 125 58 132
aeroplane 0.0014 84 126 95 131
aeroplane 0.0014 39 131 50 137
aeroplane 0.0012 488 147 500 219
aeroplane 0.0012 84 129 96 137
aeroplane 0.0012 120 116 142 131
aeroplane 0.0011 453 189 477 209
aeroplane 0.0010 470 183 500 244
aeroplane 0.0010 384 177 499 273
bus 0.0597 9 128 35 140
bus 0.0220 0 130 12 144
bus 0.0217 0 134 13 148
bus 0.0153 120 117 139 131
bus 0.0098 389 169 432 198
bus 0.0076 493 208 500 229
bus 0.0061 75 129 89 137
bus 0.0033 418 186 451 204
bus 0.0028 45 128 59 137
bus 0.0027 492 201 500 222
bus 0.0025 84 129 96 137
bus 0.0023 57 131 69 138
bus 0.0021 68 131 77 138
bus 0.0020 132 117 144 130
bus 0.0014 167 155 183 169
bus 0.0012 494 261 500 297
bus 0.0011 9 133 37 148
bus 0.0011 378 193 416 214
bus 0.0010 490 195 500 212
train 0.0021 389 169 432 198
train 0.0015 9 128 35 140
train 0.0012 493 208 500 229
boat 0.0152 75 129 89 137
boat 0.0151 57 131 69 138
boat 0.0110 68 131 77 138
boat 0.0108 84 129 96 137
boat 0.0105 45 128 59 137
boat 0.0071 351 139 356 144
boat 0.0066 327 149 331 155
boat 0.0044 361 159 366 165
boat 0.0040 288 140 296 147
boat 0.0040 120 117 139 131
boat 0.0032 354 139 359 144
boat 0.0032 413 135 424 146
boat 0.0028 336 140 340 145
boat 0.0024 363 159 369 166
boat 0.0024 490 195 500 212
boat 0.0021 84 126 95 131
boat 0.0015 316 150 323 156
boat 0.0014 493 208 500 229
boat 0.0013 490 173 500 213
boat 0.0013 317 141 322 147
boat 0.0013 492 201 500 222
boat 0.0012 308 149 317 154
boat 0.0011 76 125 90 131
boat 0.0011 374 140 378 145
boat 0.0010 132 117 144 130
bird 0.0012 374 140 378 145
cow 0.0012 327 149 331 155
