person 0.0029 246 240 341 315
person 0.0013 27 188 129 354
bicycle 0.0016 107 145 132 200
car 0.0107 46 53 95 119
car 0.0010 261 36 331 83
bird 0.0047 384 97 398 137
bird 0.0014 205 114 223 134
bird 0.0013 353 117 366 136
bird 0.0011 324 116 338 134
bird 0.0011 188 96 201 133
cat 0.0027 340 99 361 135
cat 0.0012 324 114 340 134
cat 0.0010 327 100 356 135
horse 0.0022 322 100 363 137
bottle 0.1651 188 96 201 133
bottle 0.0317 384 97 398 137
bottle 0.0144 206 115 223 134
bottle 0.0111 185 97 195 133
bottle 0.0057 341 99 360 135
bottle 0.0015 330 101 353 134
bottle 0.0015 334 107 346 136
bottle 0.0010 188 116 202 134
chair 0.9968 18 187 123 354
chair 0.1832 149 149 166 195
chair 0.1176 438 316 499 375
chair 0.1092 136 147 165 196
chair 0.0348 0 245 16 335
chair 0.0294 401 304 495 372
chair 0.0220 105 136 140 192
chair 0.0175 437 248 499 376
chair 0.0104 112 136 167 193
chair 0.0090 108 147 129 198
chair 0.0053 144 126 167 185
chair 0.0044 155 146 176 198
chair 0.0042 391 224 501 372
chair 0.0040 145 129 167 159
chair 0.0040 437 354 499 374
chair 0.0038 139 138 164 169
chair 0.0036 119 154 139 192
chair 0.0030 129 150 148 192
chair 0.0030 116 123 166 165
chair 0.0027 139 134 163 154
chair 0.0026 110 140 145 223
chair 0.0024 113 130 124 140
chair 0.0022 104 105 167 208
chair 0.0021 148 131 165 142
chair 0.0018 106 135 131 173
chair 0.0014 107 133 129 156
chair 0.0011 142 129 160 143
chair 0.0011 475 250 499 373
chair 0.0011 0 285 16 332
sofa 0.0643 438 316 499 375
sofa 0.0326 394 234 500 376
sofa 0.0141 0 245 16 335
sofa 0.0132 401 304 495 372
sofa 0.0030 27 188 129 353
sofa 0.0027 437 354 499 374
sofa 0.0012 0 284 16 332
pottedplant 0.9353 391 224 501 373
pottedplant 0.8809 219 101 269 134
pottedplant 0.0398 205 114 223 134
pottedplant 0.0255 235 117 257 133
pottedplant 0.0182 0 245 16 335
pottedplant 0.0124 436 248 500 375
pottedplant 0.0062 401 304 495 372
pottedplant 0.0049 395 292 443 372
pottedplant 0.0038 216 104 238 130
pottedplant 0.0032 184 97 206 136
pottedplant 0.0024 436 315 500 374
pottedplant 0.0024 378 238 455 370
pottedplant 0.0018 227 116 247 132
pottedplant 0.0018 405 322 459 373
pottedplant 0.0016 0 286 16 331
pottedplant 0.0015 490 248 500 347
pottedplant 0.0015 220 113 234 132
pottedplant 0.0015 340 99 361 135
pottedplant 0.0014 199 100 244 133
pottedplant 0.0013 472 254 500 361
pottedplant 0.0011 368 299 465 371
pottedplant 0.0011 210 107 223 129
diningtable 0.0080 136 147 165 196
diningtable 0.0044 21 180 122 343
diningtable 0.0042 112 136 167 193
diningtable 0.0019 105 142 140 204
diningtable 0.0017 437 248 499 376
diningtable 0.0016 436 315 500 374
diningtable 0.0010 150 150 166 195
tvmonitor 0.0270 223 213 355 331
tvmonitor 0.0061 246 240 343 316
