person 0.8339 61 179 118 354
person 0.8088 143 80 226 203
person 0.7385 83 82 157 232
person 0.6576 81 186 278 370
person 0.5474 224 0 498 377
person 0.4595 1 173 55 376
person 0.2809 -1 175 32 337
person 0.1003 205 75 230 156
person 0.0831 397 9 499 376
person 0.0476 89 84 150 115
person 0.0427 0 173 30 231
person 0.0335 37 62 475 372
person 0.0306 1 292 85 372
person 0.0246 473 251 500 373
person 0.0198 205 74 228 116
person 0.0150 212 91 346 340
person 0.0087 431 23 499 274
person 0.0075 56 69 160 302
person 0.0073 134 67 272 229
person 0.0070 474 138 500 372
person 0.0063 451 238 500 375
person 0.0061 80 55 261 317
person 0.0058 0 249 28 377
person 0.0055 -1 79 108 381
person 0.0054 189 72 247 166
person 0.0045 138 170 375 376
person 0.0045 -2 272 51 363
person 0.0037 441 121 500 385
person 0.0036 220 142 438 376
person 0.0036 467 8 501 384
person 0.0035 408 252 499 374
person 0.0032 476 234 499 324
person 0.0031 226 63 353 232
person 0.0029 160 86 231 165
person 0.0029 227 149 331 285
person 0.0029 0 331 86 374
person 0.0025 43 189 139 382
person 0.0022 278 242 466 369
person 0.0019 481 27 500 333
person 0.0019 87 85 153 145
person 0.0017 289 313 460 369
person 0.0017 136 18 343 220
person 0.0017 307 135 499 376
person 0.0016 71 185 123 297
person 0.0015 0 181 9 336
person 0.0014 228 171 335 370
person 0.0014 80 262 125 361
person 0.0014 284 335 361 375
person 0.0012 172 45 269 165
person 0.0012 484 235 501 363
person 0.0011 0 244 11 369
person 0.0011 72 61 180 181
person 0.0010 78 83 204 267
person 0.0010 67 275 111 349
person 0.0010 206 110 225 155
horse 0.0011 224 0 498 377
horse 0.0010 397 9 499 376
chair 0.0071 55 340 93 373
chair 0.0018 8 340 76 374
chair 0.0010 1 292 85 372
pottedplant 0.0197 223 9 404 135
pottedplant 0.0012 174 0 346 166
