person 0.1325 53 195 75 228
person 0.0273 56 190 70 216
person 0.0104 44 195 83 234
person 0.0066 49 196 61 228
person 0.0062 55 181 67 200
person 0.0025 479 181 500 246
person 0.0022 56 178 66 192
person 0.0016 488 184 500 239
person 0.0015 23 177 43 228
person 0.0012 0 253 10 363
person 0.0012 50 186 60 220
person 0.0011 3 213 133 259
person 0.0011 153 170 185 254
person 0.0010 0 252 27 344
person 0.0010 201 199 236 236
horse 0.0016 79 190 98 228
bottle 0.0018 56 190 70 216
bottle 0.0013 55 181 67 200
chair 0.9840 136 281 241 376
chair 0.9657 0 261 89 373
chair 0.8661 198 207 240 268
chair 0.7552 352 284 453 376
chair 0.6835 100 244 176 371
chair 0.5171 101 246 160 310
chair 0.4999 144 205 188 260
chair 0.2481 439 279 500 374
chair 0.2128 181 206 208 253
chair 0.1708 201 199 236 236
chair 0.1413 132 207 163 260
chair 0.1368 239 207 281 265
chair 0.1219 0 246 64 300
chair 0.1110 55 255 102 319
chair 0.0867 0 250 16 376
chair 0.0819 484 281 500 376
chair 0.0759 13 263 72 324
chair 0.0560 205 199 228 227
chair 0.0548 480 322 500 374
chair 0.0439 16 262 69 292
chair 0.0410 0 245 8 275
chair 0.0373 490 318 500 375
chair 0.0340 136 207 158 239
chair 0.0312 0 245 28 292
chair 0.0308 22 264 64 278
chair 0.0288 239 232 268 267
chair 0.0280 109 300 185 374
chair 0.0252 214 200 232 226
chair 0.0252 438 313 497 361
chair 0.0247 242 207 262 257
chair 0.0227 81 244 99 275
chair 0.0205 202 215 228 263
chair 0.0196 0 254 48 342
chair 0.0195 330 211 419 246
chair 0.0195 417 323 498 374
chair 0.0183 3 259 66 281
chair 0.0175 0 241 10 316
chair 0.0165 152 192 200 254
chair 0.0152 28 247 60 271
chair 0.0151 481 209 500 298
chair 0.0150 338 209 384 237
chair 0.0143 0 236 9 267
chair 0.0143 245 208 260 229
chair 0.0142 111 197 235 264
chair 0.0140 1 257 25 280
chair 0.0130 223 208 262 262
chair 0.0126 444 215 500 332
chair 0.0126 470 274 500 378
chair 0.0119 8 200 502 338
chair 0.0114 182 203 225 242
chair 0.0108 482 216 500 370
chair 0.0105 375 230 498 373
chair 0.0102 81 196 420 271
chair 0.0101 227 213 496 345
chair 0.0100 73 246 92 274
chair 0.0096 35 246 56 259
chair 0.0094 24 229 145 312
chair 0.0091 0 237 29 266
chair 0.0089 244 202 281 242
chair 0.0089 214 214 236 244
chair 0.0088 0 244 29 333
chair 0.0085 479 181 500 246
chair 0.0084 0 292 9 359
chair 0.0084 35 267 66 289
chair 0.0082 55 248 71 270
chair 0.0080 5 245 39 274
chair 0.0075 185 283 242 373
chair 0.0074 449 198 499 278
chair 0.0070 277 204 306 234
chair 0.0069 64 247 79 270
chair 0.0067 11 233 72 282
chair 0.0066 11 250 34 268
chair 0.0065 251 231 277 265
chair 0.0061 488 184 500 239
chair 0.0060 109 205 183 269
chair 0.0057 26 269 61 301
chair 0.0055 108 298 186 335
chair 0.0054 488 205 500 278
chair 0.0054 203 236 226 264
chair 0.0053 70 231 201 380
chair 0.0053 0 272 7 342
chair 0.0051 21 275 44 300
chair 0.0051 449 185 498 240
chair 0.0048 490 279 500 356
chair 0.0048 78 185 98 231
chair 0.0046 237 219 258 260
chair 0.0046 2 229 82 320
chair 0.0046 101 201 124 223
chair 0.0045 157 227 183 254
chair 0.0044 355 293 464 341
chair 0.0044 59 234 106 283
chair 0.0043 277 207 294 233
chair 0.0042 19 191 249 347
chair 0.0041 11 266 36 291
chair 0.0041 30 239 59 263
chair 0.0041 238 227 309 278
chair 0.0040 0 209 134 261
chair 0.0039 489 217 500 320
chair 0.0039 216 202 259 239
chair 0.0039 196 200 223 223
sofa 0.9254 228 225 497 359
sofa 0.0399 143 205 188 260
sofa 0.0206 145 284 243 373
sofa 0.0139 101 246 160 310
sofa 0.0120 197 207 240 268
sofa 0.0103 1 272 88 379
sofa 0.0098 201 199 236 236
sofa 0.0090 100 244 176 371
sofa 0.0077 134 208 160 251
sofa 0.0059 178 205 220 261
sofa 0.0049 245 188 488 278
sofa 0.0040 310 208 501 324
sofa 0.0040 111 197 235 264
sofa 0.0038 0 250 16 376
sofa 0.0033 183 204 217 239
sofa 0.0033 155 194 202 247
sofa 0.0028 14 211 498 370
sofa 0.0027 0 246 64 300
sofa 0.0023 155 215 410 305
sofa 0.0021 0 245 9 291
sofa 0.0020 0 235 27 278
sofa 0.0019 9 212 134 250
sofa 0.0019 440 240 499 377
sofa 0.0018 480 189 499 281
sofa 0.0018 489 272 500 381
sofa 0.0018 352 284 453 376
sofa 0.0018 112 209 167 268
sofa 0.0018 238 223 440 284
sofa 0.0018 330 211 419 246
sofa 0.0018 0 241 11 336
sofa 0.0016 444 199 500 332
sofa 0.0016 375 230 498 373
sofa 0.0015 153 171 185 253
sofa 0.0013 179 204 201 243
sofa 0.0012 239 207 281 265
sofa 0.0011 -1 240 31 302
sofa 0.0010 205 199 228 227
sofa 0.0010 81 196 420 271
pottedplant 0.3489 285 63 503 235
pottedplant 0.1657 249 55 323 230
pottedplant 0.1066 273 66 365 230
pottedplant 0.0891 379 78 500 232
pottedplant 0.0437 156 177 175 206
pottedplant 0.0433 251 48 318 126
pottedplant 0.0325 322 58 429 226
pottedplant 0.0325 23 177 43 229
pottedplant 0.0297 73 139 107 227
pottedplant 0.0237 261 111 288 236
pottedplant 0.0231 241 126 272 231
pottedplant 0.0223 475 100 500 221
pottedplant 0.0176 273 112 327 235
pottedplant 0.0172 242 155 264 232
pottedplant 0.0159 279 200 320 234
pottedplant 0.0153 153 192 186 251
pottedplant 0.0126 275 163 321 234
pottedplant 0.0102 206 63 311 236
pottedplant 0.0087 154 49 356 255
pottedplant 0.0084 448 90 500 226
pottedplant 0.0073 296 102 444 258
pottedplant 0.0066 219 120 299 240
pottedplant 0.0065 481 209 500 298
pottedplant 0.0059 347 131 411 222
pottedplant 0.0059 479 181 500 246
pottedplant 0.0058 447 211 499 296
pottedplant 0.0055 346 58 408 182
pottedplant 0.0049 238 81 285 240
pottedplant 0.0046 286 158 344 234
pottedplant 0.0046 296 116 369 235
pottedplant 0.0046 235 136 260 226
pottedplant 0.0043 316 65 343 107
pottedplant 0.0041 486 114 500 231
pottedplant 0.0041 267 149 295 239
pottedplant 0.0041 77 176 98 228
pottedplant 0.0040 156 174 177 227
pottedplant 0.0040 244 187 261 238
pottedplant 0.0036 81 244 99 274
pottedplant 0.0033 308 69 361 165
pottedplant 0.0032 241 194 279 247
pottedplant 0.0030 482 216 500 370
pottedplant 0.0028 289 197 339 234
pottedplant 0.0028 449 185 498 240
pottedplant 0.0027 246 86 400 265
pottedplant 0.0027 342 20 381 64
pottedplant 0.0025 201 199 236 236
pottedplant 0.0025 472 155 500 239
pottedplant 0.0025 489 100 500 190
pottedplant 0.0022 208 59 234 217
pottedplant 0.0022 437 217 500 373
pottedplant 0.0021 228 44 516 320
pottedplant 0.0020 336 124 446 230
pottedplant 0.0020 473 191 500 279
pottedplant 0.0019 175 65 248 217
pottedplant 0.0019 135 208 159 250
pottedplant 0.0018 393 73 498 164
pottedplant 0.0018 323 75 388 162
pottedplant 0.0018 55 238 103 319
pottedplant 0.0016 47 144 126 228
pottedplant 0.0016 0 281 14 377
pottedplant 0.0016 450 36 488 87
pottedplant 0.0016 73 246 92 274
pottedplant 0.0015 390 166 500 284
pottedplant 0.0015 28 22 466 283
pottedplant 0.0015 488 205 500 278
pottedplant 0.0014 317 125 393 229
pottedplant 0.0014 244 159 282 243
pottedplant 0.0014 479 73 500 172
pottedplant 0.0014 245 200 260 227
pottedplant 0.0013 100 213 160 309
pottedplant 0.0013 0 258 61 324
pottedplant 0.0013 59 234 106 283
pottedplant 0.0013 310 163 362 228
pottedplant 0.0012 216 202 259 239
pottedplant 0.0012 134 204 185 261
pottedplant 0.0011 484 281 500 376
pottedplant 0.0011 493 82 500 168
pottedplant 0.0011 361 58 401 107
pottedplant 0.0011 221 167 233 217
pottedplant 0.0010 284 61 352 180
pottedplant 0.0010 445 78 500 161
diningtable 0.1151 5 220 129 306
diningtable 0.0939 2 214 134 257
diningtable 0.0656 24 264 64 277
diningtable 0.0652 23 267 65 288
diningtable 0.0392 56 240 102 319
diningtable 0.0318 1 260 88 373
diningtable 0.0309 3 259 66 281
diningtable 0.0254 -1 246 64 299
diningtable 0.0177 361 285 495 375
diningtable 0.0167 21 266 65 308
diningtable 0.0163 12 262 73 325
diningtable 0.0121 439 320 499 375
diningtable 0.0099 15 260 69 294
diningtable 0.0077 48 196 80 231
diningtable 0.0074 107 299 181 373
diningtable 0.0063 35 218 145 242
diningtable 0.0050 49 232 114 285
diningtable 0.0049 49 208 118 265
diningtable 0.0041 480 322 500 374
diningtable 0.0040 484 281 500 376
diningtable 0.0039 60 246 99 290
diningtable 0.0039 240 208 268 268
diningtable 0.0032 -10 206 188 328
diningtable 0.0032 2 245 63 275
diningtable 0.0029 202 207 243 269
diningtable 0.0028 237 219 258 260
diningtable 0.0026 108 298 186 335
diningtable 0.0025 0 250 16 376
diningtable 0.0025 80 244 100 275
diningtable 0.0024 27 246 61 272
diningtable 0.0023 63 267 99 288
diningtable 0.0022 0 240 25 302
diningtable 0.0022 490 318 500 375
diningtable 0.0021 27 256 96 302
diningtable 0.0021 0 248 9 287
diningtable 0.0021 1 257 25 280
diningtable 0.0020 69 246 95 275
diningtable 0.0020 58 269 88 285
diningtable 0.0019 53 224 74 232
diningtable 0.0018 69 224 96 233
diningtable 0.0015 223 208 262 262
diningtable 0.0015 18 177 115 258
diningtable 0.0015 104 259 176 356
diningtable 0.0015 59 223 82 233
diningtable 0.0015 2 215 65 244
diningtable 0.0014 2 229 82 320
diningtable 0.0014 46 231 97 269
diningtable 0.0013 482 216 500 370
diningtable 0.0013 489 217 500 243
diningtable 0.0012 481 209 500 298
diningtable 0.0012 -1 250 46 327
diningtable 0.0012 21 275 44 300
diningtable 0.0012 0 241 10 316
diningtable 0.0011 490 218 500 280
diningtable 0.0011 0 243 27 274
diningtable 0.0010 0 238 8 264
diningtable 0.0010 437 258 500 374
diningtable 0.0010 37 252 86 285
diningtable 0.0010 57 246 85 272
diningtable 0.0010 50 274 97 320
diningtable 0.0010 -2 175 141 287
