person 0.9874 220 62 322 308
person 0.0120 8 193 473 318
person 0.0111 0 195 45 228
person 0.0078 222 112 343 225
person 0.0070 19 86 463 301
person 0.0059 117 170 135 186
person 0.0057 213 100 405 273
person 0.0051 456 196 479 298
person 0.0041 148 61 357 307
person 0.0035 468 203 480 308
person 0.0032 0 195 28 243
person 0.0026 0 182 12 240
person 0.0015 461 197 480 258
person 0.0015 0 195 11 315
person 0.0014 0 146 8 236
person 0.0014 0 180 7 220
person 0.0013 0 130 21 245
person 0.0012 -2 196 88 227
person 0.0011 206 170 230 191
person 0.0010 0 198 25 311
car 0.7994 375 212 478 318
car 0.5383 87 182 238 226
car 0.3066 388 253 470 317
car 0.0789 461 203 479 311
car 0.0256 464 205 480 250
car 0.0132 424 201 480 319
car 0.0130 1 176 421 311
car 0.0103 -4 196 91 227
car 0.0050 65 176 251 311
car 0.0049 0 195 46 228
car 0.0042 19 86 463 301
car 0.0042 19 131 381 258
car 0.0041 456 195 479 261
car 0.0040 40 199 95 224
car 0.0029 451 233 480 317
car 0.0026 28 161 239 235
car 0.0026 364 255 442 314
car 0.0022 305 169 480 317
car 0.0018 468 212 480 280
car 0.0012 465 183 480 238
car 0.0011 205 170 231 192
car 0.0010 0 193 28 258
motorbike 0.0014 455 216 479 312
motorbike 0.0011 468 214 480 313
motorbike 0.0010 433 226 480 320
bus 0.0407 37 105 354 214
bus 0.0137 19 86 463 301
bus 0.0108 19 131 381 258
bus 0.0087 356 170 481 317
bus 0.0076 94 183 230 229
bus 0.0050 461 201 480 286
bus 0.0029 214 61 326 286
bus 0.0014 148 61 357 307
bus 0.0013 34 107 218 199
train 0.0040 22 89 450 239
train 0.0016 216 60 324 288
horse 0.9120 5 179 479 313
horse 0.4815 0 192 92 289
horse 0.1407 6 197 92 225
horse 0.0825 0 196 28 287
horse 0.0638 41 202 94 230
horse 0.0524 0 194 29 244
horse 0.0389 0 194 46 318
horse 0.0361 1 194 44 227
horse 0.0358 383 172 479 315
horse 0.0217 0 180 243 302
horse 0.0205 0 196 43 259
horse 0.0150 0 195 13 260
horse 0.0144 -1 212 180 316
horse 0.0139 455 204 479 306
horse 0.0139 0 163 95 246
horse 0.0126 -1 197 66 237
horse 0.0125 0 195 11 315
horse 0.0116 36 80 447 305
horse 0.0068 89 185 237 263
horse 0.0051 468 203 480 308
horse 0.0048 434 216 480 313
horse 0.0028 0 189 11 232
horse 0.0022 -1 135 47 265
horse 0.0021 0 216 21 333
horse 0.0021 0 130 21 245
horse 0.0019 0 117 98 283
horse 0.0016 461 197 480 258
horse 0.0015 21 201 100 250
horse 0.0014 214 78 324 320
horse 0.0010 0 213 7 279
horse 0.0010 19 131 381 258
horse 0.0010 315 217 480 318
