person 0.9838 245 32 287 156
person 0.9632 200 33 245 155
person 0.9274 299 33 345 158
person 0.6067 343 59 412 145
person 0.4799 415 30 460 159
person 0.2221 285 72 434 147
person 0.1315 364 45 397 147
person 0.0895 1 130 25 154
person 0.0693 198 29 217 138
person 0.0448 0 130 10 155
person 0.0429 343 79 358 96
person 0.0415 490 59 500 153
person 0.0239 23 125 40 144
person 0.0227 414 30 460 93
person 0.0187 489 48 500 107
person 0.0174 482 86 500 157
person 0.0152 367 74 408 151
person 0.0145 493 59 500 112
person 0.0143 485 20 500 147
person 0.0100 10 131 33 155
person 0.0086 336 77 350 98
person 0.0086 0 133 9 171
person 0.0081 362 19 411 157
person 0.0065 0 10 6 62
person 0.0055 228 25 325 150
person 0.0053 193 19 222 58
person 0.0051 419 74 456 154
person 0.0049 416 51 439 102
person 0.0049 220 35 246 142
person 0.0048 203 59 230 149
person 0.0041 -3 112 115 180
person 0.0040 15 122 36 150
person 0.0039 353 80 365 97
person 0.0038 250 65 350 139
person 0.0035 0 131 26 173
person 0.0034 364 38 409 89
person 0.0033 395 76 431 131
person 0.0032 188 20 227 143
person 0.0032 414 62 446 129
person 0.0031 201 33 246 90
person 0.0030 337 82 363 103
person 0.0029 6 119 45 161
person 0.0029 489 99 500 167
person 0.0028 318 78 383 113
person 0.0027 202 34 464 161
person 0.0026 0 220 6 320
person 0.0025 203 50 215 84
person 0.0025 362 100 398 152
person 0.0024 0 148 7 176
person 0.0023 472 59 500 153
person 0.0022 34 126 49 145
person 0.0020 433 28 460 69
person 0.0020 355 59 388 133
person 0.0019 23 132 41 153
person 0.0019 398 69 460 141
person 0.0019 437 58 456 79
person 0.0017 350 84 371 104
person 0.0016 414 77 426 92
person 0.0016 185 15 286 160
person 0.0016 332 81 352 105
person 0.0015 420 70 437 119
person 0.0015 285 73 356 156
person 0.0014 202 45 231 110
person 0.0014 463 90 491 156
person 0.0014 201 84 216 146
person 0.0014 300 75 421 119
person 0.0013 311 62 349 146
person 0.0012 481 54 496 100
person 0.0012 0 22 4 71
person 0.0012 357 51 470 151
person 0.0011 425 56 449 96
person 0.0011 448 11 500 152
person 0.0011 303 30 342 105
person 0.0011 42 136 61 150
person 0.0011 411 32 443 85
person 0.0011 35 132 52 152
person 0.0010 192 20 244 68
person 0.0010 0 -4 5 118
person 0.0010 192 18 208 61
person 0.0010 0 220 14 328
person 0.0010 486 82 500 233
person 0.0010 299 85 342 147
person 0.0010 488 26 500 91
bicycle 0.0269 482 86 500 157
bicycle 0.0160 408 89 497 155
bicycle 0.0151 407 35 466 155
bicycle 0.0132 414 86 458 151
bicycle 0.0105 489 99 500 167
bicycle 0.0100 248 34 292 155
bicycle 0.0073 462 89 492 156
bicycle 0.0032 490 59 500 153
bicycle 0.0026 474 107 499 159
bicycle 0.0026 198 22 244 154
bicycle 0.0026 411 99 443 150
bicycle 0.0026 410 113 456 158
bicycle 0.0025 202 95 235 148
bicycle 0.0023 367 74 408 151
bicycle 0.0015 245 89 286 151
bicycle 0.0015 285 72 434 147
bicycle 0.0014 417 108 435 141
bicycle 0.0014 282 52 360 154
bicycle 0.0013 486 82 500 233
bicycle 0.0011 405 117 433 155
bicycle 0.0011 342 58 418 150
bicycle 0.0010 183 105 190 128
bicycle 0.0010 193 18 221 62
car 0.9461 -1 114 122 183
car 0.8732 285 72 434 147
car 0.1136 342 58 418 150
car 0.0695 293 36 347 155
car 0.0557 242 32 305 158
car 0.0356 202 34 464 161
car 0.0173 364 45 397 147
car 0.0139 392 75 435 132
car 0.0091 248 64 351 139
car 0.0085 300 75 421 119
car 0.0073 415 29 460 160
car 0.0071 150 102 185 129
car 0.0069 367 74 408 151
car 0.0047 491 36 500 156
car 0.0041 346 76 448 136
car 0.0039 272 92 315 138
car 0.0036 318 78 383 113
car 0.0035 482 86 500 157
car 0.0030 493 70 500 121
car 0.0030 490 53 500 102
car 0.0029 357 51 470 151
car 0.0029 189 117 206 130
car 0.0022 461 89 493 157
car 0.0020 311 62 349 146
car 0.0020 0 100 7 127
car 0.0019 0 102 8 149
car 0.0019 407 89 498 155
car 0.0018 398 69 460 141
car 0.0017 355 59 388 133
car 0.0016 199 25 245 152
car 0.0016 282 81 359 149
car 0.0015 259 86 303 145
car 0.0014 0 95 6 118
car 0.0014 252 62 290 148
car 0.0013 186 106 205 129
car 0.0011 379 86 418 141
car 0.0010 0 120 24 164
car 0.0010 163 4 492 211
motorbike 0.0159 285 72 434 147
motorbike 0.0088 407 35 466 155
motorbike 0.0066 244 31 288 158
motorbike 0.0036 489 80 500 151
motorbike 0.0024 199 25 245 152
motorbike 0.0023 282 52 360 154
motorbike 0.0017 202 34 464 161
motorbike 0.0017 418 74 457 153
motorbike 0.0017 302 39 343 151
motorbike 0.0015 193 18 221 62
motorbike 0.0012 192 20 244 69
bus 0.0021 450 13 499 141
bus 0.0017 -4 118 112 183
bus 0.0014 353 46 408 147
bus 0.0010 485 20 500 147
bird 0.0012 173 358 194 375
dog 0.0300 302 27 343 149
dog 0.0015 303 34 342 93
dog 0.0012 415 30 460 159
dog 0.0010 199 25 245 152
horse 0.0019 407 35 466 155
horse 0.0013 482 86 500 157
bottle 0.0022 183 105 190 128
bottle 0.0018 64 199 98 261
bottle 0.0012 35 228 61 285
bottle 0.0010 0 242 7 330
chair 0.0055 482 86 500 157
chair 0.0043 463 90 491 156
chair 0.0021 451 92 482 155
chair 0.0013 408 89 497 155
pottedplant 0.0077 415 29 460 159
pottedplant 0.0070 0 14 6 59
pottedplant 0.0025 0 1 6 93
pottedplant 0.0019 0 22 4 71
pottedplant 0.0010 302 39 343 151
diningtable 0.0023 408 89 497 155
diningtable 0.0014 280 78 435 148
