person 0.0289 84 183 102 198
person 0.0262 110 178 116 190
person 0.0061 86 181 99 191
person 0.0038 88 179 108 192
person 0.0036 103 184 114 199
person 0.0029 46 195 75 208
person 0.0026 63 195 75 206
person 0.0018 254 171 271 194
person 0.0017 74 183 93 200
person 0.0017 112 176 121 191
person 0.0013 248 172 265 194
person 0.0012 40 199 51 208
person 0.0012 215 177 236 203
person 0.0012 220 170 257 207
person 0.0010 147 172 179 205
bicycle 0.0059 46 195 75 208
bicycle 0.0016 84 183 102 198
bicycle 0.0016 46 193 95 209
bicycle 0.0015 63 195 75 206
car 0.6194 12 155 442 284
car 0.0462 38 196 70 209
car 0.0027 40 199 51 208
car 0.0019 84 183 102 198
car 0.0016 51 189 70 199
motorbike 0.0233 85 183 111 200
motorbike 0.0048 42 195 77 209
motorbike 0.0033 103 184 114 199
motorbike 0.0024 64 179 112 205
motorbike 0.0021 31 187 104 215
motorbike 0.0016 110 178 116 190
motorbike 0.0011 80 174 119 203
boat 0.0043 38 196 70 209
bird 0.0010 12 225 19 230
chair 0.0053 485 201 501 241
chair 0.0050 486 201 500 224
chair 0.0011 486 183 500 221
pottedplant 0.0011 414 123 444 185
diningtable 0.0026 486 202 500 221
diningtable 0.0016 485 201 501 241
