person 0.1984 212 -2 355 204
person 0.0420 277 5 350 203
person 0.0043 388 259 505 316
person 0.0025 196 0 333 37
person 0.0023 1 6 336 269
person 0.0021 316 11 400 137
person 0.0019 0 81 19 232
person 0.0018 210 0 347 88
person 0.0012 231 4 401 122
car 0.0101 206 1 387 119
car 0.0015 1 7 336 262
cat 0.1392 388 256 500 317
cat 0.0064 427 166 468 202
cat 0.0032 212 -2 355 204
cat 0.0027 177 174 452 329
dog 0.9830 166 172 410 333
dog 0.9712 3 4 335 315
dog 0.5756 391 256 496 316
dog 0.1377 210 -3 357 206
dog 0.0461 427 171 468 204
dog 0.0064 276 5 353 203
dog 0.0020 197 3 393 115
dog 0.0018 266 249 408 328
chair 0.0112 0 97 20 297
chair 0.0074 1 6 336 269
chair 0.0040 212 -2 355 204
chair 0.0033 0 98 15 208
chair 0.0030 197 2 394 118
chair 0.0016 0 28 21 214
chair 0.0015 0 62 133 288
chair 0.0015 64 145 140 213
chair 0.0012 0 92 55 301
sofa 0.0275 -12 7 312 305
sofa 0.0053 0 97 20 297
sofa 0.0029 206 1 387 119
sofa 0.0026 212 -2 355 204
sofa 0.0026 2 0 190 252
sofa 0.0014 8 -6 195 115
sofa 0.0013 39 -1 377 198
pottedplant 0.0010 0 81 19 232
tvmonitor 0.6945 322 2 396 124
tvmonitor 0.1057 197 3 393 115
tvmonitor 0.0107 210 -3 357 206
tvmonitor 0.0053 277 -3 396 157
tvmonitor 0.0048 8 -6 195 115
