person 0.0215 0 50 6 73
person 0.0064 103 51 118 66
person 0.0038 131 41 144 47
person 0.0038 121 41 138 48
person 0.0038 286 36 305 49
person 0.0035 275 37 289 50
person 0.0034 263 95 334 134
person 0.0034 202 43 212 57
person 0.0033 163 39 198 58
person 0.0030 116 43 141 53
person 0.0030 104 49 116 59
person 0.0020 310 37 319 47
person 0.0019 113 43 169 62
person 0.0018 224 33 241 52
person 0.0015 291 30 298 37
person 0.0015 266 38 283 50
person 0.0015 41 56 51 68
person 0.0013 99 59 123 83
person 0.0013 251 43 265 55
person 0.0012 0 31 7 72
person 0.0012 105 50 132 66
person 0.0011 93 55 109 65
person 0.0011 115 38 128 49
person 0.0010 98 50 124 68
bicycle 0.0202 99 59 123 83
bicycle 0.0087 95 71 128 84
bicycle 0.0044 82 59 135 85
bicycle 0.0035 44 59 54 78
bicycle 0.0030 92 72 110 84
bicycle 0.0018 86 70 117 85
bicycle 0.0016 73 75 83 82
bicycle 0.0014 91 59 114 82
bicycle 0.0013 41 56 51 68
car 0.9568 51 57 469 369
car 0.7353 115 42 179 64
car 0.4834 172 40 198 58
car 0.3141 254 41 268 55
car 0.2284 218 40 237 56
car 0.0974 0 50 6 73
car 0.0687 370 44 385 54
car 0.0590 116 43 141 53
car 0.0528 254 37 271 52
car 0.0442 455 38 478 46
car 0.0441 286 36 305 49
car 0.0343 105 44 134 60
car 0.0305 266 38 283 50
car 0.0281 121 41 138 48
car 0.0166 77 59 104 66
car 0.0165 109 42 150 59
car 0.0144 224 33 241 52
car 0.0142 202 43 212 57
car 0.0108 221 31 235 37
car 0.0102 105 50 132 66
car 0.0101 294 43 310 51
car 0.0097 134 39 202 62
car 0.0097 104 49 116 59
car 0.0088 103 51 118 66
car 0.0087 275 37 289 50
car 0.0076 341 45 358 55
car 0.0076 165 36 195 52
car 0.0075 363 44 380 54
car 0.0071 312 36 331 45
car 0.0070 202 42 231 56
car 0.0067 93 55 109 65
car 0.0061 310 37 319 47
car 0.0060 287 43 303 51
car 0.0060 371 41 388 48
car 0.0059 378 38 402 47
car 0.0046 259 41 285 54
car 0.0044 101 49 162 65
car 0.0042 459 36 489 47
car 0.0036 253 37 292 51
car 0.0036 192 40 243 57
car 0.0033 153 40 185 61
car 0.0031 197 41 216 58
car 0.0028 215 37 247 58
car 0.0027 98 50 124 68
car 0.0026 242 35 269 53
car 0.0025 56 58 105 68
car 0.0025 490 40 499 46
car 0.0024 0 31 7 72
car 0.0023 186 31 248 55
car 0.0023 378 45 399 56
car 0.0023 278 43 288 52
car 0.0022 317 36 343 45
car 0.0020 0 47 12 74
car 0.0020 334 26 347 31
car 0.0020 447 40 468 47
car 0.0020 131 41 144 47
car 0.0018 352 44 370 55
car 0.0017 309 43 318 54
car 0.0016 101 44 122 62
car 0.0014 333 45 349 56
car 0.0013 118 39 141 50
car 0.0013 115 38 128 49
car 0.0012 334 24 367 32
car 0.0012 322 44 339 55
car 0.0011 70 59 111 80
car 0.0011 228 42 264 55
car 0.0011 88 52 114 68
car 0.0011 217 33 274 52
car 0.0011 313 43 330 54
car 0.0010 154 36 250 61
car 0.0010 331 37 351 45
car 0.0010 383 25 390 32
car 0.0010 441 40 454 46
motorbike 0.0037 99 59 123 83
motorbike 0.0030 286 36 305 49
motorbike 0.0015 64 69 477 376
motorbike 0.0010 82 59 135 85
bus 0.0034 112 43 178 65
bus 0.0020 448 23 464 40
bus 0.0020 218 33 238 54
bird 0.0121 73 75 83 82
bird 0.0018 71 74 79 83
dog 0.0023 73 75 83 82
dog 0.0010 263 95 334 134
