person 0.0080 -1 243 361 329
person 0.0044 5 92 371 270
person 0.0020 -2 59 498 332
person 0.0015 -7 274 506 334
person 0.0010 -4 205 501 339
cat 0.9824 13 95 390 269
cat 0.0011 -2 59 498 332
dog 0.0048 11 90 387 270
bottle 0.0045 373 176 467 246
chair 0.1616 3 45 492 302
chair 0.1385 241 44 499 293
chair 0.0098 6 104 368 277
chair 0.0053 -1 243 361 329
chair 0.0018 11 168 483 326
sofa 0.4368 241 44 499 293
sofa 0.1577 3 45 492 302
sofa 0.0464 -1 243 361 329
sofa 0.0114 11 168 483 326
sofa 0.0074 6 104 368 277
sofa 0.0070 -7 274 506 334
sofa 0.0012 373 176 467 246
sofa 0.0012 233 36 506 166
sofa 0.0011 275 139 519 281
diningtable 0.0019 -1 244 499 330
diningtable 0.0011 11 168 483 326
tvmonitor 0.0043 226 90 520 296
tvmonitor 0.0012 0 123 31 203
