person 0.0041 386 237 425 265
person 0.0016 448 196 451 201
person 0.0015 494 234 499 242
person 0.0012 42 227 46 233
person 0.0011 140 245 157 255
person 0.0011 57 217 61 223
person 0.0011 141 247 157 263
person 0.0010 0 253 7 263
car 0.9759 87 249 115 280
car 0.9698 106 244 170 290
car 0.9519 385 240 424 268
car 0.8820 185 254 205 267
car 0.2435 208 262 224 268
car 0.0847 222 262 232 268
car 0.0300 172 261 184 270
car 0.0189 99 250 119 281
car 0.0165 54 252 64 260
car 0.0160 494 234 499 242
car 0.0152 187 258 227 269
car 0.0101 482 228 490 235
car 0.0075 181 258 196 269
car 0.0056 49 252 62 260
car 0.0051 0 253 7 263
car 0.0050 494 224 499 236
car 0.0048 17 256 30 264
car 0.0045 162 259 170 274
car 0.0036 203 256 229 266
car 0.0035 118 245 139 255
car 0.0034 483 231 492 239
car 0.0032 205 260 228 270
car 0.0028 104 247 134 286
car 0.0027 6 254 18 263
car 0.0026 474 215 480 221
car 0.0025 118 251 161 283
car 0.0025 87 252 99 279
car 0.0019 30 238 35 244
car 0.0019 119 244 158 257
car 0.0019 228 262 239 269
car 0.0018 26 255 37 262
car 0.0017 472 228 481 234
car 0.0015 464 217 471 221
car 0.0014 171 255 187 266
car 0.0013 173 252 205 269
car 0.0012 -5 248 512 326
car 0.0012 412 246 422 267
car 0.0011 314 254 330 261
car 0.0011 385 248 391 267
car 0.0011 169 258 186 271
car 0.0011 161 255 170 265
motorbike 0.0013 208 262 224 268
aeroplane 0.0022 0 7 500 266
bus 0.0020 385 240 424 270
