person 0.0576 490 151 500 193
person 0.0358 486 148 500 218
person 0.0072 31 110 52 143
person 0.0040 26 112 44 139
person 0.0038 490 138 500 173
person 0.0029 221 21 497 373
person 0.0019 487 111 500 199
person 0.0016 20 110 50 119
person 0.0011 0 97 8 116
person 0.0010 173 179 496 368
car 0.0044 483 136 500 223
car 0.0038 0 106 52 122
car 0.0024 0 105 53 140
car 0.0023 20 110 50 119
car 0.0022 0 106 9 121
car 0.0022 0 97 8 116
car 0.0020 490 150 500 194
bus 0.0029 483 107 500 214
boat 0.0016 483 136 500 223
boat 0.0013 482 102 500 182
boat 0.0011 486 108 500 119
bird 0.0016 352 144 442 162
bird 0.0012 168 23 499 372
bird 0.0011 160 147 171 160
dog 0.0778 186 200 265 317
dog 0.0698 168 23 499 372
dog 0.0012 162 189 325 343
dog 0.0010 177 180 462 368
horse 0.0500 168 23 499 372
horse 0.0191 184 193 270 324
horse 0.0012 177 180 462 368
horse 0.0011 0 142 45 164
sheep 0.0402 168 23 499 372
sheep 0.0084 184 193 270 324
sheep 0.0045 160 147 171 160
cow 0.4046 168 23 499 372
cow 0.0809 184 193 270 324
cow 0.0021 177 180 462 368
cow 0.0015 160 147 171 160
cow 0.0013 0 141 45 164
cow 0.0010 134 180 273 367
chair 0.0041 485 185 500 221
chair 0.0039 137 299 508 370
chair 0.0033 188 150 203 161
chair 0.0032 135 226 512 372
chair 0.0032 179 151 197 162
chair 0.0030 480 193 500 272
chair 0.0024 483 143 500 244
chair 0.0015 0 141 47 172
chair 0.0013 487 149 500 216
chair 0.0012 201 149 213 160
pottedplant 0.3584 -2 144 167 371
pottedplant 0.0330 0 331 96 374
pottedplant 0.0080 -2 245 109 373
pottedplant 0.0059 1 -7 171 328
pottedplant 0.0031 -1 142 55 302
pottedplant 0.0013 0 151 18 321
pottedplant 0.0011 0 105 96 329
diningtable 0.0067 137 299 508 370
diningtable 0.0045 135 226 512 372
diningtable 0.0025 480 193 500 272
diningtable 0.0020 485 189 500 217
diningtable 0.0012 137 304 279 370
