car 0.0253 127 231 141 240
car 0.0080 127 230 158 241
car 0.0042 146 231 158 240
car 0.0016 98 230 113 241
car 0.0011 88 230 143 241
chair 0.9928 254 258 342 421
chair 0.9805 143 273 245 467
chair 0.9787 42 253 130 417
chair 0.9055 169 242 207 267
chair 0.7005 84 245 114 283
chair 0.6225 249 250 296 282
chair 0.5911 59 251 104 307
chair 0.5672 270 252 321 310
chair 0.1158 55 253 78 307
chair 0.1024 256 253 300 313
chair 0.1020 65 249 125 339
chair 0.1005 259 256 328 339
chair 0.1004 294 253 322 295
chair 0.0867 77 247 118 308
chair 0.0645 271 248 299 284
chair 0.0438 287 256 331 329
chair 0.0308 65 249 101 284
chair 0.0279 238 250 302 339
chair 0.0195 60 251 87 292
chair 0.0189 170 240 208 253
chair 0.0188 59 250 76 281
chair 0.0178 44 257 65 312
chair 0.0131 91 246 137 280
chair 0.0130 279 239 296 250
chair 0.0126 84 244 108 270
chair 0.0126 234 252 285 290
chair 0.0120 132 264 140 269
chair 0.0119 242 249 278 280
chair 0.0114 313 261 341 323
chair 0.0099 233 232 249 241
chair 0.0095 69 266 103 299
chair 0.0089 99 261 280 386
chair 0.0085 49 250 106 355
chair 0.0082 173 233 205 243
chair 0.0079 275 247 296 264
chair 0.0075 263 231 275 242
chair 0.0059 45 257 77 331
chair 0.0058 80 247 152 348
chair 0.0056 231 252 299 406
chair 0.0055 217 231 246 242
chair 0.0054 264 268 295 296
chair 0.0054 242 264 277 282
chair 0.0052 280 231 296 244
chair 0.0050 90 258 117 285
chair 0.0048 166 234 204 260
chair 0.0047 213 241 251 266
chair 0.0039 45 257 79 412
chair 0.0037 140 262 241 303
chair 0.0036 234 264 246 270
chair 0.0036 307 257 325 306
chair 0.0032 272 281 300 305
chair 0.0032 117 258 314 327
chair 0.0032 103 268 125 280
chair 0.0031 217 231 228 241
chair 0.0031 260 246 279 266
chair 0.0030 265 240 294 249
chair 0.0030 68 282 103 304
chair 0.0029 318 258 337 307
chair 0.0028 60 250 74 263
chair 0.0028 325 259 342 307
chair 0.0028 105 259 141 273
chair 0.0024 149 253 218 294
chair 0.0024 256 277 300 346
chair 0.0024 284 254 309 289
chair 0.0022 81 229 110 243
chair 0.0021 87 244 182 273
chair 0.0020 98 230 113 241
chair 0.0020 280 293 316 312
chair 0.0020 128 262 158 269
chair 0.0020 105 267 140 277
chair 0.0019 103 252 164 384
chair 0.0019 215 239 249 249
chair 0.0018 249 244 287 270
chair 0.0018 275 235 298 252
chair 0.0018 254 272 283 291
chair 0.0018 281 265 311 299
chair 0.0017 329 258 341 289
chair 0.0015 262 229 296 244
chair 0.0015 68 291 102 313
chair 0.0014 263 239 277 248
chair 0.0014 170 242 270 266
chair 0.0014 61 279 111 343
chair 0.0013 112 264 234 284
chair 0.0012 307 252 322 278
chair 0.0012 81 229 95 242
chair 0.0012 89 270 118 294
chair 0.0011 134 226 231 267
chair 0.0011 146 231 158 240
chair 0.0011 239 232 254 241
chair 0.0010 225 257 294 308
chair 0.0010 16 272 295 453
chair 0.0010 193 233 205 241
chair 0.0010 308 262 343 363
pottedplant 0.0040 143 65 237 194
pottedplant 0.0010 142 79 243 282
diningtable 0.6296 131 263 257 460
diningtable 0.2982 94 258 283 327
diningtable 0.0142 125 255 258 306
diningtable 0.0137 166 242 204 269
diningtable 0.0114 76 269 289 396
diningtable 0.0037 60 252 108 313
diningtable 0.0035 112 264 234 284
diningtable 0.0031 106 267 239 299
diningtable 0.0028 48 252 136 416
diningtable 0.0028 39 248 326 484
diningtable 0.0027 215 252 287 276
diningtable 0.0024 254 269 341 426
diningtable 0.0022 279 239 296 250
diningtable 0.0022 217 231 246 242
diningtable 0.0021 215 239 249 249
diningtable 0.0021 88 246 118 282
diningtable 0.0019 81 248 110 294
diningtable 0.0019 242 251 298 332
diningtable 0.0017 97 224 276 289
diningtable 0.0015 149 253 218 294
diningtable 0.0015 219 264 283 281
diningtable 0.0014 64 246 125 339
diningtable 0.0011 129 265 196 282
diningtable 0.0011 233 232 249 241
diningtable 0.0011 213 236 251 255
