person 0.0019 0 161 23 210
person 0.0017 26 27 63 54
aeroplane 0.0010 164 198 189 207
dog 0.0010 492 315 500 356
bottle 0.0015 0 213 16 232
chair 0.9632 265 183 344 287
chair 0.9151 151 255 218 367
chair 0.8274 145 192 227 281
chair 0.7120 58 211 106 252
chair 0.0062 27 192 159 277
chair 0.0054 57 207 141 271
chair 0.0049 129 185 272 259
chair 0.0039 96 163 254 296
chair 0.0039 106 230 234 375
chair 0.0021 60 207 78 215
chair 0.0021 491 257 500 357
chair 0.0019 -2 187 199 349
chair 0.0017 487 219 500 364
chair 0.0016 213 158 363 302
chair 0.0015 62 210 101 233
chair 0.0014 274 180 317 205
chair 0.0013 96 183 313 213
chair 0.0012 16 252 229 371
chair 0.0012 0 164 22 215
chair 0.0010 75 193 250 237
diningtable 0.0439 -3 240 200 370
diningtable 0.0097 149 190 244 280
diningtable 0.0081 127 173 365 293
diningtable 0.0043 33 272 134 312
diningtable 0.0025 74 171 420 352
diningtable 0.0024 163 184 315 210
diningtable 0.0018 265 180 345 288
diningtable 0.0012 102 163 329 217
diningtable 0.0011 27 192 159 277
tvmonitor 0.8854 145 155 188 194
tvmonitor 0.8228 0 163 23 221
tvmonitor 0.3969 258 148 290 183
tvmonitor 0.0788 378 149 420 193
tvmonitor 0.0104 255 149 309 193
tvmonitor 0.0033 424 34 501 113
tvmonitor 0.0014 0 213 16 232
tvmonitor 0.0014 109 200 146 209
tvmonitor 0.0010 -3 157 55 235
