person 0.9798 440 0 500 380
person 0.9362 201 81 422 378
person 0.0517 201 84 327 271
person 0.0051 0 188 14 397
person 0.0030 481 54 500 374
person 0.0021 444 240 502 376
person 0.0021 0 150 16 319
person 0.0019 0 251 7 363
person 0.0017 76 6 185 105
person 0.0015 213 260 302 322
person 0.0013 484 215 499 371
person 0.0013 -3 215 368 377
person 0.0012 0 106 25 406
person 0.0011 296 255 425 373
person 0.0010 0 204 6 335
bottle 0.9759 83 187 112 249
bottle 0.7747 123 175 139 225
bottle 0.0141 124 195 139 244
bottle 0.0121 148 219 165 245
bottle 0.0100 114 172 142 249
bottle 0.0089 124 219 139 242
bottle 0.0044 8 106 155 273
bottle 0.0036 124 173 136 195
bottle 0.0029 88 212 111 247
bottle 0.0015 13 196 72 265
bottle 0.0014 81 167 167 262
bottle 0.0013 67 180 115 254
chair 0.0226 296 255 425 373
chair 0.0071 483 250 499 375
chair 0.0063 486 251 500 325
chair 0.0048 207 92 418 370
chair 0.0044 483 151 500 357
chair 0.0027 406 333 452 372
chair 0.0023 444 240 502 376
chair 0.0020 0 352 5 377
chair 0.0018 0 251 7 363
chair 0.0014 490 192 500 326
chair 0.0013 0 166 11 216
chair 0.0012 0 341 6 407
chair 0.0012 0 269 8 323
chair 0.0011 13 196 72 265
chair 0.0011 0 188 14 397
chair 0.0011 439 28 500 391
chair 0.0010 0 185 13 256
sofa 0.0094 292 254 426 375
sofa 0.0065 207 92 418 370
sofa 0.0020 483 250 499 375
sofa 0.0015 191 250 407 374
pottedplant 0.7557 2 105 157 266
pottedplant 0.0050 13 196 72 265
pottedplant 0.0022 79 185 109 251
pottedplant 0.0020 0 115 62 262
pottedplant 0.0014 31 144 135 248
pottedplant 0.0012 64 3 187 108
pottedplant 0.0010 0 126 18 266
diningtable 0.6763 -1 216 359 377
diningtable 0.0111 145 247 348 362
diningtable 0.0100 117 249 238 306
diningtable 0.0086 126 250 286 333
diningtable 0.0031 80 286 284 385
diningtable 0.0018 213 260 302 322
diningtable 0.0016 -5 74 369 394
diningtable 0.0012 103 319 247 374
diningtable 0.0011 21 298 389 370
tvmonitor 0.0017 63 3 188 107
