person 0.5990 371 147 392 185
person 0.0277 364 148 394 219
person 0.0027 336 80 497 349
person 0.0020 173 198 188 228
person 0.0018 374 146 398 202
person 0.0013 349 149 394 262
person 0.0010 377 145 395 173
person 0.0010 358 148 421 225
car 0.8231 335 131 497 355
car 0.0041 396 101 500 177
car 0.0019 403 102 499 135
car 0.0010 436 102 500 160
motorbike 0.9949 174 181 304 275
motorbike 0.9853 57 172 141 297
motorbike 0.0012 301 223 327 241
bus 0.0087 335 129 496 356
bus 0.0012 398 103 499 157
bird 0.0010 326 240 334 250
pottedplant 0.0033 144 211 172 233
pottedplant 0.0013 173 198 188 228
