person 0.9792 33 27 218 452
person 0.9154 66 163 371 500
person 0.6498 88 210 284 453
person 0.0986 328 190 370 255
person 0.0701 0 330 32 495
person 0.0424 129 217 261 389
person 0.0194 309 350 377 501
person 0.0145 324 437 374 500
person 0.0111 -1 240 45 510
person 0.0087 48 274 233 434
person 0.0078 -1 220 240 497
person 0.0076 239 350 381 501
person 0.0065 353 181 374 256
person 0.0064 220 168 373 497
person 0.0047 352 174 374 216
person 0.0033 324 188 375 307
person 0.0026 87 376 238 450
person 0.0026 -1 372 53 498
person 0.0025 19 326 375 501
person 0.0023 240 439 378 498
person 0.0023 307 172 377 500
person 0.0022 356 435 374 500
person 0.0021 114 384 208 439
person 0.0019 -4 307 81 500
person 0.0015 129 283 258 428
person 0.0015 45 102 55 115
person 0.0014 58 99 74 117
person 0.0014 55 358 294 467
person 0.0012 334 174 375 225
person 0.0010 223 170 375 335
bird 0.0080 317 53 375 91
cat 0.0019 318 53 374 93
bottle 0.0014 36 434 60 453
chair 0.6497 309 350 377 501
chair 0.0973 0 332 32 494
chair 0.0892 239 350 381 501
chair 0.0612 352 175 375 214
chair 0.0319 14 375 376 499
chair 0.0195 323 437 374 500
chair 0.0141 356 435 374 500
chair 0.0126 27 212 355 501
chair 0.0114 353 181 374 256
chair 0.0076 357 208 374 261
chair 0.0054 328 190 370 255
chair 0.0044 125 297 384 495
chair 0.0037 88 210 284 453
chair 0.0034 316 352 375 388
chair 0.0034 254 439 373 500
chair 0.0030 249 267 273 315
chair 0.0030 46 288 233 460
chair 0.0025 87 376 238 450
chair 0.0025 230 213 376 505
chair 0.0024 96 338 182 404
chair 0.0024 55 358 294 467
chair 0.0021 13 439 365 499
chair 0.0019 305 214 377 504
chair 0.0018 -1 236 58 489
chair 0.0015 114 384 208 439
chair 0.0014 350 362 377 497
chair 0.0014 77 409 129 445
chair 0.0013 115 343 171 374
chair 0.0011 310 411 363 502
chair 0.0011 53 405 151 451
chair 0.0011 -1 372 53 498
chair 0.0011 346 176 372 200
chair 0.0010 71 347 206 443
chair 0.0010 0 328 77 496
sofa 0.2168 0 330 32 495
sofa 0.0559 14 375 376 499
sofa 0.0468 22 210 367 502
sofa 0.0091 55 358 294 467
sofa 0.0084 -1 246 43 505
sofa 0.0057 353 181 374 256
sofa 0.0055 -4 307 81 500
sofa 0.0051 16 431 340 501
sofa 0.0049 87 376 238 450
sofa 0.0040 125 297 384 495
sofa 0.0037 352 174 374 215
sofa 0.0035 117 194 310 476
sofa 0.0033 328 190 370 255
sofa 0.0028 -2 329 226 489
sofa 0.0028 48 274 233 434
sofa 0.0025 357 208 374 261
sofa 0.0023 309 350 377 501
sofa 0.0018 -1 372 53 498
sofa 0.0018 53 405 151 451
sofa 0.0017 239 350 381 501
sofa 0.0012 22 393 214 470
sofa 0.0012 2 446 36 502
sofa 0.0012 96 338 182 404
sofa 0.0011 114 384 208 439
sofa 0.0010 9 329 67 461
pottedplant 0.6230 98 7 207 118
pottedplant 0.1672 1 208 57 431
pottedplant 0.0234 352 175 375 214
pottedplant 0.0170 130 11 227 188
pottedplant 0.0162 202 117 236 211
pottedplant 0.0064 93 67 111 95
pottedplant 0.0038 0 305 34 490
pottedplant 0.0034 188 103 241 229
pottedplant 0.0034 151 13 210 113
pottedplant 0.0032 207 130 235 187
pottedplant 0.0029 9 302 65 450
pottedplant 0.0027 317 53 375 91
pottedplant 0.0021 2 199 138 452
pottedplant 0.0019 317 54 375 205
pottedplant 0.0015 0 268 57 372
pottedplant 0.0015 353 181 374 256
pottedplant 0.0014 77 13 222 234
pottedplant 0.0014 351 163 374 197
pottedplant 0.0010 157 51 239 232
pottedplant 0.0010 28 201 42 232
diningtable 0.0019 352 175 375 214
diningtable 0.0011 359 210 375 260
