person 0.9939 9 70 428 376
person 0.8569 379 162 498 375
person 0.3818 69 25 107 75
person 0.0334 69 28 133 84
person 0.0125 491 232 500 384
person 0.0072 347 314 479 376
person 0.0054 0 8 115 362
person 0.0053 479 249 500 377
person 0.0045 477 222 500 329
person 0.0029 27 11 109 76
person 0.0028 437 168 499 369
person 0.0026 72 27 106 52
person 0.0024 471 165 500 385
person 0.0023 403 147 497 293
person 0.0021 0 14 13 376
person 0.0019 475 324 500 376
person 0.0017 0 -25 25 416
person 0.0015 447 244 500 379
person 0.0015 96 56 129 81
person 0.0012 92 44 146 85
person 0.0011 382 307 444 357
person 0.0011 489 294 500 378
person 0.0010 71 42 109 108
person 0.0010 397 310 433 353
bottle 0.9900 206 93 416 185
bottle 0.7339 52 255 69 289
bottle 0.7066 21 259 47 337
bottle 0.0587 1 27 430 372
bottle 0.0352 401 327 418 345
bottle 0.0259 8 253 46 361
bottle 0.0227 40 276 49 302
bottle 0.0210 318 239 327 247
bottle 0.0205 202 142 270 188
bottle 0.0161 27 0 54 25
bottle 0.0157 289 107 314 125
bottle 0.0131 259 96 367 142
bottle 0.0124 45 256 67 299
bottle 0.0123 30 266 52 330
bottle 0.0115 37 271 50 306
bottle 0.0107 286 100 334 126
bottle 0.0078 400 312 420 346
bottle 0.0072 24 261 46 294
bottle 0.0068 475 324 500 376
bottle 0.0063 319 241 327 251
bottle 0.0059 0 213 17 376
bottle 0.0057 0 334 7 375
bottle 0.0056 474 355 499 376
bottle 0.0054 0 358 6 373
bottle 0.0048 0 219 10 357
bottle 0.0044 271 100 372 126
bottle 0.0040 23 254 70 338
bottle 0.0038 107 58 130 79
bottle 0.0038 311 100 329 117
bottle 0.0034 1 318 23 376
bottle 0.0033 50 263 70 308
bottle 0.0033 489 368 500 376
bottle 0.0030 489 356 500 376
bottle 0.0029 12 306 35 350
bottle 0.0028 0 8 115 362
bottle 0.0027 397 310 433 353
bottle 0.0027 32 260 51 300
bottle 0.0025 205 129 313 187
bottle 0.0025 13 235 48 320
bottle 0.0023 7 300 24 355
bottle 0.0020 185 117 208 148
bottle 0.0020 473 367 500 376
bottle 0.0019 0 254 6 301
bottle 0.0019 249 203 309 254
bottle 0.0019 28 -27 54 29
bottle 0.0017 51 18 74 44
bottle 0.0016 9 313 23 340
bottle 0.0015 0 214 14 294
bottle 0.0015 14 320 32 348
bottle 0.0015 0 296 17 372
bottle 0.0014 44 277 61 299
bottle 0.0014 17 1 35 15
bottle 0.0013 25 261 43 279
bottle 0.0013 489 334 500 375
bottle 0.0011 5 247 25 366
bottle 0.0011 347 355 368 375
bottle 0.0011 23 -9 41 13
bottle 0.0011 5 246 86 347
bottle 0.0010 204 155 248 188
bottle 0.0010 169 99 319 199
bottle 0.0010 7 326 41 373
bottle 0.0010 46 265 74 326
bottle 0.0010 2 352 22 375
bottle 0.0010 0 221 8 265
chair 0.0064 474 355 499 376
chair 0.0055 490 242 500 390
chair 0.0049 479 249 500 377
chair 0.0037 475 324 500 376
chair 0.0027 473 367 500 376
chair 0.0027 491 254 500 302
chair 0.0025 489 356 500 376
chair 0.0023 489 368 500 376
chair 0.0019 477 222 500 329
chair 0.0016 474 363 500 382
chair 0.0013 0 259 16 368
chair 0.0011 493 262 500 332
chair 0.0011 347 355 368 375
chair 0.0010 346 327 410 373
sofa 0.0021 479 249 500 377
sofa 0.0010 490 242 500 390
pottedplant 0.0986 22 0 73 44
pottedplant 0.0835 27 0 55 26
pottedplant 0.0246 22 -13 63 33
pottedplant 0.0209 51 17 74 45
pottedplant 0.0180 13 -1 55 37
pottedplant 0.0085 11 0 102 73
pottedplant 0.0059 28 -27 54 29
pottedplant 0.0041 34 -2 65 28
pottedplant 0.0038 16 -36 79 49
pottedplant 0.0022 0 213 17 376
pottedplant 0.0014 40 0 58 24
pottedplant 0.0011 35 7 141 83
diningtable 0.0048 352 335 465 374
diningtable 0.0018 351 318 502 375
diningtable 0.0015 475 324 500 376
diningtable 0.0010 346 327 411 373
tvmonitor 0.0046 447 163 498 257
tvmonitor 0.0038 402 158 497 266
tvmonitor 0.0023 479 249 500 377
tvmonitor 0.0017 490 242 500 390
tvmonitor 0.0015 391 123 499 340
