person 0.9878 384 0 499 373
person 0.8668 99 1 315 130
person 0.8006 333 11 404 376
person 0.0213 279 17 393 370
person 0.0108 348 15 400 209
person 0.0107 350 13 402 107
person 0.0065 374 0 406 21
person 0.0051 63 0 352 216
person 0.0049 150 17 418 370
person 0.0046 352 62 435 370
person 0.0043 372 0 411 41
person 0.0033 312 0 368 75
person 0.0026 357 70 393 177
person 0.0025 0 6 59 82
person 0.0021 330 8 411 75
person 0.0020 -1 4 126 81
person 0.0017 348 0 462 307
person 0.0014 366 9 439 127
person 0.0013 390 0 426 19
person 0.0013 361 28 440 196
person 0.0013 0 -2 290 159
person 0.0012 0 3 25 82
person 0.0012 364 103 388 170
person 0.0011 21 3 251 83
person 0.0010 404 0 429 15
car 0.0181 -2 2 131 138
car 0.0108 47 3 314 128
car 0.0038 -1 6 186 204
car 0.0033 0 5 61 84
car 0.0027 0 11 115 278
car 0.0022 -9 5 344 220
car 0.0015 0 8 58 188
car 0.0010 376 -10 500 338
motorbike 0.9534 19 54 379 382
motorbike 0.0238 -2 2 131 138
motorbike 0.0066 -1 4 186 206
motorbike 0.0064 -1 5 59 135
motorbike 0.0027 0 3 100 85
motorbike 0.0026 50 2 311 129
motorbike 0.0024 0 11 115 278
