person 0.0453 4 0 59 16
person 0.0072 0 0 31 15
person 0.0068 191 0 279 25
person 0.0040 185 0 225 23
person 0.0030 317 116 392 210
person 0.0025 133 114 333 311
person 0.0019 1 0 172 20
person 0.0018 322 116 385 171
person 0.0016 0 0 9 16
person 0.0011 -3 0 107 16
person 0.0011 0 -1 58 41
person 0.0010 297 110 415 237
car 0.6130 2 -16 497 402
car 0.2640 260 1 474 56
car 0.0782 110 116 327 291
car 0.0057 -2 150 203 375
car 0.0055 208 0 425 40
car 0.0034 49 55 381 324
car 0.0032 221 115 494 307
car 0.0030 -3 -3 503 61
car 0.0022 191 0 279 25
car 0.0022 20 135 150 301
car 0.0019 261 0 364 36
car 0.0018 356 2 466 53
car 0.0010 426 2 471 54
car 0.0010 295 106 452 244
dog 0.9869 125 114 314 310
dog 0.0609 26 44 458 383
chair 0.0013 126 107 313 302
