person 0.1425 164 212 173 229
person 0.0312 13 222 20 235
person 0.0298 211 207 222 214
person 0.0175 136 216 145 227
person 0.0164 275 217 290 227
person 0.0107 16 222 25 234
person 0.0102 90 214 106 229
person 0.0097 229 204 238 218
person 0.0077 255 213 273 231
person 0.0062 284 217 301 230
person 0.0059 142 213 171 229
person 0.0053 320 215 343 224
person 0.0050 215 205 233 215
person 0.0047 299 216 309 227
person 0.0039 275 221 296 242
person 0.0038 337 139 363 173
person 0.0035 266 210 278 219
person 0.0030 186 211 248 257
person 0.0030 202 209 214 216
person 0.0029 303 215 318 227
person 0.0027 314 215 330 225
person 0.0026 264 214 286 227
person 0.0026 67 206 75 214
person 0.0023 281 218 301 247
person 0.0023 237 204 269 234
person 0.0022 172 216 178 228
person 0.0021 67 213 109 230
person 0.0019 493 217 500 243
person 0.0019 487 213 500 271
person 0.0018 256 220 272 241
person 0.0018 288 212 357 256
person 0.0018 165 205 173 223
person 0.0017 232 212 242 228
person 0.0014 198 222 215 239
person 0.0014 324 215 363 243
person 0.0014 203 214 229 229
person 0.0014 286 217 314 244
person 0.0012 190 217 199 227
person 0.0011 346 210 372 231
person 0.0011 305 220 320 241
person 0.0010 261 209 271 219
person 0.0010 196 213 216 227
person 0.0010 213 213 238 228
car 0.9966 186 214 249 262
car 0.9871 288 216 358 261
car 0.9749 258 220 287 242
car 0.8790 331 215 368 246
car 0.8337 59 214 106 231
car 0.8111 281 218 301 247
car 0.7408 476 222 499 277
car 0.6658 139 216 159 229
car 0.1514 256 220 272 241
car 0.1347 44 213 67 231
car 0.1284 245 224 264 236
car 0.0694 164 212 173 229
car 0.0478 211 207 222 214
car 0.0371 142 213 171 229
car 0.0354 275 221 296 242
car 0.0342 328 210 373 235
car 0.0327 487 213 500 271
car 0.0316 202 209 214 216
car 0.0242 22 309 495 371
car 0.0237 136 216 145 227
car 0.0229 121 214 138 228
car 0.0226 124 207 140 217
car 0.0213 90 214 106 229
car 0.0180 0 205 503 256
car 0.0165 44 221 64 233
car 0.0148 0 224 11 233
car 0.0140 330 209 370 218
car 0.0131 109 215 131 228
car 0.0128 346 210 372 231
car 0.0124 237 204 269 234
car 0.0123 165 331 505 373
car 0.0122 493 217 500 243
car 0.0119 284 217 301 230
car 0.0100 215 205 233 215
car 0.0097 139 201 164 220
car 0.0095 2 191 509 351
car 0.0090 364 213 377 230
car 0.0089 13 222 20 235
car 0.0088 279 225 294 248
car 0.0076 81 213 115 230
car 0.0075 286 217 314 244
car 0.0070 111 209 128 217
car 0.0066 97 216 126 228
car 0.0063 139 220 159 233
car 0.0060 275 217 290 227
car 0.0058 238 224 251 235
car 0.0045 58 218 90 236
car 0.0041 92 213 147 230
car 0.0035 16 222 25 234
car 0.0034 230 200 502 260
car 0.0033 116 211 144 229
car 0.0030 44 211 92 232
car 0.0028 478 208 500 333
car 0.0028 131 207 142 217
car 0.0025 -14 183 442 278
car 0.0025 323 335 497 375
car 0.0025 188 220 201 238
car 0.0024 264 214 286 227
car 0.0023 52 211 151 232
car 0.0022 0 212 11 232
car 0.0021 139 200 172 229
car 0.0018 192 212 242 233
car 0.0017 249 216 309 248
car 0.0017 109 222 128 232
car 0.0017 9 219 23 239
car 0.0017 157 209 176 231
car 0.0016 -4 83 499 286
car 0.0015 489 197 500 248
car 0.0015 300 224 344 255
car 0.0015 477 169 500 268
car 0.0015 366 221 376 234
car 0.0014 272 213 318 253
car 0.0014 338 148 362 175
car 0.0014 305 214 360 231
car 0.0013 196 213 216 227
car 0.0013 235 213 290 245
car 0.0013 190 217 199 227
car 0.0013 58 215 118 239
car 0.0013 320 215 343 224
car 0.0012 271 215 295 231
car 0.0012 116 205 142 219
car 0.0012 153 223 498 373
car 0.0011 186 225 193 235
car 0.0010 129 213 152 230
car 0.0010 203 214 229 229
car 0.0010 121 223 135 232
car 0.0010 205 204 227 216
motorbike 0.0065 164 212 173 229
motorbike 0.0024 476 207 500 277
motorbike 0.0020 245 224 264 236
motorbike 0.0012 281 223 300 250
motorbike 0.0012 487 213 500 271
motorbike 0.0010 493 217 500 243
bus 0.0159 237 204 269 234
bus 0.0092 45 212 74 231
bus 0.0034 140 201 172 226
bus 0.0025 60 212 106 233
bus 0.0017 139 216 159 229
bus 0.0016 476 208 500 275
bus 0.0012 215 205 233 215
bus 0.0011 0 168 48 236
train 0.0020 119 101 475 137
