person 0.4367 161 155 425 401
person 0.3135 54 16 504 405
person 0.0127 300 0 367 44
person 0.0072 303 0 363 19
person 0.0030 274 175 438 397
bottle 0.0016 413 0 425 17
bottle 0.0010 420 0 435 18
bottle 0.0010 433 0 446 20
bottle 0.0010 63 0 140 14
chair 0.0079 275 3 363 44
chair 0.0044 230 2 349 53
chair 0.0020 20 8 485 401
chair 0.0016 303 0 363 19
chair 0.0015 136 -1 368 53
chair 0.0012 0 1 143 128
chair 0.0011 481 329 500 413
sofa 0.7029 20 8 485 401
sofa 0.0151 308 20 503 419
sofa 0.0026 -2 6 146 119
sofa 0.0024 136 -1 368 53
sofa 0.0023 214 0 313 81
sofa 0.0017 120 0 311 94
sofa 0.0015 2 -4 271 418
sofa 0.0014 275 3 363 44
sofa 0.0013 230 2 349 53
