person 0.7510 206 87 300 291
person 0.0695 217 81 290 200
person 0.0219 161 94 394 287
person 0.0012 222 147 292 273
bicycle 0.0026 161 94 394 287
car 0.0353 161 94 394 287
car 0.0073 278 191 327 228
car 0.0026 210 89 304 290
car 0.0014 284 188 379 228
bus 0.0044 163 79 390 284
bus 0.0010 210 89 304 290
train 0.0021 163 79 390 284
boat 0.0013 163 79 390 284
horse 0.9715 175 100 391 283
horse 0.0547 201 87 306 291
horse 0.0088 258 137 393 267
horse 0.0056 174 103 268 279
horse 0.0018 269 187 336 230
horse 0.0011 305 123 404 228
