person 0.7386 246 126 261 141
person 0.2499 244 119 266 135
person 0.2472 235 124 272 147
person 0.2086 345 99 349 105
person 0.0974 342 99 347 105
person 0.0264 243 118 250 134
person 0.0207 255 129 273 144
person 0.0097 252 117 271 132
person 0.0076 287 118 293 126
person 0.0072 0 105 8 111
person 0.0067 340 97 347 102
person 0.0065 344 97 350 102
person 0.0059 267 130 275 141
person 0.0059 232 131 243 141
person 0.0055 209 99 221 105
person 0.0048 153 101 164 107
person 0.0043 464 93 470 96
person 0.0039 239 113 272 136
person 0.0035 227 131 266 150
person 0.0034 86 103 93 109
person 0.0034 307 95 317 99
person 0.0029 0 108 8 115
person 0.0029 141 102 154 107
person 0.0026 321 96 339 99
person 0.0026 209 96 220 102
person 0.0025 280 118 291 127
person 0.0023 136 104 145 108
person 0.0022 162 102 174 107
person 0.0021 297 95 307 100
person 0.0019 4 90 501 137
person 0.0018 311 96 332 99
person 0.0018 232 112 262 142
person 0.0016 265 136 277 147
person 0.0016 247 131 280 151
person 0.0015 78 110 86 114
person 0.0012 263 120 280 131
person 0.0011 7 104 21 110
person 0.0010 387 95 394 99
car 0.0026 162 102 174 107
car 0.0019 153 101 164 107
car 0.0016 170 101 186 106
car 0.0014 240 116 271 135
car 0.0014 230 121 276 151
car 0.0014 141 102 154 107
boat 0.5048 231 123 275 149
boat 0.1774 240 116 271 135
boat 0.0523 52 100 74 109
boat 0.0483 0 105 8 111
boat 0.0376 234 112 276 142
boat 0.0359 86 103 93 109
boat 0.0328 209 99 221 105
boat 0.0309 246 126 261 141
boat 0.0293 311 96 332 99
boat 0.0237 153 101 164 107
boat 0.0227 59 101 81 110
boat 0.0193 307 95 317 99
boat 0.0184 284 96 300 100
boat 0.0178 141 102 154 107
boat 0.0177 0 108 8 115
boat 0.0161 78 105 87 111
boat 0.0160 209 96 220 102
boat 0.0138 162 102 174 107
boat 0.0135 297 95 307 100
boat 0.0130 92 104 111 109
boat 0.0123 136 104 145 108
boat 0.0120 239 113 273 122
boat 0.0112 103 104 114 108
boat 0.0110 78 110 86 114
boat 0.0087 114 104 127 108
boat 0.0081 281 96 290 100
boat 0.0075 170 101 186 106
boat 0.0072 321 96 339 99
boat 0.0071 215 100 234 104
boat 0.0071 227 131 266 150
boat 0.0068 181 101 214 106
boat 0.0063 231 126 261 145
boat 0.0058 119 104 138 108
boat 0.0056 241 131 284 151
boat 0.0055 193 99 220 105
boat 0.0052 44 101 65 109
boat 0.0051 250 97 261 101
boat 0.0051 7 104 21 110
boat 0.0046 252 117 271 132
boat 0.0046 255 129 273 144
boat 0.0034 53 99 86 111
boat 0.0034 221 100 247 104
boat 0.0031 15 99 90 112
boat 0.0029 178 102 195 106
boat 0.0024 464 93 470 96
boat 0.0024 495 90 500 97
boat 0.0022 496 78 500 95
boat 0.0020 171 99 226 107
boat 0.0020 387 95 394 99
boat 0.0019 58 93 69 105
boat 0.0018 199 96 217 102
boat 0.0016 255 97 271 101
boat 0.0016 342 99 347 105
boat 0.0014 340 97 347 102
boat 0.0014 2 109 22 115
boat 0.0013 345 99 349 105
boat 0.0013 268 96 282 100
boat 0.0012 4 104 41 110
boat 0.0012 0 82 9 112
boat 0.0012 245 99 266 106
boat 0.0011 0 101 68 113
boat 0.0011 273 92 352 102
boat 0.0010 297 93 346 101
bird 0.0018 246 126 261 141
chair 0.0038 240 116 271 135
chair 0.0010 231 123 275 149
