person 0.0064 0 203 4 223
person 0.0056 0 210 8 230
person 0.0038 0 215 13 246
person 0.0033 128 86 145 107
person 0.0021 491 197 500 244
person 0.0020 0 169 5 234
person 0.0020 0 218 33 265
person 0.0019 493 210 499 253
person 0.0017 -1 217 15 264
person 0.0016 90 84 106 105
person 0.0013 -1 260 33 372
person 0.0010 0 183 28 255
bird 0.0010 295 33 305 41
bottle 0.3125 35 208 45 240
bottle 0.0268 159 135 172 173
bottle 0.0077 352 165 360 185
bottle 0.0072 343 156 353 171
bottle 0.0043 280 144 293 178
bottle 0.0026 352 145 361 180
bottle 0.0022 346 140 361 169
bottle 0.0018 31 217 41 241
bottle 0.0014 492 131 500 158
bottle 0.0014 493 210 499 253
bottle 0.0011 284 142 295 166
chair 0.9952 331 213 480 376
chair 0.9735 97 205 154 348
chair 0.9639 241 186 281 285
chair 0.9607 278 191 328 293
chair 0.9440 20 233 83 362
chair 0.1966 -1 278 33 374
chair 0.1233 0 210 8 230
chair 0.0812 -1 216 35 263
chair 0.0527 0 216 13 244
chair 0.0483 0 203 4 223
chair 0.0355 71 229 113 346
chair 0.0319 0 226 106 321
chair 0.0282 2 218 131 372
chair 0.0261 0 222 27 243
chair 0.0249 110 206 153 258
chair 0.0239 -1 216 15 264
chair 0.0228 253 199 290 295
chair 0.0203 243 186 283 219
chair 0.0194 243 186 263 216
chair 0.0173 0 224 52 373
chair 0.0152 59 225 133 360
chair 0.0120 0 217 45 291
chair 0.0120 23 229 121 289
chair 0.0098 263 197 302 285
chair 0.0089 16 232 106 267
chair 0.0088 245 170 355 265
chair 0.0087 113 206 124 253
chair 0.0082 0 232 28 312
chair 0.0072 242 184 266 262
chair 0.0062 68 232 115 273
chair 0.0061 0 204 25 240
chair 0.0057 492 202 500 238
chair 0.0052 1 211 21 232
chair 0.0051 77 216 124 293
chair 0.0049 -11 283 107 372
chair 0.0045 103 207 136 270
chair 0.0043 121 209 152 329
chair 0.0042 239 190 257 276
chair 0.0041 260 203 282 215
chair 0.0041 82 239 116 258
chair 0.0040 0 178 4 226
chair 0.0036 3 216 119 264
chair 0.0035 34 230 89 251
chair 0.0034 10 235 78 302
chair 0.0034 493 210 499 253
chair 0.0033 -10 218 75 280
chair 0.0031 279 189 324 218
chair 0.0031 2 181 354 357
chair 0.0030 -1 234 17 282
chair 0.0029 47 231 78 245
chair 0.0028 0 183 28 255
chair 0.0028 61 231 101 305
chair 0.0026 79 229 85 238
chair 0.0025 59 234 88 344
chair 0.0024 -1 211 36 341
chair 0.0023 283 190 322 254
chair 0.0022 96 267 142 347
chair 0.0022 491 191 500 271
chair 0.0022 35 212 45 241
chair 0.0020 102 228 141 326
chair 0.0020 224 149 361 303
chair 0.0019 21 278 68 354
chair 0.0018 79 230 86 251
chair 0.0017 83 266 122 351
chair 0.0016 61 234 101 263
chair 0.0015 231 171 366 223
chair 0.0015 31 217 41 241
chair 0.0015 75 227 89 257
chair 0.0015 125 208 150 215
chair 0.0015 0 231 23 267
chair 0.0015 246 185 262 203
chair 0.0014 0 198 45 248
chair 0.0014 476 203 500 267
chair 0.0014 257 200 285 221
chair 0.0013 44 238 99 357
chair 0.0013 18 357 163 374
chair 0.0013 68 260 99 353
chair 0.0013 120 210 141 252
chair 0.0013 5 219 57 262
chair 0.0013 254 191 288 215
chair 0.0012 0 192 13 232
chair 0.0012 475 176 498 245
chair 0.0012 60 219 117 264
chair 0.0011 240 174 313 220
chair 0.0010 491 174 500 232
chair 0.0010 67 184 184 360
chair 0.0010 251 216 275 264
chair 0.0010 263 211 284 270
sofa 0.0768 329 224 483 386
sofa 0.0412 -1 278 33 374
sofa 0.0407 -1 216 35 263
sofa 0.0151 2 218 131 372
sofa 0.0122 -3 224 121 305
sofa 0.0106 0 217 45 291
sofa 0.0087 0 232 28 312
sofa 0.0061 0 224 52 373
sofa 0.0039 -1 211 36 341
sofa 0.0027 0 213 106 266
sofa 0.0026 19 246 82 364
sofa 0.0023 0 215 13 246
sofa 0.0022 -1 217 15 264
sofa 0.0019 0 210 8 230
sofa 0.0019 476 175 500 264
sofa 0.0016 0 183 28 255
sofa 0.0015 5 289 159 374
sofa 0.0015 491 197 500 244
sofa 0.0011 280 194 327 300
pottedplant 0.0043 493 210 499 253
pottedplant 0.0042 491 191 500 271
pottedplant 0.0038 476 203 500 267
pottedplant 0.0035 492 202 500 238
diningtable 0.7116 258 183 342 295
diningtable 0.5077 13 233 92 364
diningtable 0.2754 -3 224 121 305
diningtable 0.1500 224 149 361 303
diningtable 0.1328 59 225 133 360
diningtable 0.0472 231 171 366 223
diningtable 0.0404 7 220 162 376
diningtable 0.0394 82 239 116 258
diningtable 0.0374 -4 283 147 373
diningtable 0.0346 240 192 285 286
diningtable 0.0325 281 194 327 298
diningtable 0.0264 2 216 120 266
diningtable 0.0191 -1 260 33 372
diningtable 0.0185 9 355 155 374
diningtable 0.0183 94 213 150 357
diningtable 0.0182 226 158 371 204
diningtable 0.0161 0 215 44 302
diningtable 0.0157 0 232 28 312
diningtable 0.0138 17 231 105 288
diningtable 0.0130 83 243 95 255
diningtable 0.0118 -1 223 55 367
diningtable 0.0113 50 235 111 262
diningtable 0.0106 71 229 113 346
diningtable 0.0102 260 203 282 215
diningtable 0.0099 256 196 310 286
diningtable 0.0098 78 239 119 279
diningtable 0.0072 0 210 8 230
diningtable 0.0072 14 229 93 253
diningtable 0.0071 -1 252 16 285
diningtable 0.0053 77 216 124 293
diningtable 0.0051 -1 216 35 263
diningtable 0.0040 72 238 93 259
diningtable 0.0038 -10 218 75 280
diningtable 0.0038 0 216 13 244
diningtable 0.0036 245 191 283 228
diningtable 0.0029 257 200 285 221
diningtable 0.0029 283 192 320 227
diningtable 0.0028 -1 220 17 277
diningtable 0.0028 52 230 109 307
diningtable 0.0027 0 203 4 223
diningtable 0.0023 0 260 23 294
diningtable 0.0022 8 183 344 357
diningtable 0.0021 0 222 27 243
diningtable 0.0020 11 231 76 269
diningtable 0.0020 248 188 295 216
diningtable 0.0020 40 230 83 250
diningtable 0.0019 254 187 335 218
diningtable 0.0018 493 210 499 253
diningtable 0.0018 64 226 98 258
diningtable 0.0017 79 264 125 352
diningtable 0.0015 -12 338 158 374
diningtable 0.0015 -1 242 15 334
diningtable 0.0015 492 202 500 238
diningtable 0.0014 17 237 70 299
diningtable 0.0014 20 219 63 260
diningtable 0.0012 254 189 289 254
diningtable 0.0012 76 248 107 270
diningtable 0.0011 27 163 384 292
diningtable 0.0010 35 212 45 241
diningtable 0.0010 2 191 179 275
tvmonitor 0.0109 320 140 345 167
tvmonitor 0.0052 315 110 342 142
tvmonitor 0.0033 492 131 500 158
tvmonitor 0.0024 491 151 500 178
tvmonitor 0.0019 492 194 500 231
tvmonitor 0.0014 493 119 500 151
tvmonitor 0.0010 490 134 500 173
