person 0.2119 251 257 279 279
person 0.0316 213 257 234 277
person 0.0097 247 258 268 277
person 0.0023 198 256 218 277
person 0.0023 208 254 227 271
person 0.0018 122 235 343 365
person 0.0015 257 255 274 270
person 0.0014 218 257 248 276
car 0.9974 123 245 320 366
car 0.0112 0 263 9 274
car 0.0037 35 266 51 273
car 0.0031 66 265 81 273
car 0.0030 45 267 58 273
car 0.0027 26 266 42 274
car 0.0023 53 265 70 273
car 0.0016 4 265 19 275
car 0.0012 494 271 500 283
car 0.0010 450 263 461 276
car 0.0010 431 242 441 254
pottedplant 0.0015 75 261 145 299
pottedplant 0.0014 369 258 426 296
