person 0.5440 240 234 249 243
person 0.2290 230 233 238 241
person 0.1341 244 235 261 245
person 0.0681 249 228 257 237
person 0.0505 241 229 249 237
person 0.0395 231 229 238 239
person 0.0273 414 214 425 231
person 0.0136 225 235 231 245
person 0.0078 227 232 266 249
person 0.0034 416 222 425 233
person 0.0016 225 232 243 246
person 0.0012 27 228 33 233
boat 0.9590 224 167 280 255
boat 0.0239 218 231 277 251
boat 0.0134 414 214 425 231
boat 0.0130 153 265 498 369
boat 0.0112 224 240 279 253
boat 0.0107 27 228 33 233
boat 0.0070 240 234 249 243
boat 0.0039 244 235 261 245
boat 0.0025 135 320 378 373
boat 0.0022 396 213 422 232
boat 0.0016 416 222 425 233
boat 0.0015 230 233 238 241
boat 0.0013 249 228 257 237
boat 0.0013 217 208 277 252
bird 0.0033 27 228 33 233
chair 0.0014 149 279 501 370
chair 0.0011 135 320 378 373
