car 0.0069 8 0 485 263
car 0.0066 105 19 148 33
car 0.0025 46 15 379 91
car 0.0023 32 1 402 36
car 0.0015 104 18 145 46
car 0.0010 13 7 420 156
cat 0.9764 4 25 234 246
cat 0.9464 226 22 486 219
cat 0.0064 338 22 406 54
cat 0.0051 91 21 333 144
cat 0.0038 184 20 416 130
cat 0.0035 0 5 432 255
cat 0.0033 201 71 277 123
cat 0.0019 46 15 379 91
cat 0.0017 166 55 311 136
cat 0.0017 141 23 261 126
cat 0.0011 18 36 223 151
dog 0.0144 -1 34 243 260
dog 0.0020 247 25 489 234
sofa 0.0122 10 60 491 258
sofa 0.0010 -2 22 228 246
pottedplant 0.0103 338 22 406 54
pottedplant 0.0032 1 37 46 87
pottedplant 0.0023 0 30 26 90
pottedplant 0.0016 0 37 94 87
pottedplant 0.0015 135 38 162 64
tvmonitor 0.0011 10 1 482 259
