person 0.0082 22 165 28 180
person 0.0079 21 173 27 181
person 0.0061 245 174 261 191
person 0.0046 369 154 387 187
person 0.0038 320 171 329 186
person 0.0034 104 164 114 181
person 0.0030 324 171 332 186
person 0.0026 0 172 6 183
person 0.0020 367 157 378 186
person 0.0020 370 170 385 187
person 0.0017 255 169 272 191
person 0.0016 0 161 6 182
person 0.0011 243 173 252 192
person 0.0011 77 164 84 181
car 0.0018 0 172 6 183
train 0.9277 29 107 343 290
train 0.9264 336 121 443 266
train 0.0069 459 142 497 178
train 0.0035 0 161 6 182
train 0.0030 438 185 501 216
train 0.0029 0 172 6 183
train 0.0020 22 165 28 180
train 0.0018 0 154 7 170
train 0.0018 0 155 9 185
train 0.0012 -1 152 30 186
