person 0.9824 275 21 502 331
person 0.9589 0 50 281 337
person 0.0112 2 142 48 168
person 0.0039 -10 15 504 360
person 0.0021 480 64 499 328
person 0.0017 448 46 500 344
person 0.0014 0 42 120 332
person 0.0013 474 218 500 327
person 0.0012 0 148 5 163
bottle 0.0016 0 148 5 163
bottle 0.0014 189 128 202 155
chair 0.0021 0 57 278 367
chair 0.0020 205 236 221 266
chair 0.0016 277 41 501 340
chair 0.0015 0 270 128 349
chair 0.0014 -2 180 136 341
chair 0.0012 137 218 221 324
chair 0.0012 0 310 121 360
pottedplant 0.0494 243 1 429 133
pottedplant 0.0046 0 50 63 158
pottedplant 0.0033 258 9 501 319
pottedplant 0.0020 242 14 348 180
pottedplant 0.0012 256 26 371 130
diningtable 0.4898 0 307 500 372
diningtable 0.0844 4 242 496 370
diningtable 0.0023 42 313 283 354
diningtable 0.0019 120 312 436 355
diningtable 0.0015 6 86 494 370
diningtable 0.0013 -33 328 540 424
diningtable 0.0012 271 322 371 341
diningtable 0.0012 -3 327 327 373
