person 0.9733 481 71 500 167
person 0.6869 416 71 433 104
person 0.6792 389 71 407 101
person 0.6206 401 72 413 100
person 0.6085 381 71 398 100
person 0.5446 372 71 388 98
person 0.5387 411 73 424 101
person 0.3681 345 68 360 84
person 0.2671 365 70 377 94
person 0.2475 367 67 377 84
person 0.2446 350 70 366 85
person 0.1557 431 80 444 107
person 0.0740 136 70 193 114
person 0.0681 347 72 360 90
person 0.0640 16 33 484 251
person 0.0593 337 68 349 78
person 0.0561 371 69 384 83
person 0.0551 432 75 444 97
person 0.0430 19 35 489 134
person 0.0359 349 71 369 93
person 0.0350 403 71 414 85
person 0.0345 133 69 163 105
person 0.0250 397 70 404 84
person 0.0233 412 73 421 82
person 0.0201 386 70 395 83
person 0.0188 159 64 194 109
person 0.0151 261 53 475 126
person 0.0126 456 101 480 140
person 0.0110 345 67 404 102
person 0.0100 398 71 432 101
person 0.0099 361 66 381 90
person 0.0067 441 78 446 92
person 0.0064 365 83 379 99
person 0.0063 487 111 500 170
person 0.0060 344 65 352 72
person 0.0044 429 68 444 81
person 0.0044 376 62 498 127
person 0.0038 440 80 447 106
person 0.0037 492 71 500 95
person 0.0035 423 70 433 80
person 0.0034 368 67 388 88
person 0.0033 375 69 446 103
person 0.0029 486 74 500 133
person 0.0029 285 59 427 104
person 0.0029 328 72 490 164
person 0.0028 321 61 394 103
person 0.0023 358 67 429 120
person 0.0023 382 70 397 86
person 0.0018 362 81 382 102
person 0.0018 492 113 500 188
person 0.0017 494 67 500 86
person 0.0016 494 129 500 173
person 0.0015 392 69 407 86
person 0.0015 430 94 444 108
person 0.0014 330 55 455 111
person 0.0013 456 92 493 152
person 0.0013 483 87 499 220
person 0.0013 185 16 474 108
person 0.0013 150 68 171 103
person 0.0013 338 63 348 73
person 0.0010 478 115 498 167
person 0.0010 390 88 495 158
person 0.0010 368 66 375 72
person 0.0010 411 98 426 105
bicycle 0.0021 431 80 444 107
car 0.9941 20 46 480 268
motorbike 0.0026 431 80 444 107
motorbike 0.0012 40 46 503 271
bus 0.0015 59 3 224 70
dog 0.0054 136 70 192 114
dog 0.0025 131 72 167 111
pottedplant 0.0010 431 80 444 107
tvmonitor 0.0802 398 36 439 61
tvmonitor 0.0045 429 68 444 81
tvmonitor 0.0037 420 36 437 60
tvmonitor 0.0021 397 35 420 60
tvmonitor 0.0013 412 73 421 82
