person 0.9979 189 29 264 211
person 0.9926 73 91 197 357
person 0.9805 19 14 54 114
person 0.9576 157 203 340 500
person 0.9482 332 31 374 256
person 0.0663 334 36 374 146
person 0.0114 183 213 333 366
person 0.0059 19 45 37 99
person 0.0059 332 144 374 254
person 0.0046 204 230 303 339
person 0.0021 88 111 183 230
person 0.0020 342 44 369 79
person 0.0017 335 38 374 93
person 0.0017 20 57 35 90
person 0.0011 25 52 53 112
person 0.0010 83 226 192 377
person 0.0010 329 104 375 330
bicycle 0.8558 85 234 191 428
bicycle 0.7259 148 354 328 500
bicycle 0.0329 225 431 273 501
bicycle 0.0210 140 230 340 511
bicycle 0.0055 211 186 246 220
bicycle 0.0049 197 404 282 500
bicycle 0.0030 76 94 195 418
bicycle 0.0018 129 289 185 423
bicycle 0.0016 209 437 302 499
bicycle 0.0014 144 338 226 467
bicycle 0.0013 143 367 183 430
bicycle 0.0011 224 385 276 490
bicycle 0.0011 147 331 180 390
motorbike 0.1214 147 353 330 500
motorbike 0.0239 86 236 188 429
motorbike 0.0059 147 226 350 516
motorbike 0.0013 225 431 273 501
