person 0.9913 323 6 438 330
person 0.9898 122 164 212 330
person 0.0035 140 193 156 240
person 0.0026 0 130 26 301
person 0.0022 0 132 17 256
person 0.0020 0 190 12 229
person 0.0019 -1 181 37 329
person 0.0018 320 127 352 181
person 0.0012 0 157 13 240
person 0.0012 322 145 352 213
person 0.0011 316 117 353 238
person 0.0011 0 114 9 245
person 0.0010 90 181 321 316
dog 0.0010 0 191 12 229
chair 0.9414 433 138 479 243
chair 0.4956 261 134 331 244
chair 0.2866 324 156 352 238
chair 0.2041 0 176 42 330
chair 0.0145 265 135 319 182
chair 0.0144 0 190 12 229
chair 0.0092 319 65 443 310
chair 0.0091 328 157 352 201
chair 0.0071 285 142 354 244
chair 0.0065 275 176 324 198
chair 0.0065 323 155 341 186
chair 0.0052 321 151 344 207
chair 0.0048 0 130 26 301
chair 0.0042 434 137 480 189
chair 0.0042 262 179 329 235
chair 0.0039 436 191 475 242
chair 0.0036 330 186 352 228
chair 0.0035 333 158 350 184
chair 0.0033 322 134 464 259
chair 0.0031 0 250 41 336
chair 0.0028 11 209 40 229
chair 0.0028 313 145 335 193
chair 0.0028 307 139 341 242
chair 0.0025 0 157 13 240
chair 0.0021 0 132 17 256
chair 0.0020 314 147 332 172
chair 0.0017 0 74 51 316
chair 0.0016 260 117 381 237
chair 0.0013 305 178 452 243
chair 0.0011 320 127 352 181
chair 0.0010 443 181 469 215
sofa 0.5772 0 180 42 330
sofa 0.0101 0 130 26 301
sofa 0.0097 0 261 41 352
sofa 0.0056 261 135 330 244
sofa 0.0045 0 190 12 229
sofa 0.0024 321 -6 440 332
sofa 0.0024 183 216 322 272
sofa 0.0016 0 157 13 240
sofa 0.0015 0 74 51 316
sofa 0.0015 1 193 45 263
sofa 0.0015 0 132 17 256
sofa 0.0013 10 208 40 229
pottedplant 0.0021 88 209 131 245
diningtable 0.0219 317 100 439 284
diningtable 0.0049 261 134 331 244
diningtable 0.0019 269 174 322 200
diningtable 0.0013 326 -15 448 340
diningtable 0.0012 429 142 481 240
diningtable 0.0012 0 186 44 326
diningtable 0.0010 183 216 322 272
tvmonitor 0.7348 265 135 317 183
tvmonitor 0.0033 262 134 329 224
