person 0.9621 160 165 423 499
person 0.5857 154 213 282 497
person 0.0059 45 343 74 372
person 0.0035 77 153 96 185
person 0.0019 174 301 268 446
person 0.0017 40 376 75 412
person 0.0013 163 237 269 393
person 0.0011 70 131 102 190
person 0.0010 39 336 84 376
person 0.0010 58 341 77 365
bottle 0.0069 434 352 458 393
bottle 0.0056 159 219 279 484
bottle 0.0039 194 347 246 407
bottle 0.0017 174 301 268 446
bottle 0.0013 196 371 231 406
chair 0.0036 248 443 495 500
chair 0.0012 345 0 448 6
chair 0.0010 150 479 473 500
chair 0.0010 392 0 456 7
sofa 0.0043 6 455 486 500
sofa 0.0035 248 443 495 500
sofa 0.0020 150 479 473 500
pottedplant 0.0084 372 441 493 501
pottedplant 0.0030 413 453 491 499
pottedplant 0.0020 441 473 487 500
pottedplant 0.0018 434 352 458 393
pottedplant 0.0017 365 474 491 500
pottedplant 0.0016 385 386 496 500
pottedplant 0.0014 246 0 278 2
pottedplant 0.0011 362 491 507 500
diningtable 0.0018 16 481 421 500
tvmonitor 0.0010 361 0 394 4
