person 0.0010 143 201 234 270
bird 0.0011 228 99 247 140
bottle 0.2769 152 74 190 137
bottle 0.0046 213 0 224 8
bottle 0.0034 212 0 226 22
bottle 0.0034 225 0 236 8
bottle 0.0030 224 2 237 22
bottle 0.0028 85 264 143 384
bottle 0.0026 233 1 245 21
bottle 0.0024 234 0 245 11
bottle 0.0016 208 0 219 7
bottle 0.0014 5 91 413 498
bottle 0.0012 69 1 81 23
bottle 0.0010 157 89 173 129
chair 0.9718 333 114 375 218
chair 0.9594 0 164 34 266
chair 0.9465 182 75 263 122
chair 0.8600 24 108 71 190
chair 0.0180 226 98 249 128
chair 0.0138 139 76 250 129
chair 0.0123 206 86 257 137
chair 0.0115 23 115 107 203
chair 0.0104 143 73 189 130
chair 0.0104 145 79 163 120
chair 0.0054 55 99 177 171
chair 0.0048 43 105 89 148
chair 0.0047 164 90 288 170
chair 0.0036 -6 173 60 274
chair 0.0035 241 121 312 142
chair 0.0027 120 70 205 139
chair 0.0026 3 151 133 277
chair 0.0022 6 215 127 277
chair 0.0021 62 123 157 208
chair 0.0018 32 87 276 191
chair 0.0017 19 85 401 504
chair 0.0016 60 114 93 145
chair 0.0016 211 65 233 72
chair 0.0015 80 104 134 140
chair 0.0014 228 123 324 157
chair 0.0014 140 204 227 269
chair 0.0014 8 229 78 253
chair 0.0013 -14 99 157 315
chair 0.0012 0 156 35 218
chair 0.0010 191 112 234 144
chair 0.0010 35 105 97 175
chair 0.0010 188 111 327 175
pottedplant 0.0048 151 74 191 136
pottedplant 0.0043 225 100 248 145
pottedplant 0.0042 144 34 183 72
pottedplant 0.0018 220 56 240 70
pottedplant 0.0012 129 104 149 151
pottedplant 0.0011 139 76 250 129
pottedplant 0.0011 213 59 230 70
diningtable 0.9723 0 84 382 514
diningtable 0.0259 50 153 322 354
diningtable 0.0082 81 94 290 170
diningtable 0.0024 182 75 264 122
diningtable 0.0021 0 295 381 504
diningtable 0.0021 95 104 134 139
diningtable 0.0021 140 204 227 269
diningtable 0.0019 95 162 280 284
diningtable 0.0019 188 111 327 175
diningtable 0.0017 139 76 250 129
diningtable 0.0017 27 109 357 230
diningtable 0.0016 71 131 139 150
diningtable 0.0014 143 111 249 144
diningtable 0.0011 216 123 299 173
diningtable 0.0011 79 135 147 193
diningtable 0.0010 167 119 356 219
diningtable 0.0010 222 99 251 148
diningtable 0.0010 145 98 203 146
diningtable 0.0010 129 272 263 356
diningtable 0.0010 250 133 274 193
