person 0.9890 167 333 315 501
person 0.9783 151 272 235 351
person 0.9729 184 125 276 348
person 0.9406 11 288 126 501
person 0.9060 261 257 374 417
person 0.8962 -1 159 99 319
person 0.7217 255 129 342 274
person 0.0291 155 124 346 352
person 0.0199 360 168 374 221
person 0.0142 174 135 212 190
person 0.0070 88 303 114 371
person 0.0067 76 256 314 454
person 0.0061 135 271 254 395
person 0.0053 0 299 23 375
person 0.0037 164 196 269 323
person 0.0037 217 268 375 484
person 0.0033 176 122 266 195
person 0.0030 0 204 115 391
person 0.0023 38 299 264 497
person 0.0022 144 268 200 339
person 0.0021 67 246 104 285
person 0.0021 257 150 334 356
person 0.0021 -1 166 54 386
person 0.0020 296 387 377 499
person 0.0019 170 300 231 343
person 0.0018 0 287 42 380
person 0.0016 0 290 24 343
person 0.0015 54 269 147 445
person 0.0014 83 313 118 433
person 0.0014 6 132 366 445
person 0.0013 135 228 390 429
person 0.0013 77 175 297 326
person 0.0011 234 186 370 369
person 0.0011 83 336 277 449
person 0.0011 152 219 240 341
person 0.0010 211 105 377 267
car 0.0032 145 89 369 309
car 0.0032 303 87 370 98
car 0.0030 330 88 363 97
car 0.0019 174 343 320 506
car 0.0014 355 89 374 97
bus 0.0064 145 89 369 309
train 0.0141 145 89 369 309
boat 0.0037 174 343 320 506
cat 0.0085 67 246 103 284
dog 0.0588 67 246 103 284
dog 0.0028 -2 150 113 361
dog 0.0017 70 245 103 265
dog 0.0013 155 274 231 348
bottle 0.0092 263 348 279 375
bottle 0.0040 68 256 86 288
bottle 0.0032 357 304 369 322
bottle 0.0025 262 344 273 356
bottle 0.0025 111 368 135 385
bottle 0.0023 67 246 104 285
bottle 0.0022 0 294 21 327
bottle 0.0021 268 356 284 380
bottle 0.0020 161 263 228 346
bottle 0.0020 83 149 90 167
bottle 0.0019 157 322 169 344
bottle 0.0018 166 332 175 345
bottle 0.0014 151 301 159 321
bottle 0.0013 166 325 174 343
bottle 0.0013 100 305 114 339
bottle 0.0012 0 290 23 354
bottle 0.0011 8 300 26 322
bottle 0.0011 356 305 373 336
bottle 0.0010 267 352 285 371
chair 0.4753 164 230 215 279
chair 0.0492 158 350 321 502
chair 0.0302 296 387 377 499
chair 0.0124 0 294 21 327
chair 0.0103 161 263 228 346
chair 0.0094 355 379 375 439
chair 0.0089 0 299 23 375
chair 0.0087 166 214 265 302
chair 0.0083 21 477 104 500
chair 0.0073 313 430 377 501
chair 0.0062 148 272 192 293
chair 0.0048 87 275 128 305
chair 0.0038 7 447 148 500
chair 0.0036 153 225 241 332
chair 0.0035 184 133 284 376
chair 0.0033 146 247 205 311
chair 0.0031 222 398 367 500
chair 0.0029 244 323 377 494
chair 0.0021 148 273 206 331
chair 0.0020 16 475 63 500
chair 0.0019 261 438 371 500
chair 0.0018 328 383 375 444
chair 0.0018 16 485 80 500
chair 0.0015 308 470 345 499
chair 0.0015 310 454 364 499
chair 0.0015 6 392 136 499
chair 0.0013 8 475 191 500
chair 0.0011 259 490 335 500
chair 0.0010 77 175 297 326
chair 0.0010 2 491 34 500
chair 0.0010 148 269 194 283
chair 0.0010 358 358 374 422
sofa 0.0317 259 399 373 499
sofa 0.0126 163 364 356 499
sofa 0.0092 162 104 370 311
sofa 0.0040 314 377 376 499
sofa 0.0029 244 323 377 494
sofa 0.0023 164 230 215 279
sofa 0.0023 299 440 373 500
sofa 0.0022 161 263 228 346
sofa 0.0012 185 122 272 332
pottedplant 0.0144 232 333 277 380
pottedplant 0.0086 0 188 25 252
pottedplant 0.0027 0 189 21 224
pottedplant 0.0020 0 179 33 234
pottedplant 0.0018 211 327 299 388
pottedplant 0.0018 16 186 27 209
pottedplant 0.0015 243 337 274 367
pottedplant 0.0011 8 190 30 222
pottedplant 0.0011 356 311 375 368
diningtable 0.0573 158 350 321 502
diningtable 0.0265 50 253 326 496
diningtable 0.0181 84 274 130 295
diningtable 0.0178 94 286 223 463
diningtable 0.0066 151 272 235 351
diningtable 0.0052 24 378 347 497
diningtable 0.0045 15 291 183 499
diningtable 0.0041 101 442 140 470
diningtable 0.0034 313 438 376 500
diningtable 0.0031 180 127 345 351
diningtable 0.0030 83 336 277 449
diningtable 0.0023 -12 474 252 501
diningtable 0.0020 45 264 259 394
diningtable 0.0019 20 450 350 500
diningtable 0.0017 35 443 204 497
diningtable 0.0015 176 295 370 496
diningtable 0.0011 67 248 104 294
diningtable 0.0011 61 231 141 323
diningtable 0.0010 138 273 192 318
diningtable 0.0010 89 265 196 410
diningtable 0.0010 62 268 131 297
diningtable 0.0010 18 429 179 481
tvmonitor 0.0571 153 2 372 97
tvmonitor 0.0497 290 4 374 93
tvmonitor 0.0402 155 87 374 273
tvmonitor 0.0010 178 120 347 357
