person 0.9871 216 40 345 224
person 0.0582 330 64 374 133
person 0.0042 145 23 416 291
person 0.0041 332 66 369 100
person 0.0041 346 76 374 130
person 0.0028 292 39 372 139
person 0.0026 318 47 365 121
person 0.0016 330 85 356 137
person 0.0015 265 43 379 209
person 0.0015 315 68 352 135
person 0.0014 338 91 358 132
person 0.0011 329 63 356 87
person 0.0010 332 58 350 70
person 0.0010 287 22 322 108
car 0.0010 366 132 497 193
boat 0.1959 0 100 60 285
boat 0.0183 0 187 56 281
boat 0.0037 6 109 92 244
boat 0.0022 20 139 83 206
boat 0.0021 0 107 22 276
boat 0.0016 0 134 88 328
bottle 0.0338 195 61 214 90
bottle 0.0147 193 75 206 93
bottle 0.0113 169 114 189 135
bottle 0.0108 196 76 219 95
bottle 0.0086 180 76 196 95
bottle 0.0061 170 123 188 136
bottle 0.0052 194 60 206 76
bottle 0.0033 147 124 172 143
bottle 0.0032 166 77 183 96
bottle 0.0026 216 72 238 94
bottle 0.0023 113 113 125 131
bottle 0.0020 205 78 221 93
bottle 0.0016 148 106 162 119
bottle 0.0015 174 111 195 137
bottle 0.0014 187 60 220 94
bottle 0.0013 171 108 187 120
bottle 0.0012 194 54 216 80
bottle 0.0010 205 64 221 87
chair 0.0251 384 161 499 323
chair 0.0024 0 101 60 285
chair 0.0014 390 175 499 258
chair 0.0011 137 198 221 221
diningtable 0.0129 365 137 498 176
diningtable 0.0127 56 166 221 247
diningtable 0.0082 75 163 217 193
diningtable 0.0037 365 136 499 214
diningtable 0.0032 61 142 214 207
diningtable 0.0028 380 147 499 274
diningtable 0.0021 82 169 239 216
diningtable 0.0018 80 165 168 185
diningtable 0.0015 133 222 381 328
diningtable 0.0015 363 94 498 185
diningtable 0.0012 80 203 209 257
