person 0.0102 252 258 270 276
bird 0.0165 181 282 234 374
bird 0.0034 -2 268 86 332
dog 0.0048 181 282 234 374
dog 0.0024 228 272 288 320
dog 0.0022 -2 268 86 332
dog 0.0014 105 254 117 267
dog 0.0010 358 263 369 272
horse 0.0016 181 282 234 374
horse 0.0014 -2 268 86 332
sheep 0.9906 230 274 291 322
sheep 0.9860 182 274 233 368
sheep 0.9519 -2 268 86 332
sheep 0.7165 133 261 164 286
sheep 0.6926 105 254 117 267
sheep 0.6085 20 254 46 273
sheep 0.5895 259 264 290 280
sheep 0.5728 216 258 229 267
sheep 0.5431 203 257 214 267
sheep 0.4568 329 262 350 272
sheep 0.4456 252 257 270 276
sheep 0.4062 303 261 323 271
sheep 0.3900 361 262 371 272
sheep 0.3501 299 260 310 270
sheep 0.3456 2 253 29 271
sheep 0.3211 206 257 228 268
sheep 0.3065 156 260 182 282
sheep 0.2135 58 257 79 269
sheep 0.2130 311 261 331 271
sheep 0.1658 135 252 161 262
sheep 0.1060 5 236 347 333
sheep 0.0982 138 254 179 275
sheep 0.0960 133 252 146 262
sheep 0.0859 -22 236 514 283
sheep 0.0629 167 260 183 274
sheep 0.0608 133 253 163 272
sheep 0.0564 132 261 148 285
sheep 0.0542 133 254 147 271
sheep 0.0540 359 265 368 274
sheep 0.0495 1 252 48 274
sheep 0.0459 320 264 347 276
sheep 0.0448 104 250 219 283
sheep 0.0221 0 254 6 271
sheep 0.0219 201 255 217 269
sheep 0.0202 1 231 276 284
sheep 0.0162 89 241 352 281
sheep 0.0143 303 265 323 275
sheep 0.0137 204 252 214 263
sheep 0.0115 305 260 337 272
sheep 0.0112 67 247 500 310
sheep 0.0095 125 257 177 289
sheep 0.0085 2 240 269 397
sheep 0.0082 -3 223 494 365
sheep 0.0072 232 273 252 292
sheep 0.0070 0 275 8 349
sheep 0.0070 204 249 228 264
sheep 0.0069 4 250 41 266
sheep 0.0069 202 248 351 279
sheep 0.0067 100 253 120 269
sheep 0.0056 0 246 5 267
sheep 0.0051 -5 215 419 300
sheep 0.0048 22 250 46 265
sheep 0.0046 26 256 79 273
sheep 0.0045 310 265 332 275
sheep 0.0043 0 265 22 338
sheep 0.0043 0 270 49 351
sheep 0.0039 -19 244 192 278
sheep 0.0038 342 262 355 271
sheep 0.0037 234 260 289 296
sheep 0.0034 191 255 411 298
sheep 0.0033 58 265 81 283
sheep 0.0032 119 238 289 362
sheep 0.0028 0 257 53 300
sheep 0.0028 138 252 176 264
sheep 0.0027 217 252 229 264
sheep 0.0027 4 250 83 277
sheep 0.0025 0 257 84 410
sheep 0.0021 248 250 299 281
sheep 0.0020 -6 251 255 302
sheep 0.0020 356 259 378 274
sheep 0.0020 293 258 317 273
sheep 0.0019 0 259 6 286
sheep 0.0019 0 301 6 361
sheep 0.0018 372 253 383 260
sheep 0.0018 450 253 462 261
sheep 0.0017 211 256 235 270
sheep 0.0017 247 277 281 309
sheep 0.0017 254 251 418 277
sheep 0.0016 239 245 511 279
sheep 0.0016 36 257 95 298
sheep 0.0015 355 263 371 277
sheep 0.0014 18 260 49 281
sheep 0.0014 460 253 473 261
sheep 0.0014 10 255 117 301
sheep 0.0014 215 274 231 296
sheep 0.0013 185 263 305 329
sheep 0.0013 256 263 291 299
sheep 0.0013 0 266 6 323
sheep 0.0013 0 247 26 315
sheep 0.0013 384 254 393 260
sheep 0.0012 4 241 339 486
sheep 0.0012 298 262 325 279
sheep 0.0012 156 247 282 306
sheep 0.0012 452 258 461 263
sheep 0.0012 105 254 132 268
sheep 0.0012 295 249 501 305
sheep 0.0011 129 250 154 265
sheep 0.0010 -13 244 190 355
sheep 0.0010 0 284 19 386
sheep 0.0010 268 260 292 275
cow 0.0135 329 262 350 272
cow 0.0133 182 274 233 368
cow 0.0116 216 258 229 267
cow 0.0108 358 263 369 272
cow 0.0077 303 261 323 271
cow 0.0061 203 257 214 267
cow 0.0058 132 260 164 286
cow 0.0053 230 274 291 322
cow 0.0052 206 257 228 268
cow 0.0037 299 260 310 270
cow 0.0033 311 261 331 271
cow 0.0032 105 254 117 267
cow 0.0029 259 264 290 280
cow 0.0027 -2 268 86 332
cow 0.0019 156 260 182 282
cow 0.0016 361 265 371 275
cow 0.0013 252 257 270 276
cow 0.0012 135 252 161 262
