person 0.0027 49 372 109 502
bottle 0.9797 49 373 115 500
bottle 0.1291 139 428 192 484
bottle 0.0080 266 317 342 443
bottle 0.0075 29 472 83 500
bottle 0.0064 0 471 17 500
bottle 0.0061 187 337 253 381
bottle 0.0030 1 486 18 500
bottle 0.0030 186 340 217 380
bottle 0.0030 30 471 129 501
bottle 0.0012 156 354 201 396
bottle 0.0010 171 336 228 382
chair 0.0053 319 295 375 386
pottedplant 0.1655 148 113 369 448
pottedplant 0.0121 5 -16 360 499
pottedplant 0.0049 266 317 342 443
diningtable 0.0232 9 382 369 500
diningtable 0.0080 6 237 364 495
diningtable 0.0022 2 -15 363 498
tvmonitor 0.0112 319 295 375 386
