person 0.0516 136 217 147 227
person 0.0501 151 222 161 236
person 0.0479 472 269 481 292
person 0.0344 104 281 111 294
person 0.0225 144 221 156 235
person 0.0199 140 217 157 229
person 0.0165 325 187 333 198
person 0.0126 153 204 159 216
person 0.0059 162 225 174 236
person 0.0054 5 196 23 209
person 0.0051 95 224 108 239
person 0.0051 167 175 175 193
person 0.0050 133 221 148 236
person 0.0050 107 233 117 245
person 0.0050 71 279 76 291
person 0.0046 124 219 136 226
person 0.0045 408 268 427 289
person 0.0042 475 261 500 300
person 0.0040 19 194 44 210
person 0.0039 130 122 424 228
person 0.0037 319 222 326 235
person 0.0036 410 264 424 279
person 0.0033 77 196 102 207
person 0.0032 98 223 119 240
person 0.0030 324 224 335 233
person 0.0028 440 274 450 288
person 0.0027 348 170 355 179
person 0.0025 336 187 347 198
person 0.0025 431 195 459 214
person 0.0024 32 193 73 209
person 0.0024 320 186 329 197
person 0.0024 136 204 158 217
person 0.0023 395 189 418 198
person 0.0023 309 219 319 239
person 0.0022 470 266 485 294
person 0.0020 63 186 77 201
person 0.0019 415 199 459 217
person 0.0018 337 234 346 242
person 0.0017 149 217 162 230
person 0.0016 48 183 75 201
person 0.0016 171 175 177 192
person 0.0016 107 224 131 241
person 0.0016 417 268 454 293
person 0.0016 100 199 116 205
person 0.0015 383 232 392 240
person 0.0015 52 193 90 209
person 0.0015 165 182 175 201
person 0.0013 154 231 161 243
person 0.0013 118 224 140 237
person 0.0012 232 169 241 180
person 0.0012 487 245 500 296
person 0.0012 0 196 11 207
person 0.0011 242 169 251 180
person 0.0011 104 260 111 266
person 0.0010 104 261 111 269
person 0.0010 0 284 5 295
person 0.0010 173 184 179 197
car 0.1974 33 289 58 304
car 0.1689 32 193 73 209
car 0.1491 8 194 39 210
car 0.0466 74 196 93 208
car 0.0324 86 197 115 206
car 0.0204 0 196 11 207
car 0.0200 475 261 500 300
car 0.0166 52 193 90 209
car 0.0159 0 284 5 295
car 0.0148 5 196 23 209
car 0.0135 384 190 409 198
car 0.0134 136 217 147 227
car 0.0118 395 198 458 218
car 0.0112 284 359 396 374
car 0.0110 20 292 32 305
car 0.0095 5 183 81 208
car 0.0089 74 195 109 208
car 0.0082 0 288 7 307
car 0.0081 124 219 136 226
car 0.0068 8 287 62 307
car 0.0059 100 199 116 205
car 0.0059 8 205 20 210
car 0.0058 13 204 36 211
car 0.0052 140 217 157 229
car 0.0033 149 217 162 230
car 0.0029 297 197 424 212
car 0.0026 13 289 36 309
car 0.0025 13 295 33 314
car 0.0023 28 182 75 201
car 0.0021 151 222 161 236
car 0.0021 446 202 465 216
car 0.0019 365 188 415 199
car 0.0018 0 203 8 212
car 0.0018 95 224 108 239
car 0.0017 472 269 481 292
car 0.0017 0 187 9 201
car 0.0015 428 199 463 216
car 0.0014 372 239 463 297
car 0.0014 352 190 424 213
car 0.0013 129 204 149 217
car 0.0013 392 262 460 296
car 0.0012 471 240 500 264
car 0.0011 0 295 8 314
aeroplane 0.9823 131 103 420 216
aeroplane 0.0761 5 183 81 208
aeroplane 0.0365 7 177 79 194
aeroplane 0.0229 6 194 39 210
aeroplane 0.0189 291 152 313 161
aeroplane 0.0128 289 156 314 164
aeroplane 0.0095 16 191 73 210
aeroplane 0.0094 25 180 97 205
aeroplane 0.0058 0 187 9 201
aeroplane 0.0054 1 160 87 206
aeroplane 0.0040 275 157 293 166
aeroplane 0.0035 0 196 11 207
aeroplane 0.0035 280 156 306 165
aeroplane 0.0034 133 150 354 208
aeroplane 0.0034 -3 181 51 208
aeroplane 0.0032 274 150 313 162
aeroplane 0.0030 15 174 107 196
aeroplane 0.0028 137 149 500 231
aeroplane 0.0027 28 182 75 201
aeroplane 0.0024 256 141 388 165
aeroplane 0.0022 0 112 100 204
aeroplane 0.0021 5 196 23 209
aeroplane 0.0021 4 190 22 200
aeroplane 0.0020 265 157 286 165
aeroplane 0.0019 10 189 36 200
aeroplane 0.0019 258 155 330 167
aeroplane 0.0017 27 180 75 190
aeroplane 0.0017 401 161 498 197
aeroplane 0.0016 385 169 471 181
aeroplane 0.0016 277 122 405 167
aeroplane 0.0015 249 146 318 165
aeroplane 0.0015 0 171 124 218
aeroplane 0.0015 17 182 147 210
aeroplane 0.0014 493 157 500 166
aeroplane 0.0012 0 182 13 205
aeroplane 0.0011 356 165 460 183
aeroplane 0.0011 14 184 54 202
aeroplane 0.0010 0 181 29 206
aeroplane 0.0010 266 148 299 163
aeroplane 0.0010 0 163 8 203
bus 0.9103 313 214 409 244
bus 0.7994 188 213 317 250
bus 0.0441 312 202 410 217
bus 0.0323 162 205 413 250
bus 0.0230 304 184 417 215
bus 0.0113 8 180 78 204
bus 0.0089 16 191 73 210
bus 0.0075 307 198 431 240
bus 0.0064 297 197 424 212
bus 0.0031 475 259 500 301
bus 0.0030 326 204 376 214
bus 0.0029 393 197 464 219
bus 0.0026 372 239 463 297
bus 0.0021 25 192 411 251
bus 0.0020 8 194 39 210
bus 0.0019 344 194 416 212
bus 0.0017 131 124 422 227
bus 0.0016 275 359 399 375
bus 0.0015 94 220 162 253
bus 0.0013 111 174 466 266
bus 0.0011 33 289 58 304
train 0.0022 188 212 320 248
train 0.0022 317 214 417 243
train 0.0017 8 180 78 204
train 0.0013 16 191 73 210
bird 0.0010 67 113 75 118
