person 0.9838 53 15 272 376
person 0.9638 240 31 443 375
person 0.0549 477 178 500 255
person 0.0307 474 106 500 252
person 0.0202 450 174 499 258
person 0.0098 479 156 500 355
person 0.0080 449 132 499 230
person 0.0042 472 153 499 230
person 0.0039 482 144 502 243
person 0.0023 29 30 469 363
person 0.0020 447 171 499 339
person 0.0017 484 158 500 207
person 0.0015 446 66 499 251
person 0.0015 483 179 501 225
person 0.0014 296 182 322 258
person 0.0013 489 171 497 191
person 0.0011 148 75 260 320
bottle 0.9384 296 185 322 274
bottle 0.4798 197 196 231 247
bottle 0.2221 430 176 443 206
bottle 0.1392 459 171 470 198
bottle 0.0956 450 169 461 200
bottle 0.0674 473 168 482 197
bottle 0.0671 421 184 433 205
bottle 0.0492 477 169 495 195
bottle 0.0439 444 178 453 205
bottle 0.0271 446 170 453 197
bottle 0.0187 254 27 444 394
bottle 0.0160 194 222 224 258
bottle 0.0150 432 193 443 206
bottle 0.0098 202 164 232 238
bottle 0.0097 489 171 497 191
bottle 0.0089 449 162 460 187
bottle 0.0079 431 176 442 192
bottle 0.0070 454 174 474 204
bottle 0.0064 295 183 317 240
bottle 0.0059 473 164 482 186
bottle 0.0056 437 174 456 206
bottle 0.0054 472 153 499 230
bottle 0.0051 417 185 424 202
bottle 0.0046 29 30 469 363
bottle 0.0043 476 179 494 201
bottle 0.0041 194 210 224 291
bottle 0.0037 484 158 500 207
bottle 0.0035 419 174 452 210
bottle 0.0034 440 192 450 205
bottle 0.0028 198 232 228 250
bottle 0.0027 190 186 243 353
bottle 0.0027 492 160 498 189
bottle 0.0024 474 157 497 192
bottle 0.0024 446 162 453 187
bottle 0.0024 427 188 447 210
bottle 0.0022 295 203 315 255
bottle 0.0020 465 168 489 212
bottle 0.0020 459 165 469 185
bottle 0.0019 432 159 475 207
bottle 0.0019 437 223 454 259
bottle 0.0018 193 136 240 262
bottle 0.0015 52 28 271 390
bottle 0.0015 449 132 499 230
bottle 0.0014 419 173 483 212
bottle 0.0013 489 135 499 213
bottle 0.0012 163 137 263 325
bottle 0.0012 78 168 415 367
bottle 0.0012 293 215 318 279
bottle 0.0011 455 165 498 215
chair 0.0332 253 321 269 373
chair 0.0238 0 253 69 365
chair 0.0232 477 178 500 255
chair 0.0112 0 329 86 375
chair 0.0101 447 205 499 260
chair 0.0054 388 253 500 340
chair 0.0053 437 223 455 259
chair 0.0050 431 217 464 260
chair 0.0045 390 304 502 374
chair 0.0043 484 301 501 329
chair 0.0027 484 298 501 356
chair 0.0024 486 209 500 268
chair 0.0023 -1 248 63 303
chair 0.0019 479 156 500 355
chair 0.0017 247 315 405 373
chair 0.0015 439 222 452 239
chair 0.0014 451 149 499 246
chair 0.0014 43 335 82 374
chair 0.0012 489 193 500 306
chair 0.0011 478 191 499 231
sofa 0.0024 0 253 69 365
sofa 0.0021 477 178 500 255
sofa 0.0010 450 174 499 258
diningtable 0.0608 388 253 500 340
diningtable 0.0162 0 253 69 365
diningtable 0.0078 390 304 502 374
diningtable 0.0076 484 301 501 329
diningtable 0.0063 419 173 483 212
diningtable 0.0053 419 174 490 257
diningtable 0.0047 483 293 500 373
diningtable 0.0045 450 174 499 258
diningtable 0.0033 0 329 86 375
diningtable 0.0029 454 197 477 204
diningtable 0.0024 483 226 500 358
diningtable 0.0024 -8 303 518 371
diningtable 0.0019 431 191 483 211
diningtable 0.0016 252 31 445 389
diningtable 0.0015 398 187 499 327
diningtable 0.0014 245 239 483 374
diningtable 0.0013 448 195 483 207
diningtable 0.0013 8 309 265 370
diningtable 0.0013 34 32 264 390
diningtable 0.0013 -19 217 526 375
diningtable 0.0010 485 264 500 332
diningtable 0.0010 477 178 500 255
tvmonitor 0.0010 0 253 71 373
