person 0.9446 145 67 207 201
person 0.9301 395 58 465 171
person 0.7891 152 40 180 82
person 0.7710 301 71 379 188
person 0.7433 270 70 320 161
person 0.7222 442 39 470 116
person 0.5395 424 38 451 68
person 0.4218 19 32 33 56
person 0.3810 64 32 82 61
person 0.1329 138 73 174 116
person 0.1130 295 37 311 52
person 0.1104 310 68 377 138
person 0.1043 19 30 32 46
person 0.0779 72 34 85 60
person 0.0709 492 37 500 128
person 0.0601 201 38 217 52
person 0.0576 106 81 174 198
person 0.0526 0 37 10 56
person 0.0510 0 42 14 63
person 0.0503 236 81 257 107
person 0.0454 58 36 71 58
person 0.0424 394 51 469 110
person 0.0343 435 41 475 89
person 0.0324 101 20 116 49
person 0.0304 380 90 461 190
person 0.0280 97 16 121 54
person 0.0259 167 79 207 185
person 0.0253 412 36 458 84
person 0.0247 267 70 319 113
person 0.0227 146 48 179 101
person 0.0224 137 79 162 108
person 0.0219 437 37 452 56
person 0.0216 264 58 294 105
person 0.0211 66 32 77 43
person 0.0187 155 70 176 93
person 0.0185 83 34 484 151
person 0.0178 285 34 305 54
person 0.0174 128 74 170 164
person 0.0169 0 43 27 64
person 0.0163 122 95 139 108
person 0.0156 274 -1 502 97
person 0.0147 28 9 119 76
person 0.0132 257 35 265 48
person 0.0124 97 31 109 56
person 0.0122 434 40 454 65
person 0.0114 11 39 37 65
person 0.0113 495 65 499 137
person 0.0109 102 34 117 53
person 0.0107 125 92 150 110
person 0.0105 50 4 515 108
person 0.0097 256 32 266 44
person 0.0092 0 41 14 87
person 0.0090 143 72 174 97
person 0.0088 123 76 156 108
person 0.0084 441 40 497 120
person 0.0081 275 38 458 149
person 0.0081 264 84 287 107
person 0.0081 103 17 119 39
person 0.0080 131 41 145 52
person 0.0073 151 26 202 79
person 0.0073 249 41 261 50
person 0.0073 15 27 34 49
person 0.0068 154 62 178 86
person 0.0068 495 49 499 193
person 0.0067 94 20 112 52
person 0.0066 485 19 500 98
person 0.0066 486 52 500 140
person 0.0060 146 51 430 196
person 0.0060 441 40 471 73
person 0.0057 493 28 500 82
person 0.0057 156 31 178 56
person 0.0054 271 90 292 111
person 0.0054 88 8 153 63
person 0.0054 455 49 477 79
person 0.0051 336 69 380 156
person 0.0051 257 91 323 182
person 0.0050 216 82 260 108
person 0.0048 0 33 25 89
person 0.0047 451 42 497 87
person 0.0046 271 29 317 84
person 0.0045 137 73 199 129
person 0.0043 281 68 321 101
person 0.0043 267 85 299 118
person 0.0042 0 41 48 89
person 0.0041 113 105 207 207
person 0.0041 1 23 46 67
person 0.0037 287 75 340 156
person 0.0037 -1 35 29 59
person 0.0035 315 43 329 85
person 0.0035 200 39 217 66
person 0.0035 1 7 145 101
person 0.0035 301 71 320 94
person 0.0034 276 33 291 52
person 0.0033 290 70 314 96
person 0.0033 287 34 318 75
person 0.0032 317 33 330 54
person 0.0032 280 74 308 108
person 0.0032 90 27 115 61
person 0.0029 264 83 305 143
person 0.0028 0 18 10 54
bicycle 0.0070 496 77 499 125
bicycle 0.0042 0 42 14 63
bicycle 0.0027 494 53 500 130
bicycle 0.0023 110 105 210 206
bicycle 0.0021 461 87 490 118
bicycle 0.0013 382 103 458 196
bicycle 0.0012 295 101 377 197
bicycle 0.0010 454 87 476 118
bicycle 0.0010 0 43 27 64
bicycle 0.0010 0 37 10 56
bicycle 0.0010 448 75 495 119
car 0.0577 151 28 203 62
car 0.0499 255 4 494 100
car 0.0257 460 58 493 88
car 0.0192 491 25 500 102
car 0.0153 152 29 201 44
car 0.0101 451 42 497 87
car 0.0082 440 41 488 107
car 0.0077 494 15 499 76
car 0.0073 469 50 499 96
car 0.0055 201 53 266 75
car 0.0055 494 53 500 130
car 0.0052 189 81 208 103
car 0.0050 249 41 261 50
car 0.0048 496 77 499 125
car 0.0047 87 7 162 86
car 0.0043 150 39 182 84
car 0.0038 193 53 257 96
car 0.0033 150 30 206 91
car 0.0031 191 71 239 100
car 0.0026 247 44 260 60
car 0.0022 50 4 515 108
car 0.0021 132 43 233 106
car 0.0020 494 2 500 49
car 0.0020 242 43 253 50
car 0.0020 214 56 254 70
car 0.0019 205 75 241 94
car 0.0019 185 72 210 99
car 0.0018 257 35 265 48
car 0.0017 0 35 52 90
car 0.0016 0 42 14 63
car 0.0015 0 33 25 89
car 0.0013 391 58 465 111
car 0.0012 28 9 119 76
car 0.0011 0 37 10 56
car 0.0010 125 70 154 98
car 0.0010 457 58 475 88
car 0.0010 156 31 178 56
car 0.0010 6 0 157 83
motorbike 0.9612 295 101 377 197
motorbike 0.9517 253 94 315 182
motorbike 0.8966 384 87 465 194
motorbike 0.5847 111 105 210 205
motorbike 0.3745 99 96 152 187
motorbike 0.1256 106 82 174 197
motorbike 0.0771 163 81 210 198
motorbike 0.0614 441 45 473 116
motorbike 0.0370 337 113 379 191
motorbike 0.0311 154 119 202 202
motorbike 0.0287 494 53 500 130
motorbike 0.0242 496 77 499 125
motorbike 0.0211 278 70 322 171
motorbike 0.0197 444 80 468 123
motorbike 0.0170 394 51 469 110
motorbike 0.0167 0 42 14 63
motorbike 0.0123 114 133 172 206
motorbike 0.0121 316 67 383 168
motorbike 0.0120 0 43 27 64
motorbike 0.0111 448 75 495 119
motorbike 0.0108 395 78 422 109
motorbike 0.0106 451 85 478 119
motorbike 0.0094 8 39 39 65
motorbike 0.0092 146 51 430 196
motorbike 0.0090 491 26 500 122
motorbike 0.0087 153 52 179 92
motorbike 0.0083 0 35 52 90
motorbike 0.0079 139 70 176 101
motorbike 0.0069 0 33 25 89
motorbike 0.0060 123 76 156 108
motorbike 0.0059 129 73 173 112
motorbike 0.0057 461 86 490 118
motorbike 0.0056 394 70 423 99
motorbike 0.0056 78 56 493 261
motorbike 0.0049 293 99 329 165
motorbike 0.0048 19 32 33 56
motorbike 0.0045 155 70 176 93
motorbike 0.0044 492 47 499 100
motorbike 0.0044 495 49 499 193
motorbike 0.0042 460 59 493 87
motorbike 0.0040 486 52 500 140
motorbike 0.0038 125 92 150 110
motorbike 0.0037 306 90 337 154
motorbike 0.0035 100 127 139 190
motorbike 0.0034 422 62 470 122
motorbike 0.0034 284 107 320 173
motorbike 0.0030 0 37 10 56
motorbike 0.0028 470 65 499 122
motorbike 0.0027 469 50 499 96
motorbike 0.0027 128 74 170 164
motorbike 0.0027 0 41 14 87
motorbike 0.0026 439 77 467 151
motorbike 0.0026 257 92 400 210
motorbike 0.0023 372 51 493 201
motorbike 0.0021 446 99 464 141
motorbike 0.0020 142 47 181 103
motorbike 0.0020 441 40 497 120
motorbike 0.0019 122 95 139 108
motorbike 0.0017 457 59 474 105
motorbike 0.0017 106 148 142 195
motorbike 0.0017 172 134 199 168
motorbike 0.0017 137 79 162 108
motorbike 0.0017 83 34 484 151
motorbike 0.0015 456 101 474 119
motorbike 0.0015 97 69 320 191
motorbike 0.0014 294 111 312 152
motorbike 0.0014 302 109 321 152
motorbike 0.0014 392 70 442 121
motorbike 0.0014 463 72 488 89
motorbike 0.0014 391 57 444 99
motorbike 0.0014 65 39 81 64
motorbike 0.0013 264 83 287 107
motorbike 0.0013 -1 27 32 65
motorbike 0.0013 451 42 497 87
motorbike 0.0011 0 63 9 101
motorbike 0.0011 72 63 212 204
motorbike 0.0011 145 46 210 99
motorbike 0.0011 151 63 171 85
motorbike 0.0010 5 48 41 78
motorbike 0.0010 134 69 197 178
motorbike 0.0010 390 58 452 167
motorbike 0.0010 496 87 499 154
motorbike 0.0010 423 37 450 83
bus 0.3393 256 0 495 98
bus 0.0120 4 1 159 82
bus 0.0086 87 5 155 75
bus 0.0084 151 28 203 62
bus 0.0031 493 0 499 90
bus 0.0023 28 9 119 76
bus 0.0017 398 3 492 94
bus 0.0013 152 29 201 44
boat 0.0011 244 -1 480 94
