person 0.9976 135 150 209 323
person 0.9780 353 130 410 310
person 0.0028 492 90 500 232
person 0.0023 320 134 424 324
person 0.0018 494 83 499 186
person 0.0011 154 156 177 229
person 0.0010 134 192 160 267
boat 0.0019 264 237 308 253
bottle 0.9086 434 28 442 62
bottle 0.8177 452 33 464 55
bottle 0.7891 415 38 425 68
bottle 0.2040 296 151 304 177
bottle 0.0542 323 188 335 209
bottle 0.0492 279 187 289 212
bottle 0.0449 423 41 432 68
bottle 0.0309 283 187 301 213
bottle 0.0171 403 173 417 206
bottle 0.0158 276 211 287 228
bottle 0.0139 327 157 336 170
bottle 0.0137 327 161 336 178
bottle 0.0131 316 190 327 208
bottle 0.0126 278 195 288 222
bottle 0.0101 426 56 434 74
bottle 0.0098 386 179 406 207
bottle 0.0087 287 202 302 214
bottle 0.0087 286 185 296 198
bottle 0.0086 419 35 431 64
bottle 0.0082 340 168 348 178
bottle 0.0076 493 201 498 219
bottle 0.0073 310 154 321 166
bottle 0.0070 451 180 460 198
bottle 0.0069 460 206 471 217
bottle 0.0063 357 126 415 315
bottle 0.0063 158 237 177 263
bottle 0.0063 294 150 308 178
bottle 0.0057 462 194 473 208
bottle 0.0050 455 211 473 225
bottle 0.0046 335 179 348 205
bottle 0.0044 441 187 451 198
bottle 0.0037 343 177 355 205
bottle 0.0036 492 185 498 218
bottle 0.0036 190 227 198 253
bottle 0.0031 281 185 289 200
bottle 0.0030 431 36 443 71
bottle 0.0029 493 164 500 216
bottle 0.0028 295 202 312 212
bottle 0.0027 334 194 348 207
bottle 0.0027 311 155 327 168
bottle 0.0026 275 190 292 228
bottle 0.0025 430 57 441 74
bottle 0.0024 477 204 492 217
bottle 0.0023 450 38 465 69
bottle 0.0022 447 203 466 219
bottle 0.0022 450 176 460 192
bottle 0.0021 392 166 406 195
bottle 0.0020 397 160 406 180
bottle 0.0020 407 178 423 203
bottle 0.0020 494 216 500 228
bottle 0.0019 401 168 411 177
bottle 0.0018 154 230 182 267
bottle 0.0018 391 12 498 90
bottle 0.0018 477 191 492 210
bottle 0.0017 466 203 486 218
bottle 0.0017 270 168 276 176
bottle 0.0017 293 151 300 178
bottle 0.0016 172 235 200 262
bottle 0.0016 180 227 196 253
bottle 0.0016 450 212 467 224
bottle 0.0016 342 168 352 177
bottle 0.0015 188 223 200 258
bottle 0.0015 424 23 477 66
bottle 0.0015 456 34 469 55
bottle 0.0015 445 194 465 207
bottle 0.0014 437 192 459 208
bottle 0.0014 132 155 208 317
bottle 0.0014 410 25 457 66
bottle 0.0014 278 166 282 175
bottle 0.0012 291 197 315 210
bottle 0.0012 466 193 480 207
bottle 0.0012 415 48 426 78
bottle 0.0011 404 173 428 209
bottle 0.0011 389 154 409 210
bottle 0.0011 449 60 461 71
bottle 0.0011 281 198 307 218
bottle 0.0011 494 161 499 180
bottle 0.0010 439 33 451 59
bottle 0.0010 389 18 497 161
bottle 0.0010 437 199 457 219
chair 0.9399 134 191 160 268
chair 0.3222 285 310 419 334
chair 0.1509 152 195 164 225
chair 0.1067 137 192 159 230
chair 0.0790 0 272 23 337
chair 0.0501 286 311 353 333
chair 0.0416 132 155 208 317
chair 0.0209 148 197 166 238
chair 0.0160 0 216 23 333
chair 0.0146 135 192 147 228
chair 0.0138 279 243 426 333
chair 0.0129 226 211 250 228
chair 0.0112 355 310 419 333
chair 0.0079 132 192 150 249
chair 0.0047 152 215 201 264
chair 0.0046 152 193 164 213
chair 0.0043 147 193 181 237
chair 0.0039 135 192 145 211
chair 0.0035 283 308 425 385
chair 0.0032 136 205 177 269
chair 0.0025 282 289 420 331
chair 0.0023 355 136 408 317
chair 0.0019 146 204 192 255
chair 0.0019 284 317 417 347
chair 0.0015 201 218 432 332
chair 0.0015 413 316 439 331
chair 0.0014 137 227 160 267
chair 0.0014 148 224 167 255
chair 0.0012 154 230 182 267
chair 0.0012 154 209 182 230
chair 0.0011 341 225 456 325
chair 0.0011 224 227 253 247
chair 0.0011 158 222 178 237
chair 0.0010 156 198 197 242
sofa 0.0021 0 272 23 337
sofa 0.0018 283 308 418 336
pottedplant 0.0033 0 129 8 175
pottedplant 0.0013 0 56 11 299
pottedplant 0.0010 0 101 9 165
diningtable 0.5011 194 215 388 328
diningtable 0.1373 0 272 23 337
diningtable 0.0449 207 223 381 284
diningtable 0.0074 132 155 208 317
diningtable 0.0066 152 215 201 264
diningtable 0.0061 241 228 327 266
diningtable 0.0057 283 308 418 336
diningtable 0.0055 152 195 164 225
diningtable 0.0044 0 229 24 327
diningtable 0.0036 156 198 197 242
diningtable 0.0030 271 222 335 249
diningtable 0.0025 137 192 159 230
diningtable 0.0023 0 268 25 307
diningtable 0.0023 183 214 329 273
diningtable 0.0019 155 236 200 273
diningtable 0.0018 147 196 167 239
diningtable 0.0016 152 195 182 227
diningtable 0.0016 287 204 378 217
diningtable 0.0015 136 193 176 265
diningtable 0.0014 355 136 408 317
diningtable 0.0014 146 204 192 255
diningtable 0.0013 264 233 308 251
diningtable 0.0012 154 209 182 230
diningtable 0.0011 239 222 291 238
diningtable 0.0010 413 316 440 331
diningtable 0.0010 157 225 198 253
diningtable 0.0010 0 291 12 338
diningtable 0.0010 154 230 182 267
diningtable 0.0010 159 220 195 239
tvmonitor 0.0062 493 102 499 184
tvmonitor 0.0024 495 104 499 164
