person 0.0644 249 136 309 174
person 0.0229 197 137 243 185
person 0.0208 33 86 488 277
person 0.0188 179 133 226 181
person 0.0169 292 140 340 174
person 0.0118 297 145 325 177
person 0.0107 207 152 242 188
person 0.0062 248 146 283 175
person 0.0033 315 129 327 138
person 0.0031 278 150 306 173
person 0.0026 310 139 351 172
person 0.0024 235 135 272 170
person 0.0021 273 135 330 173
person 0.0015 301 129 323 139
person 0.0013 259 132 289 146
person 0.0013 232 139 259 166
person 0.0012 194 158 216 184
person 0.0011 221 141 268 180
person 0.0010 127 134 167 180
car 0.9501 40 105 486 291
