person 0.0273 84 232 97 243
person 0.0174 473 204 483 220
person 0.0146 472 213 485 229
person 0.0120 100 232 107 243
person 0.0092 384 178 398 192
person 0.0085 474 203 496 218
person 0.0079 492 205 500 216
person 0.0077 42 222 57 239
person 0.0041 8 233 14 242
person 0.0023 81 232 89 244
person 0.0020 44 215 56 232
person 0.0020 387 177 406 191
person 0.0013 420 216 435 228
person 0.0012 484 186 500 215
person 0.0011 58 236 65 246
person 0.0010 493 207 500 233
person 0.0010 350 195 366 211
car 0.0191 414 198 489 230
car 0.0079 472 213 485 229
car 0.0060 318 196 361 214
car 0.0048 3 206 23 215
car 0.0037 492 205 500 216
car 0.0024 42 222 57 239
car 0.0020 474 203 496 218
car 0.0019 475 186 500 215
car 0.0011 283 206 303 214
aeroplane 0.9944 16 66 468 242
aeroplane 0.2191 318 196 361 214
aeroplane 0.0367 475 185 500 215
aeroplane 0.0133 3 206 23 215
aeroplane 0.0103 414 197 495 230
aeroplane 0.0072 486 182 500 208
aeroplane 0.0066 0 184 54 216
aeroplane 0.0060 315 191 435 216
aeroplane 0.0058 0 190 30 215
aeroplane 0.0050 278 195 364 214
aeroplane 0.0048 330 201 366 215
aeroplane 0.0047 444 182 500 221
aeroplane 0.0047 0 202 27 219
aeroplane 0.0043 492 205 500 216
aeroplane 0.0036 0 190 10 214
aeroplane 0.0035 0 204 10 219
aeroplane 0.0033 474 199 498 224
aeroplane 0.0029 0 183 8 203
aeroplane 0.0026 0 184 128 219
aeroplane 0.0026 350 195 366 211
aeroplane 0.0025 0 171 22 225
aeroplane 0.0021 454 196 499 230
aeroplane 0.0017 468 186 500 238
aeroplane 0.0016 332 193 387 214
aeroplane 0.0015 0 187 27 202
aeroplane 0.0015 311 171 370 217
aeroplane 0.0014 3 168 101 229
aeroplane 0.0014 0 191 52 234
aeroplane 0.0011 0 196 13 226
aeroplane 0.0011 487 196 500 224
aeroplane 0.0011 492 166 499 203
aeroplane 0.0011 0 161 6 204
aeroplane 0.0010 7 203 36 216
bus 0.0167 414 198 489 230
boat 0.0028 484 186 500 215
boat 0.0024 318 196 361 214
