person 0.9579 155 32 498 371
person 0.0431 120 52 320 339
person 0.0114 161 259 291 373
person 0.0048 0 152 18 356
person 0.0044 98 128 252 269
person 0.0031 124 157 229 251
person 0.0026 450 173 500 373
person 0.0022 92 5 406 290
person 0.0015 13 182 144 269
person 0.0014 176 19 339 212
person 0.0014 -6 60 277 330
person 0.0014 474 166 500 380
person 0.0012 475 81 500 315
person 0.0011 0 143 22 262
person 0.0011 469 143 500 206
person 0.0010 0 157 10 209
car 0.9518 4 182 137 268
car 0.9114 128 161 230 255
car 0.6768 431 47 500 199
car 0.2994 0 149 18 287
car 0.0553 477 45 501 197
car 0.0188 0 158 13 226
car 0.0160 467 116 500 203
car 0.0143 489 49 500 200
car 0.0138 485 51 500 141
car 0.0135 433 39 501 127
car 0.0053 324 37 503 204
car 0.0044 0 138 23 229
car 0.0038 468 159 500 203
car 0.0035 93 20 395 373
car 0.0034 472 40 500 125
car 0.0029 98 128 252 269
car 0.0026 0 199 14 316
car 0.0025 479 20 500 106
car 0.0022 0 149 9 197
car 0.0020 0 160 22 381
car 0.0020 125 69 314 326
car 0.0017 0 105 130 283
car 0.0016 450 173 500 373
car 0.0016 423 67 496 146
car 0.0013 0 73 24 286
car 0.0011 -6 60 277 330
car 0.0011 470 1 500 163
car 0.0010 488 116 500 209
bus 0.0048 0 149 18 287
bus 0.0022 0 150 12 217
bottle 0.0294 0 350 26 375
bottle 0.0032 85 353 187 373
diningtable 0.0012 83 354 182 373
