person 0.0214 262 71 280 86
person 0.0135 263 75 279 95
person 0.0106 176 81 219 129
person 0.0083 234 104 285 131
person 0.0078 272 88 292 101
person 0.0042 183 106 210 129
person 0.0042 254 102 298 132
person 0.0027 227 62 242 75
person 0.0022 190 106 222 130
person 0.0020 225 77 294 131
person 0.0019 173 105 203 127
person 0.0015 279 114 303 134
person 0.0014 185 86 207 102
person 0.0014 268 79 295 97
person 0.0014 182 80 257 156
person 0.0013 275 100 308 134
person 0.0013 225 73 250 86
person 0.0013 168 104 188 128
person 0.0012 180 81 213 112
person 0.0012 169 92 231 141
person 0.0012 267 85 300 131
person 0.0011 201 105 232 131
person 0.0010 231 114 279 134
car 0.9912 140 60 340 244
car 0.0096 262 71 280 86
car 0.0074 150 49 292 121
car 0.0059 161 49 320 171
car 0.0057 245 71 267 85
car 0.0057 180 61 214 77
car 0.0053 226 72 262 86
car 0.0025 157 48 286 83
car 0.0025 174 80 220 130
car 0.0021 248 69 282 87
car 0.0017 158 53 244 111
car 0.0014 172 57 260 79
bus 0.0015 124 55 330 235
bird 0.0065 452 129 460 135
bird 0.0053 455 126 460 131
bird 0.0048 474 111 480 116
bird 0.0035 464 130 471 136
sheep 0.0012 452 129 460 135
cow 0.0011 124 54 331 235
diningtable 0.0011 124 54 331 235
