person 0.9622 173 -1 451 308
person 0.8593 0 115 91 367
person 0.0487 -3 121 180 361
person 0.0034 56 180 146 291
person 0.0028 0 112 16 364
person 0.0014 76 -2 243 133
person 0.0010 415 -3 499 214
bottle 0.0369 210 231 233 305
bottle 0.0128 390 325 414 347
bottle 0.0083 243 241 279 311
bottle 0.0070 222 234 248 302
bottle 0.0029 191 257 203 277
bottle 0.0026 410 337 453 364
bottle 0.0020 260 168 297 193
bottle 0.0015 217 244 230 305
bottle 0.0015 245 252 267 319
bottle 0.0015 130 205 164 232
bottle 0.0014 246 246 276 266
bottle 0.0013 449 319 499 373
bottle 0.0013 229 234 290 320
bottle 0.0012 478 327 500 374
chair 0.8849 72 3 214 147
chair 0.4543 5 2 101 124
chair 0.4534 413 -1 500 168
chair 0.2812 412 1 501 72
chair 0.1000 198 3 243 107
chair 0.0237 223 3 245 82
chair 0.0199 175 -1 450 345
chair 0.0169 123 0 241 114
chair 0.0101 16 -7 243 98
chair 0.0076 429 29 500 245
chair 0.0074 0 1 23 111
chair 0.0033 206 -6 298 87
chair 0.0031 0 -1 9 113
chair 0.0028 2 -1 53 118
chair 0.0025 167 6 228 108
chair 0.0025 450 14 500 74
chair 0.0021 0 209 23 373
chair 0.0017 44 3 168 125
chair 0.0014 1 118 87 373
chair 0.0013 0 0 24 56
chair 0.0013 15 -21 85 75
chair 0.0012 0 288 25 370
chair 0.0012 89 4 206 47
chair 0.0011 100 0 195 19
chair 0.0011 109 -2 296 144
chair 0.0010 434 1 499 15
chair 0.0010 431 67 499 161
chair 0.0010 492 6 500 67
sofa 0.0818 415 -1 498 212
sofa 0.0031 406 5 500 364
sofa 0.0031 408 4 503 69
sofa 0.0016 0 118 88 373
sofa 0.0011 36 4 218 146
diningtable 0.0144 32 -1 218 138
diningtable 0.0044 322 314 491 371
diningtable 0.0024 412 1 501 72
diningtable 0.0013 179 -5 244 101
