person 0.9922 84 57 252 370
person 0.5199 0 -17 18 263
person 0.5018 192 52 208 88
person 0.0617 333 41 375 86
person 0.0609 300 51 376 122
person 0.0307 0 159 13 266
person 0.0306 189 56 216 144
person 0.0252 0 83 14 270
person 0.0209 333 42 349 89
person 0.0207 335 42 347 71
person 0.0163 322 38 361 117
person 0.0146 182 60 232 153
person 0.0144 338 41 345 57
person 0.0141 96 0 114 62
person 0.0137 453 51 499 341
person 0.0103 465 167 500 343
person 0.0103 195 52 211 123
person 0.0088 0 30 8 258
person 0.0087 188 80 207 131
person 0.0083 448 152 487 212
person 0.0070 151 24 165 53
person 0.0061 482 208 500 376
person 0.0058 0 -4 19 128
person 0.0058 0 -10 48 256
person 0.0043 176 87 235 201
person 0.0040 176 91 215 155
person 0.0039 331 65 377 128
person 0.0037 131 71 229 289
person 0.0034 133 69 148 88
person 0.0033 143 56 218 102
person 0.0031 343 48 374 68
person 0.0031 191 92 206 120
person 0.0029 487 262 500 374
person 0.0028 195 90 234 153
person 0.0028 419 98 434 111
person 0.0024 343 61 378 92
person 0.0024 492 197 500 361
person 0.0024 1 0 21 38
person 0.0022 135 61 227 149
person 0.0021 323 43 337 73
person 0.0019 163 50 214 123
person 0.0017 480 30 500 288
person 0.0017 0 -9 12 30
person 0.0017 393 72 456 143
person 0.0017 339 39 361 61
person 0.0015 268 33 279 48
person 0.0015 126 45 210 92
person 0.0014 165 51 212 88
person 0.0014 115 0 124 14
person 0.0012 342 55 376 78
person 0.0012 1 0 89 272
person 0.0012 0 142 21 260
person 0.0012 150 8 169 50
person 0.0011 221 97 234 136
person 0.0011 171 69 205 142
person 0.0011 494 153 500 194
person 0.0011 0 9 11 42
person 0.0010 197 52 210 66
bicycle 0.3279 296 65 375 130
bicycle 0.0095 279 48 368 266
bicycle 0.0095 329 81 372 127
bicycle 0.0079 352 86 372 126
bicycle 0.0072 344 63 376 126
bicycle 0.0047 322 94 342 117
bicycle 0.0042 278 73 363 165
bicycle 0.0031 261 31 387 199
bicycle 0.0022 327 92 354 120
bicycle 0.0022 328 47 378 122
bicycle 0.0018 309 90 370 134
bicycle 0.0018 343 61 378 92
bicycle 0.0011 84 70 246 391
bicycle 0.0011 289 84 358 127
bicycle 0.0010 356 70 379 122
car 0.6655 1 0 21 38
car 0.1055 155 0 203 46
car 0.0271 163 0 228 39
car 0.0196 151 6 183 49
car 0.0107 0 3 62 34
car 0.0092 150 -5 249 56
car 0.0073 268 33 279 48
car 0.0069 351 16 429 60
car 0.0061 0 -9 12 30
car 0.0053 0 9 11 42
car 0.0049 111 0 178 51
car 0.0039 231 19 238 36
car 0.0038 167 25 206 49
car 0.0031 173 22 201 39
car 0.0030 269 40 279 50
car 0.0028 159 16 195 41
car 0.0028 155 20 199 54
car 0.0028 191 11 237 45
car 0.0024 83 -1 195 60
car 0.0022 171 3 200 35
car 0.0021 177 89 234 156
car 0.0020 209 15 241 41
car 0.0019 6 3 37 35
car 0.0019 0 -25 24 29
car 0.0018 291 1 347 42
car 0.0017 204 3 246 35
car 0.0016 289 78 376 131
car 0.0015 231 31 237 45
car 0.0014 0 -18 9 21
car 0.0013 0 -11 24 16
car 0.0011 490 29 500 46
car 0.0011 170 22 243 51
car 0.0010 159 0 196 25
motorbike 0.0948 301 62 376 128
motorbike 0.0058 330 50 377 119
motorbike 0.0020 329 81 372 127
bus 0.0015 1 0 21 38
boat 0.0047 351 16 426 57
boat 0.0040 141 179 370 367
boat 0.0015 302 40 372 131
boat 0.0010 87 83 270 382
bottle 0.0245 487 262 500 374
bottle 0.0051 489 290 500 344
bottle 0.0047 245 324 269 348
bottle 0.0031 136 235 180 304
bottle 0.0018 478 292 500 372
bottle 0.0017 322 94 342 117
bottle 0.0016 223 320 265 353
bottle 0.0015 231 324 256 348
bottle 0.0014 323 102 340 126
bottle 0.0013 148 280 165 298
bottle 0.0011 482 208 500 376
bottle 0.0011 145 253 173 302
bottle 0.0010 133 69 147 87
bottle 0.0010 173 106 185 127
bottle 0.0010 148 236 170 266
bottle 0.0010 361 128 378 141
chair 0.9731 389 73 450 155
chair 0.1420 178 90 233 154
chair 0.1277 176 90 239 203
chair 0.0762 294 57 373 137
chair 0.0553 482 292 500 373
chair 0.0484 278 54 363 267
chair 0.0480 86 52 249 352
chair 0.0214 174 183 217 223
chair 0.0121 482 208 500 376
chair 0.0105 157 132 213 261
chair 0.0104 222 102 233 147
chair 0.0076 419 98 434 111
chair 0.0074 172 96 206 149
chair 0.0074 131 71 229 289
chair 0.0072 456 174 500 350
chair 0.0064 281 80 358 157
chair 0.0061 165 82 207 232
chair 0.0057 331 65 377 127
chair 0.0040 135 61 227 149
chair 0.0033 351 15 429 60
chair 0.0033 406 95 432 115
chair 0.0031 344 61 377 92
chair 0.0030 189 56 216 144
chair 0.0029 191 92 206 120
chair 0.0029 188 80 207 131
chair 0.0029 294 109 329 142
chair 0.0028 219 106 235 161
chair 0.0027 137 163 235 266
chair 0.0021 402 101 435 130
chair 0.0020 489 290 500 344
chair 0.0020 178 93 213 195
chair 0.0019 176 99 195 131
chair 0.0018 284 110 341 195
chair 0.0017 176 105 200 142
chair 0.0017 115 116 284 312
chair 0.0017 391 77 449 117
chair 0.0016 185 117 205 151
chair 0.0015 222 116 232 170
chair 0.0015 472 259 500 376
chair 0.0014 174 128 221 215
chair 0.0013 195 93 215 117
chair 0.0013 199 54 233 151
chair 0.0013 195 98 233 190
chair 0.0013 230 122 244 167
chair 0.0013 354 62 381 104
chair 0.0012 305 80 372 127
chair 0.0010 291 1 347 42
sofa 0.0012 465 167 500 343
sofa 0.0010 484 292 500 378
pottedplant 0.0010 336 45 379 88
pottedplant 0.0010 294 57 373 137
diningtable 0.0241 279 48 368 266
diningtable 0.0239 294 57 373 137
diningtable 0.0114 86 52 249 352
diningtable 0.0042 482 292 500 373
diningtable 0.0017 128 181 352 334
diningtable 0.0017 347 63 377 89
diningtable 0.0016 482 208 500 376
diningtable 0.0014 331 65 377 128
diningtable 0.0013 178 86 235 163
diningtable 0.0011 392 74 456 155
diningtable 0.0011 465 167 500 343
diningtable 0.0010 278 73 363 165
diningtable 0.0010 342 55 376 78
tvmonitor 0.0011 482 292 500 373
