person 0.8234 3 13 250 358
person 0.0506 11 151 262 320
person 0.0045 -3 25 220 210
person 0.0030 20 36 161 286
person 0.0029 21 230 120 348
cat 0.0045 11 151 262 320
dog 0.9165 12 151 260 319
dog 0.0563 -15 79 280 375
dog 0.0080 22 231 121 327
dog 0.0016 53 174 199 329
dog 0.0012 46 224 160 317
bottle 0.1104 391 159 405 210
bottle 0.0942 67 0 75 44
bottle 0.0674 78 0 88 41
bottle 0.0583 87 1 96 38
bottle 0.0129 489 299 500 374
bottle 0.0120 479 294 499 370
bottle 0.0097 96 0 107 36
bottle 0.0083 87 12 94 40
bottle 0.0079 82 0 100 39
bottle 0.0076 384 164 408 215
bottle 0.0065 360 170 374 189
bottle 0.0060 393 159 404 186
bottle 0.0051 105 0 115 36
bottle 0.0044 0 128 4 163
bottle 0.0037 492 335 500 374
bottle 0.0033 0 137 6 169
bottle 0.0033 180 75 194 111
bottle 0.0032 191 71 204 114
bottle 0.0024 67 1 110 39
bottle 0.0021 245 146 281 179
bottle 0.0021 270 93 281 112
bottle 0.0019 260 109 272 128
bottle 0.0018 284 144 394 195
bottle 0.0017 162 0 173 17
bottle 0.0016 365 161 425 220
bottle 0.0015 112 0 146 36
bottle 0.0015 394 158 403 172
bottle 0.0015 173 0 185 21
bottle 0.0014 406 167 429 219
bottle 0.0013 264 127 459 243
bottle 0.0012 221 143 250 179
bottle 0.0012 387 317 491 375
bottle 0.0011 397 112 422 141
bottle 0.0011 153 0 166 14
bottle 0.0011 297 115 309 131
bottle 0.0011 390 185 403 211
bottle 0.0010 400 167 419 216
bottle 0.0010 312 102 345 124
bottle 0.0010 96 21 105 36
bottle 0.0010 329 113 352 133
chair 0.0305 0 273 49 378
chair 0.0047 432 126 495 144
chair 0.0015 -7 22 225 331
chair 0.0014 10 150 263 363
chair 0.0012 466 137 500 156
chair 0.0011 -3 288 261 372
sofa 0.0973 0 273 49 378
sofa 0.0041 -1 188 51 357
sofa 0.0034 -10 230 274 374
sofa 0.0025 -3 285 118 373
sofa 0.0020 19 243 114 356
pottedplant 0.0138 112 0 146 36
pottedplant 0.0038 292 94 331 113
pottedplant 0.0027 288 93 344 121
pottedplant 0.0010 108 0 190 37
diningtable 0.0049 225 218 488 402
diningtable 0.0031 212 302 500 365
diningtable 0.0011 298 334 420 363
tvmonitor 0.0011 282 142 382 199
