person 0.0021 450 107 482 204
car 0.0012 391 223 412 238
bird 0.0113 451 107 481 202
cat 0.0017 451 107 481 202
dog 0.0016 451 107 481 202
horse 0.0025 450 107 482 204
bottle 0.7958 225 153 239 197
bottle 0.0023 392 195 405 214
bottle 0.0013 226 179 239 203
bottle 0.0010 451 186 474 211
chair 0.0091 450 107 482 204
chair 0.0048 0 228 54 380
chair 0.0043 483 248 500 374
chair 0.0040 471 157 499 206
chair 0.0031 0 214 23 373
chair 0.0024 493 334 500 375
chair 0.0016 489 274 500 379
chair 0.0015 449 211 500 379
chair 0.0015 472 178 500 373
chair 0.0015 493 156 500 210
chair 0.0014 449 97 498 226
diningtable 0.0049 155 158 499 371
diningtable 0.0017 167 168 487 277
diningtable 0.0013 0 315 24 360
tvmonitor 0.9784 31 143 142 237
tvmonitor 0.9543 274 77 403 164
tvmonitor 0.0017 52 165 126 218
tvmonitor 0.0015 252 72 466 212
