person 0.9800 201 144 299 326
person 0.0035 431 169 456 219
person 0.0013 261 161 299 305
bicycle 0.9306 213 232 288 371
bicycle 0.0623 206 146 299 355
bicycle 0.0036 242 290 280 372
bicycle 0.0026 431 170 456 231
bicycle 0.0022 167 283 333 374
bicycle 0.0012 223 227 304 311
bicycle 0.0011 263 217 296 292
bicycle 0.0010 226 298 244 333
bird 0.0011 147 83 152 91
bottle 0.0032 284 223 299 237
bottle 0.0019 265 203 278 223
bottle 0.0011 264 207 280 231
chair 0.1041 342 263 498 373
chair 0.0097 344 265 402 371
chair 0.0077 397 287 499 375
chair 0.0073 0 239 56 368
chair 0.0020 397 301 458 371
chair 0.0016 441 296 500 373
diningtable 0.0011 345 261 504 373
