person 0.1116 231 222 253 268
person 0.0479 236 221 257 250
person 0.0263 89 167 305 415
person 0.0098 354 160 363 170
person 0.0085 176 213 216 264
person 0.0060 249 228 273 259
person 0.0049 256 220 282 253
person 0.0046 187 219 215 251
person 0.0043 297 248 320 281
person 0.0033 234 234 265 269
person 0.0028 162 216 202 265
person 0.0025 268 220 285 249
person 0.0023 188 216 241 264
person 0.0023 311 112 316 123
person 0.0021 182 226 202 265
person 0.0021 173 226 190 266
person 0.0018 355 156 362 167
person 0.0016 219 230 261 275
person 0.0015 161 207 234 274
person 0.0014 303 110 313 116
person 0.0014 201 220 218 246
person 0.0013 300 252 329 273
person 0.0011 145 236 160 255
person 0.0011 307 113 314 121
person 0.0011 265 226 290 263
person 0.0010 197 226 223 264
bicycle 0.0152 297 248 320 281
bicycle 0.0015 0 377 37 444
car 0.9666 330 258 375 378
car 0.0154 328 280 348 303
car 0.0129 327 269 351 300
car 0.0057 329 267 356 285
car 0.0046 297 248 320 281
car 0.0018 329 261 364 302
car 0.0018 88 144 304 403
car 0.0015 328 277 349 326
car 0.0012 296 192 314 199
car 0.0011 76 248 94 277
car 0.0011 300 240 332 271
car 0.0010 352 264 375 376
motorbike 0.0030 297 248 320 281
bus 0.9913 89 146 304 400
train 0.0082 82 105 308 385
boat 0.0307 296 192 314 199
boat 0.0072 354 160 363 170
boat 0.0055 296 177 314 199
boat 0.0047 56 2 371 92
boat 0.0039 333 117 375 126
boat 0.0038 203 111 343 137
boat 0.0026 93 132 326 393
boat 0.0013 184 66 349 144
boat 0.0012 336 95 373 126
boat 0.0010 294 188 317 201
bird 0.0066 354 160 363 170
bird 0.0018 297 248 320 281
bird 0.0018 296 192 314 199
bird 0.0013 216 112 228 124
bird 0.0013 355 156 362 167
chair 0.0028 327 269 351 300
chair 0.0024 297 251 320 294
chair 0.0019 145 236 160 255
