person 0.3490 210 123 222 146
person 0.1577 187 128 205 151
person 0.0962 328 192 338 204
person 0.0368 194 122 218 148
person 0.0367 244 122 261 142
person 0.0240 179 124 199 146
person 0.0148 335 193 343 205
person 0.0123 264 119 283 139
person 0.0103 238 119 257 144
person 0.0092 213 119 235 146
person 0.0055 170 121 206 150
person 0.0045 170 124 188 144
person 0.0030 357 173 368 193
person 0.0024 355 178 367 197
person 0.0024 224 119 243 145
person 0.0018 258 120 275 140
person 0.0014 316 193 326 202
person 0.0013 166 127 192 151
person 0.0012 192 119 249 149
person 0.0012 345 184 352 198
person 0.0011 155 119 219 152
person 0.0011 389 18 402 40
person 0.0010 433 176 439 187
person 0.0010 450 176 456 188
aeroplane 0.9840 32 18 488 238
aeroplane 0.0061 48 150 468 242
aeroplane 0.0028 216 186 464 244
