person 0.0777 289 265 312 292
person 0.0180 479 288 487 304
person 0.0034 454 243 476 258
person 0.0033 478 282 491 299
person 0.0033 454 245 463 252
person 0.0032 395 284 402 296
person 0.0023 371 257 382 265
person 0.0021 402 291 409 301
person 0.0020 403 283 413 295
person 0.0020 494 250 500 265
person 0.0018 456 264 472 278
person 0.0017 395 288 405 303
person 0.0015 448 262 464 276
person 0.0014 475 284 492 307
person 0.0014 295 279 310 293
person 0.0013 414 292 426 299
person 0.0012 461 287 492 305
person 0.0012 344 253 357 264
person 0.0011 322 255 335 265
person 0.0010 457 245 496 267
person 0.0010 354 256 368 265
car 0.0045 361 255 381 265
car 0.0035 289 265 312 292
car 0.0028 354 256 368 265
car 0.0018 390 252 412 264
car 0.0017 371 257 382 265
car 0.0012 494 250 500 265
car 0.0011 450 263 498 314
aeroplane 0.9879 4 76 503 328
aeroplane 0.3384 377 228 499 306
aeroplane 0.0490 228 217 502 316
aeroplane 0.0154 447 241 500 272
aeroplane 0.0075 339 265 491 313
aeroplane 0.0052 274 225 482 289
aeroplane 0.0050 288 265 311 292
aeroplane 0.0049 407 230 503 271
aeroplane 0.0047 445 240 500 302
aeroplane 0.0039 297 234 414 268
aeroplane 0.0035 312 177 498 296
aeroplane 0.0023 445 212 500 267
aeroplane 0.0020 287 209 420 264
aeroplane 0.0018 403 198 499 279
aeroplane 0.0016 385 214 480 254
aeroplane 0.0015 454 245 463 252
aeroplane 0.0014 319 255 330 264
aeroplane 0.0013 438 164 501 297
aeroplane 0.0013 322 255 335 265
aeroplane 0.0013 388 249 413 265
aeroplane 0.0011 232 259 483 324
aeroplane 0.0011 333 252 351 264
bus 0.0567 377 228 499 306
bus 0.0510 445 240 500 302
bus 0.0252 447 241 500 272
bus 0.0037 469 242 499 261
bus 0.0013 450 263 498 314
bus 0.0010 492 241 500 262
boat 0.0016 377 228 499 306
