person 0.9770 72 112 133 201
person 0.8263 206 76 250 195
person 0.6444 285 100 318 139
person 0.3828 368 155 384 187
person 0.3769 361 153 383 206
person 0.2033 281 106 318 206
person 0.0514 402 162 410 177
person 0.0383 345 169 395 213
person 0.0383 284 101 309 129
person 0.0309 343 152 378 206
person 0.0252 212 74 253 138
person 0.0129 250 102 316 140
person 0.0121 369 154 383 173
person 0.0112 176 100 273 208
person 0.0103 268 126 367 234
person 0.0096 293 119 312 140
person 0.0083 350 157 373 184
person 0.0063 85 114 120 162
person 0.0060 369 175 387 205
person 0.0040 277 103 314 156
person 0.0029 113 162 132 199
person 0.0028 492 138 500 205
person 0.0027 148 121 318 277
person 0.0021 322 140 392 216
person 0.0020 86 99 401 243
person 0.0020 291 120 316 161
person 0.0020 361 153 382 176
person 0.0018 235 103 339 177
person 0.0017 298 106 320 138
person 0.0016 75 113 111 173
person 0.0016 307 124 318 138
person 0.0015 100 118 134 202
person 0.0015 491 138 500 166
person 0.0015 301 116 320 147
person 0.0014 83 128 101 155
person 0.0013 101 55 314 214
person 0.0012 339 167 365 191
person 0.0012 493 143 500 176
person 0.0012 203 85 314 190
person 0.0010 492 170 500 209
person 0.0010 372 178 411 213
person 0.0010 350 148 371 175
bicycle 0.0026 346 172 410 212
bicycle 0.0016 402 162 410 177
car 0.0043 491 138 500 166
car 0.0010 493 143 500 176
motorbike 0.0058 346 171 410 213
motorbike 0.0024 402 162 410 177
boat 0.0045 267 92 277 97
boat 0.0020 346 171 410 213
bird 0.0013 267 92 277 97
dog 0.0031 492 187 500 212
dog 0.0022 344 177 413 215
dog 0.0013 383 180 412 214
horse 0.9904 270 131 371 251
horse 0.9883 143 121 311 277
horse 0.9260 342 175 411 215
horse 0.8889 78 150 123 235
horse 0.0489 402 162 410 177
horse 0.0350 383 180 412 214
horse 0.0270 336 169 381 213
horse 0.0259 72 113 131 201
horse 0.0137 274 118 315 204
horse 0.0104 369 175 387 205
horse 0.0104 358 171 383 208
horse 0.0096 343 152 378 206
horse 0.0093 492 187 500 212
horse 0.0072 492 147 500 211
horse 0.0059 348 172 373 212
horse 0.0052 204 136 350 250
horse 0.0043 309 148 374 231
horse 0.0039 278 163 310 213
horse 0.0039 111 160 133 200
horse 0.0038 401 164 433 176
horse 0.0031 241 118 308 147
horse 0.0029 354 156 387 203
horse 0.0028 398 178 412 206
horse 0.0025 361 183 398 213
horse 0.0023 315 156 421 234
horse 0.0023 245 106 318 155
horse 0.0022 339 167 365 191
horse 0.0022 314 129 367 155
horse 0.0020 277 131 347 207
horse 0.0019 88 181 118 235
horse 0.0018 368 156 384 202
horse 0.0018 261 183 294 242
horse 0.0018 176 100 273 208
horse 0.0017 322 140 392 216
horse 0.0016 229 117 414 238
horse 0.0016 264 157 303 243
horse 0.0013 246 110 319 201
horse 0.0012 493 143 500 176
horse 0.0012 223 168 298 254
horse 0.0012 271 195 291 243
horse 0.0012 86 99 401 243
horse 0.0011 70 156 93 200
horse 0.0011 64 156 100 223
horse 0.0011 373 179 406 205
horse 0.0010 335 138 370 204
sheep 0.0043 344 177 413 215
sheep 0.0024 492 187 500 212
sheep 0.0020 491 138 500 166
sheep 0.0012 493 143 500 176
sheep 0.0011 384 180 412 214
cow 0.0517 343 177 414 215
cow 0.0088 402 162 410 177
cow 0.0074 383 180 412 214
cow 0.0021 491 138 500 166
cow 0.0019 492 187 500 212
cow 0.0015 493 143 500 176
cow 0.0014 401 164 433 176
cow 0.0013 398 180 413 213
cow 0.0010 492 138 500 205
