person 0.8960 298 126 426 288
person 0.8588 78 107 142 275
person 0.6699 94 113 173 273
person 0.4749 376 142 442 216
person 0.4054 352 136 465 299
person 0.3998 368 161 387 185
person 0.3308 124 115 176 232
person 0.2181 297 124 329 181
person 0.0671 389 156 464 276
person 0.0456 364 166 389 192
person 0.0389 298 127 363 210
person 0.0302 432 164 446 176
person 0.0277 303 130 405 222
person 0.0225 414 143 441 181
person 0.0209 407 145 456 205
person 0.0182 349 149 395 207
person 0.0170 341 144 378 195
person 0.0146 435 163 455 177
person 0.0125 331 153 453 236
person 0.0124 436 172 460 190
person 0.0110 389 142 446 184
person 0.0106 414 162 440 196
person 0.0082 399 174 464 224
person 0.0072 428 177 463 252
person 0.0069 340 142 363 178
person 0.0063 103 152 133 210
person 0.0061 292 149 317 241
person 0.0059 294 126 312 178
person 0.0059 107 154 128 188
person 0.0056 425 161 450 182
person 0.0053 428 168 446 190
person 0.0052 294 134 332 227
person 0.0052 422 146 448 178
person 0.0050 422 142 435 166
person 0.0048 136 126 177 198
person 0.0048 129 156 172 280
person 0.0044 420 162 433 180
person 0.0042 334 154 387 224
person 0.0041 86 140 120 201
person 0.0041 12 108 483 306
person 0.0039 406 180 449 204
person 0.0038 360 150 419 210
person 0.0035 430 157 462 202
person 0.0034 300 122 325 146
person 0.0034 81 108 128 208
person 0.0033 428 178 462 205
person 0.0033 293 141 371 260
person 0.0033 295 141 311 200
person 0.0032 295 144 307 180
person 0.0031 370 157 405 187
person 0.0031 307 197 392 294
person 0.0029 422 170 432 189
person 0.0029 301 151 322 173
person 0.0026 347 152 370 189
person 0.0025 302 137 378 186
person 0.0025 106 131 130 194
person 0.0024 342 142 359 163
person 0.0024 363 178 390 201
person 0.0023 411 159 428 183
person 0.0022 410 149 428 173
person 0.0021 312 104 477 217
person 0.0020 396 150 421 169
person 0.0020 2 135 42 204
person 0.0019 143 128 171 176
person 0.0019 333 139 408 187
person 0.0019 53 93 200 264
person 0.0019 303 124 335 165
person 0.0018 313 141 329 161
person 0.0018 447 173 461 188
person 0.0017 313 167 407 252
person 0.0016 379 160 396 180
person 0.0016 323 132 464 191
person 0.0016 312 135 326 152
person 0.0015 350 181 408 235
person 0.0014 47 86 385 255
person 0.0014 420 142 470 249
person 0.0013 159 164 174 219
person 0.0013 312 152 330 170
person 0.0012 359 185 398 213
person 0.0012 370 164 409 217
person 0.0011 388 161 407 179
person 0.0011 124 119 157 202
person 0.0011 407 141 432 166
person 0.0010 114 149 143 195
person 0.0010 415 170 426 190
cat 0.0017 129 114 181 276
dog 0.0675 129 156 172 280
dog 0.0074 158 164 176 273
dog 0.0056 137 200 176 276
dog 0.0045 125 112 175 248
dog 0.0037 94 113 173 273
dog 0.0032 158 209 175 268
dog 0.0028 159 167 174 230
horse 0.0011 129 156 172 280
bottle 0.0191 430 185 441 198
bottle 0.0162 422 170 432 189
bottle 0.0127 375 190 402 213
bottle 0.0123 368 161 387 185
bottle 0.0092 429 170 442 189
bottle 0.0055 380 199 396 216
bottle 0.0047 420 162 433 180
bottle 0.0038 414 162 440 196
bottle 0.0032 342 143 359 161
bottle 0.0029 432 164 446 176
bottle 0.0026 124 215 133 243
bottle 0.0023 454 184 462 197
bottle 0.0023 419 185 438 199
bottle 0.0020 415 170 426 190
bottle 0.0016 436 173 460 190
bottle 0.0015 367 189 390 209
bottle 0.0013 454 193 461 205
bottle 0.0012 411 159 428 183
bottle 0.0011 432 181 460 200
bottle 0.0010 373 176 404 207
bottle 0.0010 370 164 409 217
bottle 0.0010 420 179 453 205
bottle 0.0010 423 167 452 191
bottle 0.0010 391 200 411 216
chair 0.9165 307 197 392 294
chair 0.5015 290 193 321 261
chair 0.0238 289 168 459 296
chair 0.0148 389 250 429 298
chair 0.0113 361 184 383 200
chair 0.0093 298 151 381 276
chair 0.0085 436 173 460 190
chair 0.0071 361 189 382 204
chair 0.0065 381 200 445 301
chair 0.0057 291 228 320 263
chair 0.0051 292 189 317 228
chair 0.0051 314 238 387 295
chair 0.0044 365 168 388 190
chair 0.0044 369 152 461 304
chair 0.0044 296 222 328 275
chair 0.0031 367 189 390 209
chair 0.0028 324 134 418 260
chair 0.0028 429 204 463 268
chair 0.0024 378 219 421 298
chair 0.0023 310 198 375 260
chair 0.0021 349 149 395 207
chair 0.0020 435 163 455 177
chair 0.0019 292 149 317 241
chair 0.0017 447 173 461 188
chair 0.0017 427 195 462 222
chair 0.0015 309 236 437 302
chair 0.0015 292 135 333 250
chair 0.0014 429 177 462 204
chair 0.0013 288 194 354 265
chair 0.0012 400 244 460 302
chair 0.0012 359 185 398 213
chair 0.0012 427 194 462 208
chair 0.0011 454 184 462 197
chair 0.0011 432 164 446 176
chair 0.0010 430 185 441 198
chair 0.0010 312 218 333 278
sofa 0.0013 292 126 463 297
pottedplant 0.0011 341 141 372 181
diningtable 0.1872 427 194 462 208
diningtable 0.1576 389 155 464 277
diningtable 0.1094 399 174 464 224
diningtable 0.0851 361 184 383 200
diningtable 0.0660 413 189 463 210
diningtable 0.0630 428 178 462 215
diningtable 0.0503 428 177 463 252
diningtable 0.0486 427 195 462 222
diningtable 0.0427 411 191 464 229
diningtable 0.0295 352 136 465 299
diningtable 0.0240 365 168 388 190
diningtable 0.0193 432 181 460 200
diningtable 0.0134 361 189 382 204
diningtable 0.0125 420 179 453 205
diningtable 0.0096 359 185 398 213
diningtable 0.0077 367 189 390 209
diningtable 0.0061 423 206 451 229
diningtable 0.0057 430 185 441 198
diningtable 0.0056 412 182 444 202
diningtable 0.0056 427 195 465 305
diningtable 0.0051 389 196 445 227
diningtable 0.0047 374 189 404 214
diningtable 0.0031 420 142 470 249
diningtable 0.0031 434 170 461 191
diningtable 0.0023 418 205 438 227
diningtable 0.0023 331 153 453 236
diningtable 0.0020 295 125 451 273
diningtable 0.0018 454 193 461 205
diningtable 0.0016 367 164 412 216
diningtable 0.0015 446 187 466 211
diningtable 0.0014 350 181 408 235
diningtable 0.0014 393 198 423 222
diningtable 0.0014 419 185 438 199
diningtable 0.0013 434 187 474 212
diningtable 0.0011 423 167 452 191
diningtable 0.0010 454 184 462 197
tvmonitor 0.0113 289 3 435 153
tvmonitor 0.0022 2 135 42 204
