person 0.0075 363 -1 500 364
cat 0.0240 252 212 498 369
cat 0.0024 468 317 500 376
cat 0.0018 171 126 339 282
dog 0.9691 169 129 340 288
dog 0.7068 252 210 410 374
dog 0.0064 259 181 521 371
dog 0.0019 397 309 501 373
dog 0.0013 156 177 433 362
dog 0.0011 122 63 381 320
dog 0.0011 388 235 502 373
sheep 0.0021 171 124 339 286
bottle 0.0010 177 183 192 201
chair 0.0308 352 2 426 83
chair 0.0108 360 -5 498 326
chair 0.0058 152 0 423 135
chair 0.0036 327 4 420 120
chair 0.0024 124 0 464 298
chair 0.0010 361 0 499 89
pottedplant 0.0056 468 317 500 376
