person 0.9335 339 155 356 183
person 0.9266 285 169 300 184
person 0.6108 264 165 277 182
person 0.2710 263 166 271 178
person 0.2102 394 137 400 166
person 0.1971 80 130 87 147
person 0.1676 110 143 116 153
person 0.1590 80 130 85 140
person 0.1350 32 135 36 142
person 0.1258 276 138 292 160
person 0.1179 287 141 299 161
person 0.0975 481 139 492 160
person 0.0859 109 139 117 150
person 0.0792 125 146 129 153
person 0.0747 275 112 316 160
person 0.0704 283 130 299 156
person 0.0682 187 128 194 140
person 0.0679 55 137 71 151
person 0.0591 479 137 493 149
person 0.0557 146 134 152 151
person 0.0526 276 120 290 140
person 0.0486 326 129 335 137
person 0.0485 189 128 197 140
person 0.0465 292 123 312 155
person 0.0398 113 146 122 153
person 0.0340 308 148 317 157
person 0.0339 261 135 267 143
person 0.0334 85 133 93 150
person 0.0333 57 135 83 151
person 0.0332 339 129 348 135
person 0.0284 464 134 486 149
person 0.0272 242 115 345 194
person 0.0265 280 117 289 133
person 0.0263 279 137 302 163
person 0.0242 32 131 36 139
person 0.0233 272 146 280 159
person 0.0167 258 167 287 188
person 0.0162 296 148 311 158
person 0.0158 208 130 219 140
person 0.0157 92 138 106 149
person 0.0141 463 152 468 165
person 0.0124 281 119 305 145
person 0.0122 91 146 106 151
person 0.0122 76 129 89 151
person 0.0122 366 128 375 135
person 0.0119 408 135 414 148
person 0.0113 147 143 153 153
person 0.0111 283 116 302 133
person 0.0111 481 148 490 170
person 0.0111 461 133 476 148
person 0.0110 87 147 99 151
person 0.0109 464 130 484 140
person 0.0107 261 126 268 142
person 0.0104 248 108 320 167
person 0.0098 479 130 491 137
person 0.0098 395 155 401 166
person 0.0096 260 170 274 183
person 0.0095 109 139 126 149
person 0.0092 207 134 222 144
person 0.0089 241 167 328 189
person 0.0088 206 130 213 139
person 0.0084 462 129 473 138
person 0.0083 146 132 152 138
person 0.0079 277 146 306 170
person 0.0075 293 118 309 131
person 0.0060 463 144 472 156
person 0.0058 272 132 280 153
person 0.0057 276 114 293 136
person 0.0057 247 177 260 182
person 0.0057 338 129 361 135
person 0.0055 394 133 399 153
person 0.0055 150 137 161 151
person 0.0054 280 152 303 164
person 0.0052 388 156 395 167
person 0.0051 207 134 246 144
person 0.0051 241 129 251 136
person 0.0051 410 135 421 148
person 0.0050 273 172 298 185
person 0.0048 53 138 58 148
person 0.0047 262 142 307 175
person 0.0047 388 137 397 167
person 0.0045 337 155 351 169
person 0.0044 271 122 279 140
person 0.0042 278 114 309 135
person 0.0039 345 174 357 184
person 0.0038 190 134 197 142
person 0.0037 218 178 367 198
person 0.0036 184 135 194 141
person 0.0036 71 145 89 152
person 0.0035 251 162 283 183
person 0.0035 84 127 90 142
person 0.0034 205 105 362 171
person 0.0034 390 135 404 167
person 0.0032 238 176 253 183
person 0.0032 69 129 150 155
person 0.0029 287 141 317 162
person 0.0027 305 134 315 152
person 0.0027 489 148 500 157
person 0.0026 463 142 489 154
person 0.0026 266 168 302 188
car 0.0011 479 137 493 149
aeroplane 0.0246 49 0 68 11
boat 0.5305 195 163 390 196
boat 0.2527 402 127 498 159
boat 0.1495 207 134 222 144
boat 0.1269 207 134 246 144
boat 0.1123 218 178 367 198
boat 0.1028 188 94 394 188
boat 0.0895 49 86 230 157
boat 0.0597 55 126 164 155
boat 0.0512 263 110 325 163
boat 0.0511 208 130 219 140
boat 0.0506 464 133 487 149
boat 0.0421 398 137 478 165
boat 0.0366 404 132 471 155
boat 0.0357 243 169 359 191
boat 0.0324 55 137 71 151
boat 0.0292 205 118 270 145
boat 0.0286 282 168 303 188
boat 0.0280 242 115 345 194
boat 0.0280 204 125 250 143
boat 0.0217 478 136 494 151
boat 0.0179 189 128 197 140
boat 0.0163 396 110 501 170
boat 0.0163 71 137 148 159
boat 0.0159 54 134 87 152
boat 0.0150 227 168 305 189
boat 0.0129 32 135 36 142
boat 0.0128 125 99 377 156
boat 0.0122 241 129 251 136
boat 0.0122 206 130 213 139
boat 0.0119 258 167 287 188
boat 0.0114 187 128 194 140
boat 0.0109 32 131 36 139
boat 0.0097 110 143 116 153
boat 0.0093 489 148 500 157
boat 0.0090 202 99 314 147
boat 0.0088 91 146 106 151
boat 0.0086 233 138 253 143
boat 0.0078 206 128 224 142
boat 0.0076 87 147 99 151
boat 0.0074 400 149 493 167
boat 0.0072 89 131 133 155
boat 0.0072 109 139 117 150
boat 0.0069 264 168 279 185
boat 0.0065 76 129 89 151
boat 0.0063 80 130 87 147
boat 0.0061 205 133 213 143
boat 0.0061 60 129 124 153
boat 0.0060 190 134 197 142
boat 0.0057 481 138 493 161
boat 0.0057 205 132 229 145
boat 0.0055 261 135 267 143
boat 0.0055 274 146 309 171
boat 0.0052 167 131 191 139
boat 0.0051 190 124 295 142
boat 0.0049 68 114 189 153
boat 0.0049 35 114 282 155
boat 0.0049 67 128 96 153
boat 0.0047 185 103 262 143
boat 0.0044 338 129 361 135
boat 0.0041 92 138 106 149
boat 0.0041 133 90 266 145
boat 0.0041 366 128 375 135
boat 0.0040 464 130 484 140
boat 0.0039 280 152 303 164
boat 0.0037 40 78 379 169
boat 0.0037 460 132 478 150
boat 0.0036 113 146 122 153
boat 0.0035 172 173 338 189
boat 0.0034 462 127 490 143
boat 0.0032 104 119 299 148
boat 0.0032 339 129 348 135
boat 0.0031 184 135 194 141
boat 0.0028 80 130 85 140
boat 0.0027 172 135 186 141
boat 0.0027 457 139 497 158
boat 0.0026 241 128 266 137
boat 0.0026 284 166 300 182
boat 0.0026 479 130 491 137
boat 0.0025 71 145 89 152
boat 0.0025 412 122 498 146
boat 0.0025 0 128 4 133
boat 0.0024 182 125 197 141
boat 0.0024 251 158 374 186
boat 0.0024 414 139 460 161
boat 0.0023 199 134 287 144
boat 0.0023 455 123 495 155
boat 0.0023 85 133 93 150
boat 0.0022 320 126 383 137
boat 0.0022 275 102 314 137
boat 0.0019 96 138 126 158
boat 0.0019 254 163 312 183
boat 0.0019 326 129 335 137
boat 0.0018 49 0 68 11
boat 0.0018 488 154 500 164
boat 0.0018 303 76 498 167
boat 0.0017 489 134 499 150
boat 0.0017 155 126 201 141
boat 0.0017 48 141 134 156
boat 0.0017 241 137 268 144
boat 0.0016 197 186 388 207
bird 0.2406 49 0 68 11
bird 0.0126 32 135 36 142
bird 0.0033 14 0 70 10
bird 0.0028 280 117 289 133
bird 0.0025 366 128 375 135
bird 0.0025 125 146 129 153
bird 0.0024 326 129 335 137
bird 0.0020 274 98 314 111
bird 0.0020 110 143 116 153
bird 0.0017 339 129 348 135
bird 0.0017 481 139 492 160
bird 0.0015 339 155 356 183
bird 0.0014 394 137 400 166
bird 0.0013 293 118 309 131
bird 0.0012 283 116 302 133
bird 0.0012 463 152 468 165
bird 0.0011 261 135 267 143
bird 0.0011 308 148 317 157
bird 0.0010 32 131 36 139
bird 0.0010 479 137 493 149
bird 0.0010 55 137 71 151
bird 0.0010 489 148 500 157
bird 0.0010 488 154 500 164
chair 0.0062 464 134 486 149
chair 0.0034 55 137 71 151
chair 0.0017 461 133 476 148
chair 0.0016 462 129 473 138
chair 0.0016 464 130 484 140
chair 0.0014 479 137 493 149
chair 0.0010 408 135 414 148
diningtable 0.0025 401 129 492 158
diningtable 0.0010 464 134 486 149
