person 0.0842 249 162 273 187
person 0.0650 11 130 19 155
person 0.0133 273 159 317 188
person 0.0116 10 127 19 146
person 0.0078 0 130 13 157
person 0.0073 272 164 299 187
person 0.0071 177 150 200 171
person 0.0066 4 127 21 158
person 0.0055 0 125 11 147
person 0.0054 255 159 304 189
person 0.0047 243 142 270 187
person 0.0043 16 124 486 283
person 0.0030 394 81 407 91
person 0.0027 184 150 207 174
person 0.0023 0 115 28 194
person 0.0023 0 137 8 168
person 0.0019 16 132 23 155
person 0.0016 261 94 272 135
person 0.0016 384 82 394 92
person 0.0015 236 158 280 191
person 0.0014 178 143 218 182
person 0.0014 168 144 203 180
person 0.0010 307 83 321 96
car 0.9626 19 133 486 307
car 0.8964 0 132 31 230
car 0.0031 0 130 13 157
car 0.0028 494 167 500 197
car 0.0021 0 125 11 147
car 0.0019 -1 130 14 233
car 0.0017 28 158 139 185
car 0.0013 7 128 21 156
car 0.0013 -1 111 27 170
car 0.0013 493 151 500 194
car 0.0010 12 90 115 114
car 0.0010 0 179 28 245
car 0.0010 0 137 8 168
bus 0.0010 0 130 32 233
pottedplant 0.0284 207 75 226 97
pottedplant 0.0100 261 94 272 135
pottedplant 0.0078 202 107 239 134
pottedplant 0.0026 205 67 234 104
pottedplant 0.0025 204 74 237 127
