person 0.0045 490 95 500 118
person 0.0020 488 105 500 126
person 0.0020 106 112 117 123
person 0.0017 112 113 127 121
person 0.0016 492 91 500 105
person 0.0011 88 117 99 129
car 0.9988 94 130 385 278
car 0.9756 106 115 150 134
car 0.4518 473 100 500 126
car 0.2494 488 105 500 126
car 0.2321 151 117 170 133
car 0.1510 156 116 175 135
car 0.1439 360 102 459 128
car 0.1315 403 98 419 107
car 0.1231 356 102 401 127
car 0.0692 347 106 376 125
car 0.0666 445 99 501 128
car 0.0431 490 95 500 118
car 0.0427 296 106 327 126
car 0.0347 289 116 316 129
car 0.0332 463 103 492 126
car 0.0302 280 115 305 129
car 0.0279 437 101 458 126
car 0.0243 273 115 292 130
car 0.0234 446 103 461 126
car 0.0224 368 98 430 112
car 0.0207 311 105 331 125
car 0.0191 490 113 500 131
car 0.0190 443 98 456 113
car 0.0180 409 102 460 129
car 0.0174 338 107 363 125
car 0.0162 314 105 349 126
car 0.0155 403 95 419 104
car 0.0148 290 104 342 129
car 0.0134 293 108 314 126
car 0.0133 272 105 293 128
car 0.0126 396 96 424 111
car 0.0125 406 99 449 110
car 0.0119 449 117 460 127
car 0.0114 90 118 111 128
car 0.0108 313 117 328 128
car 0.0107 372 100 405 111
car 0.0100 492 91 500 105
car 0.0091 103 118 121 132
car 0.0084 294 103 380 127
car 0.0076 279 105 304 128
car 0.0076 473 114 500 129
car 0.0064 312 102 328 114
car 0.0064 363 101 396 114
car 0.0061 446 97 460 118
car 0.0059 140 116 159 132
car 0.0059 37 118 52 128
car 0.0059 163 124 174 139
car 0.0057 271 106 326 130
car 0.0057 356 115 381 127
car 0.0057 447 113 486 131
car 0.0054 299 102 326 114
car 0.0052 468 116 487 126
car 0.0050 268 105 284 127
car 0.0047 398 104 440 127
car 0.0044 393 93 470 123
car 0.0041 377 103 418 127
car 0.0040 118 115 180 133
car 0.0038 353 95 434 122
car 0.0032 380 89 497 138
car 0.0030 154 106 164 126
car 0.0028 343 116 359 127
car 0.0028 353 97 386 119
car 0.0024 448 109 499 136
car 0.0024 157 108 174 128
car 0.0023 302 114 361 129
car 0.0020 266 113 285 131
car 0.0020 308 115 335 129
car 0.0020 351 99 371 117
car 0.0020 409 97 461 116
car 0.0019 160 111 191 136
car 0.0018 316 115 347 128
car 0.0018 8 83 488 144
car 0.0018 426 109 467 135
car 0.0018 295 102 310 114
car 0.0017 330 116 352 127
car 0.0017 367 110 450 134
car 0.0017 260 89 482 137
car 0.0015 0 116 6 132
car 0.0015 435 111 459 133
car 0.0014 287 102 300 113
car 0.0013 361 115 398 128
car 0.0012 490 82 500 113
car 0.0012 112 113 127 121
bus 0.0011 473 100 500 126
