person 0.0807 11 165 24 175
person 0.0450 23 165 30 175
person 0.0197 5 164 14 177
person 0.0159 167 233 182 253
person 0.0075 263 248 275 262
person 0.0056 226 257 234 269
person 0.0046 72 266 83 283
person 0.0035 272 249 278 260
person 0.0032 147 233 158 253
person 0.0023 254 246 262 260
person 0.0021 171 230 185 255
person 0.0018 281 249 290 261
person 0.0017 89 255 99 269
person 0.0014 9 169 26 178
person 0.0014 235 250 239 261
person 0.0011 18 162 32 177
person 0.0010 165 227 184 259
person 0.0010 4 167 14 182
person 0.0010 234 257 239 268
car 0.0029 53 266 60 282
car 0.0018 253 243 262 252
car 0.0013 254 246 262 260
train 0.9861 111 206 246 312
train 0.0058 0 222 15 332
train 0.0022 1 168 16 470
