person 0.9761 104 83 500 357
person 0.9576 115 39 256 199
person 0.9225 328 60 500 184
person 0.0112 148 137 270 227
person 0.0032 323 61 464 134
person 0.0020 332 59 428 103
person 0.0020 133 67 450 224
person 0.0017 197 128 296 232
person 0.0016 318 71 393 128
person 0.0012 487 119 500 150
person 0.0012 153 65 292 207
dog 0.0026 457 118 498 156
dog 0.0023 303 59 492 182
dog 0.0020 341 58 435 108
dog 0.0013 487 136 500 149
chair 0.0478 134 46 266 228
chair 0.0380 304 59 491 182
chair 0.0201 156 65 348 226
chair 0.0168 193 134 254 180
chair 0.0127 184 57 260 179
chair 0.0097 465 80 501 238
chair 0.0096 190 143 253 225
chair 0.0092 252 71 270 85
chair 0.0088 309 75 348 100
chair 0.0086 182 83 196 109
chair 0.0085 306 74 357 128
chair 0.0062 189 71 246 127
chair 0.0055 148 137 270 227
chair 0.0043 183 84 208 110
chair 0.0036 197 128 296 232
chair 0.0033 435 54 504 226
chair 0.0033 456 115 498 159
chair 0.0024 313 62 444 134
chair 0.0023 332 59 428 103
chair 0.0022 397 65 499 134
chair 0.0022 191 83 240 112
chair 0.0022 251 72 271 95
chair 0.0021 310 94 333 121
chair 0.0021 188 96 206 111
chair 0.0020 318 70 392 127
chair 0.0019 174 79 300 189
chair 0.0019 449 125 500 266
chair 0.0018 235 69 251 84
chair 0.0018 133 71 498 314
chair 0.0017 128 44 345 166
chair 0.0016 160 97 243 221
chair 0.0015 216 86 238 107
chair 0.0013 235 74 253 98
chair 0.0012 239 72 270 98
sofa 0.6065 315 62 503 217
sofa 0.0693 335 59 499 147
sofa 0.0577 126 37 265 199
sofa 0.0553 133 67 450 224
sofa 0.0364 465 116 501 240
sofa 0.0275 171 73 331 171
sofa 0.0255 439 70 500 242
sofa 0.0197 456 115 498 159
sofa 0.0184 193 132 254 181
sofa 0.0165 397 65 499 135
sofa 0.0138 189 143 254 225
sofa 0.0134 306 74 357 128
sofa 0.0120 313 62 444 134
sofa 0.0110 283 59 463 173
sofa 0.0104 465 95 500 186
sofa 0.0094 109 65 495 335
sofa 0.0086 186 76 260 198
sofa 0.0082 158 87 286 228
sofa 0.0058 398 81 501 192
sofa 0.0047 467 127 500 340
sofa 0.0046 378 67 498 294
sofa 0.0046 434 78 501 165
sofa 0.0044 318 71 393 128
sofa 0.0040 341 58 435 110
sofa 0.0035 309 75 348 100
sofa 0.0026 172 67 260 133
sofa 0.0023 310 94 333 121
sofa 0.0023 142 145 263 234
sofa 0.0021 184 144 293 239
sofa 0.0016 473 76 499 164
sofa 0.0012 317 62 398 104
sofa 0.0012 305 73 412 163
sofa 0.0010 183 73 372 135
tvmonitor 0.0014 304 59 491 182
