person 0.9944 219 168 277 369
person 0.9936 23 121 73 272
person 0.9877 0 123 20 277
person 0.9252 168 195 227 378
person 0.7610 146 163 212 365
person 0.4828 190 75 221 119
person 0.3656 240 58 276 105
person 0.1406 371 70 411 120
person 0.0285 245 53 304 113
person 0.0240 164 160 206 236
person 0.0218 28 150 77 230
person 0.0167 350 67 409 136
person 0.0166 334 129 353 158
person 0.0157 180 190 231 279
person 0.0116 171 158 205 205
person 0.0107 192 76 237 130
person 0.0106 219 58 272 110
person 0.0098 127 5 500 242
person 0.0090 386 70 410 106
person 0.0082 160 168 197 291
person 0.0079 145 219 183 364
person 0.0074 234 58 287 138
person 0.0058 164 179 270 368
person 0.0050 205 226 232 325
person 0.0048 187 71 261 121
person 0.0047 260 45 302 91
person 0.0047 162 173 190 209
person 0.0046 192 218 240 332
person 0.0043 249 56 275 83
person 0.0043 238 71 273 117
person 0.0040 267 50 320 114
person 0.0038 153 6 186 45
person 0.0038 335 98 367 147
person 0.0037 277 79 320 122
person 0.0036 336 115 361 153
person 0.0036 175 162 216 222
person 0.0035 170 178 223 245
person 0.0034 288 90 319 117
person 0.0034 200 62 246 109
person 0.0032 213 237 233 276
person 0.0031 230 65 263 104
person 0.0031 338 73 373 122
person 0.0027 323 48 426 157
person 0.0025 363 68 399 111
person 0.0025 492 69 500 101
person 0.0025 -1 138 17 228
person 0.0024 325 121 357 158
person 0.0022 192 52 301 147
person 0.0021 271 90 327 147
person 0.0020 159 61 258 137
person 0.0020 0 126 18 193
person 0.0019 0 135 14 171
person 0.0018 244 87 283 119
person 0.0017 207 168 239 200
person 0.0017 236 61 258 93
person 0.0017 489 57 500 99
person 0.0016 0 230 26 277
person 0.0016 320 97 357 145
person 0.0016 395 70 416 104
person 0.0015 195 71 233 106
person 0.0015 253 34 332 130
person 0.0014 2 127 57 268
person 0.0014 210 202 236 276
person 0.0013 231 86 278 144
person 0.0012 144 153 216 249
person 0.0012 177 166 201 196
person 0.0012 248 79 276 111
person 0.0011 0 123 12 146
person 0.0011 43 160 80 221
person 0.0011 204 78 223 97
person 0.0011 466 0 500 18
person 0.0010 142 110 157 134
person 0.0010 292 79 335 123
person 0.0010 216 186 274 286
person 0.0010 214 21 358 138
car 0.0010 0 64 9 71
bus 0.9950 105 0 502 284
boat 0.1651 31 48 134 78
boat 0.0917 47 58 118 77
boat 0.0368 51 67 113 80
boat 0.0136 0 65 30 71
boat 0.0100 0 64 9 71
boat 0.0048 47 63 98 76
boat 0.0045 4 36 135 89
boat 0.0044 28 11 140 78
boat 0.0034 10 51 96 79
boat 0.0033 17 62 124 86
boat 0.0025 26 71 58 78
boat 0.0023 0 62 45 72
boat 0.0022 27 62 57 76
boat 0.0020 33 59 71 76
boat 0.0019 110 61 126 75
boat 0.0016 23 64 45 72
boat 0.0012 52 53 71 62
boat 0.0011 73 46 146 73
boat 0.0011 106 56 139 109
boat 0.0010 21 67 85 80
boat 0.0010 109 55 129 78
boat 0.0010 22 71 47 77
bottle 0.0011 215 242 234 276
