person 0.9922 12 192 53 343
person 0.9918 230 181 274 324
person 0.9842 185 179 229 324
person 0.9810 103 180 148 345
person 0.0327 239 209 270 306
person 0.0230 486 139 500 372
person 0.0155 0 231 18 318
person 0.0123 0 250 12 287
person 0.0095 0 257 8 358
person 0.0080 0 261 10 315
person 0.0059 0 250 15 373
person 0.0052 139 249 164 292
person 0.0051 19 209 49 271
person 0.0049 226 186 246 312
person 0.0047 1 250 22 288
person 0.0045 0 208 27 291
person 0.0037 491 163 500 297
person 0.0035 250 189 273 311
person 0.0034 112 206 145 270
person 0.0029 13 193 50 250
person 0.0026 0 225 11 275
person 0.0026 488 131 500 266
person 0.0025 206 200 230 256
person 0.0024 11 204 34 294
person 0.0022 219 205 233 272
person 0.0021 126 220 149 285
person 0.0020 106 182 150 262
person 0.0020 186 189 209 310
person 0.0017 -2 185 31 358
person 0.0017 245 248 269 293
person 0.0016 288 197 362 313
person 0.0015 476 93 500 381
person 0.0015 491 186 500 370
person 0.0015 15 272 53 342
person 0.0014 491 180 500 218
person 0.0014 0 279 6 334
person 0.0014 0 263 25 313
person 0.0012 447 130 500 380
person 0.0012 48 179 62 205
person 0.0011 296 239 308 256
person 0.0011 0 120 22 314
person 0.0010 90 202 249 321
bicycle 0.0011 0 250 12 287
car 0.0122 0 249 13 288
car 0.0060 1 250 22 288
car 0.0033 275 226 310 250
car 0.0027 0 231 18 318
car 0.0027 0 219 27 299
car 0.0023 13 185 52 337
car 0.0019 265 216 299 253
car 0.0019 0 225 11 275
car 0.0015 291 231 309 252
car 0.0015 278 224 307 240
motorbike 0.0012 0 249 13 288
bird 0.0010 286 302 294 309
dog 0.0130 0 250 15 373
dog 0.0054 0 268 6 384
dog 0.0037 0 334 6 374
dog 0.0023 0 326 21 375
dog 0.0022 0 272 9 322
dog 0.0018 0 300 5 372
dog 0.0013 3 274 54 348
horse 0.0013 0 250 15 373
sheep 0.0035 0 261 7 374
sheep 0.0021 0 242 17 338
sheep 0.0012 0 272 9 322
sheep 0.0010 0 282 5 351
pottedplant 0.0174 0 213 19 293
pottedplant 0.0060 0 242 17 338
pottedplant 0.0035 0 221 12 280
pottedplant 0.0030 298 -4 499 382
pottedplant 0.0027 0 250 12 287
pottedplant 0.0022 0 120 22 314
pottedplant 0.0021 220 256 235 281
pottedplant 0.0015 -2 173 30 335
pottedplant 0.0013 219 257 237 302
pottedplant 0.0012 0 182 9 279
pottedplant 0.0012 384 67 500 377
pottedplant 0.0011 293 191 440 329
pottedplant 0.0011 1 250 22 288
