person 0.5176 29 28 313 492
person 0.0047 113 31 316 324
person 0.0035 42 229 303 477
bicycle 0.0014 -1 222 115 369
bird 0.0048 295 16 331 36
chair 0.2516 28 25 312 494
chair 0.1527 -1 222 115 369
chair 0.0969 159 68 305 286
chair 0.0734 70 225 97 280
chair 0.0315 123 44 316 206
chair 0.0258 95 28 315 332
chair 0.0234 12 193 106 279
chair 0.0110 52 209 106 280
chair 0.0089 -2 150 273 423
chair 0.0084 69 217 140 273
chair 0.0078 248 94 301 313
chair 0.0058 198 101 265 234
chair 0.0051 45 234 296 479
chair 0.0034 0 295 69 368
chair 0.0027 132 62 320 146
chair 0.0027 5 179 154 333
chair 0.0025 13 220 183 449
chair 0.0016 103 207 145 262
chair 0.0016 29 219 128 295
chair 0.0013 254 242 283 309
chair 0.0012 126 93 269 236
chair 0.0010 177 74 285 215
sofa 0.0037 123 44 316 206
sofa 0.0030 42 229 303 477
diningtable 0.0102 41 234 297 480
