person 0.6257 40 130 80 181
person 0.0452 41 132 64 157
person 0.0195 126 147 137 163
person 0.0142 18 130 87 191
person 0.0049 49 147 74 178
person 0.0028 31 134 59 175
person 0.0025 129 153 136 167
person 0.0024 131 148 140 163
person 0.0021 46 138 94 190
person 0.0017 0 222 8 374
person 0.0016 22 149 99 201
person 0.0014 38 140 53 166
person 0.0013 58 134 84 173
person 0.0012 39 136 53 154
person 0.0011 56 150 87 178
person 0.0011 50 130 70 143
person 0.0010 0 138 15 372
person 0.0010 42 129 64 145
bicycle 0.1080 22 156 99 202
motorbike 0.9115 22 149 99 201
motorbike 0.0429 29 138 79 188
motorbike 0.0040 39 143 69 181
motorbike 0.0014 16 152 71 192
motorbike 0.0014 42 136 97 191
motorbike 0.0013 49 147 74 178
motorbike 0.0010 25 149 62 181
bird 0.0044 126 147 137 163
bottle 0.0027 154 291 164 300
