person 0.7752 307 205 315 233
person 0.6530 315 205 324 233
person 0.5506 325 205 333 231
person 0.2790 251 145 263 163
person 0.1273 300 206 307 234
person 0.0973 306 202 315 222
person 0.0835 297 204 305 221
person 0.0738 203 189 213 209
person 0.0369 347 203 354 220
person 0.0366 279 212 288 233
person 0.0346 334 209 343 235
person 0.0281 210 136 292 243
person 0.0214 217 149 231 162
person 0.0194 184 196 190 210
person 0.0168 304 199 317 227
person 0.0162 346 208 353 232
person 0.0141 199 212 216 231
person 0.0120 237 146 252 162
person 0.0112 207 212 225 229
person 0.0109 191 213 204 229
person 0.0085 250 152 262 167
person 0.0083 299 220 306 239
person 0.0075 4 193 26 228
person 0.0071 253 143 268 166
person 0.0070 191 196 203 211
person 0.0066 337 204 343 222
person 0.0059 282 205 288 220
person 0.0058 188 205 202 212
person 0.0057 344 214 353 244
person 0.0056 312 198 329 230
person 0.0055 166 209 224 259
person 0.0052 270 212 281 234
person 0.0051 354 211 360 233
person 0.0051 83 193 103 223
person 0.0050 309 221 316 234
person 0.0050 183 205 194 212
person 0.0046 143 210 187 275
person 0.0045 482 182 501 225
person 0.0044 36 199 49 225
person 0.0042 208 192 217 209
person 0.0042 288 210 298 231
person 0.0040 316 221 323 233
person 0.0038 90 192 106 215
person 0.0038 218 155 231 165
person 0.0038 333 212 347 244
person 0.0037 214 210 237 233
person 0.0035 4 122 154 348
person 0.0034 174 199 185 210
person 0.0034 322 200 338 228
person 0.0031 288 204 300 220
person 0.0031 212 148 224 162
person 0.0031 238 174 252 190
person 0.0030 329 222 337 235
person 0.0030 479 133 498 175
person 0.0030 354 222 360 237
person 0.0029 228 145 244 161
person 0.0029 249 174 259 189
person 0.0029 221 206 234 216
person 0.0028 242 205 250 215
person 0.0027 198 186 215 211
person 0.0024 34 184 49 219
person 0.0021 316 199 324 209
person 0.0021 327 195 334 206
person 0.0021 143 199 152 208
person 0.0021 298 202 312 238
person 0.0021 75 192 348 263
person 0.0020 208 211 239 249
person 0.0019 221 199 229 207
person 0.0019 251 141 260 149
person 0.0018 226 210 240 230
person 0.0018 348 197 354 211
person 0.0018 484 175 501 210
person 0.0018 260 201 268 220
person 0.0017 197 213 220 245
person 0.0017 229 206 236 214
person 0.0017 232 141 257 165
person 0.0015 356 204 362 222
person 0.0014 169 204 185 212
person 0.0014 260 191 269 212
person 0.0014 208 208 225 215
person 0.0013 213 155 222 164
person 0.0013 346 200 355 226
person 0.0013 218 142 252 163
person 0.0013 258 176 266 187
person 0.0013 0 194 7 229
person 0.0013 226 173 245 190
person 0.0012 211 143 235 164
person 0.0012 295 195 332 231
person 0.0011 173 211 201 229
person 0.0011 29 198 43 226
person 0.0011 248 164 261 184
person 0.0011 181 210 212 233
person 0.0011 223 192 290 247
person 0.0011 484 205 500 235
person 0.0010 238 154 251 168
person 0.0010 259 213 270 231
person 0.0010 34 183 47 203
person 0.0010 194 206 215 213
bicycle 0.0077 316 221 323 233
bicycle 0.0053 309 221 316 234
bicycle 0.0034 315 205 324 233
bicycle 0.0022 279 217 288 239
bicycle 0.0013 325 205 333 231
bicycle 0.0012 307 205 315 233
bicycle 0.0011 329 222 337 235
bicycle 0.0011 299 220 306 239
car 0.9883 137 212 185 283
car 0.9866 166 210 223 265
car 0.8809 198 211 241 249
car 0.6598 150 202 181 213
car 0.1504 297 204 305 221
car 0.0707 305 198 315 208
car 0.0607 188 205 202 212
car 0.0524 150 201 172 209
car 0.0487 478 182 500 239
car 0.0467 169 204 185 212
car 0.0334 279 212 288 233
car 0.0293 183 205 194 212
car 0.0275 5 121 152 349
car 0.0273 306 202 315 222
car 0.0191 478 130 499 216
car 0.0161 215 212 262 247
car 0.0157 282 205 288 220
car 0.0151 194 206 215 213
car 0.0129 298 198 306 208
car 0.0128 288 204 300 220
car 0.0121 143 199 152 208
car 0.0120 233 214 273 244
car 0.0116 143 204 152 212
car 0.0109 223 213 243 247
car 0.0085 315 202 324 222
car 0.0077 174 199 185 210
car 0.0076 304 199 317 227
car 0.0073 327 195 334 206
car 0.0066 316 199 324 209
car 0.0060 63 204 284 274
car 0.0054 207 212 225 229
car 0.0053 115 216 209 284
car 0.0045 195 211 220 233
car 0.0044 191 196 203 211
car 0.0041 300 206 307 234
car 0.0040 484 175 501 210
car 0.0039 326 202 333 224
car 0.0037 270 212 281 234
car 0.0035 484 205 500 235
car 0.0031 210 209 239 236
car 0.0028 478 151 498 194
car 0.0027 206 218 226 257
car 0.0026 152 211 201 269
car 0.0026 226 228 240 249
car 0.0026 301 195 319 211
car 0.0023 294 199 315 224
car 0.0023 189 205 226 240
car 0.0023 288 210 298 231
car 0.0022 184 196 190 210
car 0.0020 186 204 207 215
car 0.0019 284 200 304 222
car 0.0019 203 189 213 209
car 0.0018 -16 150 364 298
car 0.0018 139 211 162 274
car 0.0018 186 207 252 262
car 0.0018 217 225 235 251
car 0.0018 287 198 298 207
car 0.0016 208 208 225 215
car 0.0016 162 202 190 216
car 0.0016 282 196 288 208
car 0.0016 189 206 222 217
car 0.0016 144 225 172 271
car 0.0014 481 130 501 179
car 0.0013 479 130 498 162
car 0.0012 180 220 215 259
car 0.0012 178 208 216 235
car 0.0012 144 201 188 228
car 0.0012 267 207 285 238
car 0.0011 473 120 500 262
car 0.0010 275 208 290 237
motorbike 0.0020 315 205 324 233
motorbike 0.0014 279 217 288 239
motorbike 0.0012 325 205 333 231
motorbike 0.0010 307 205 315 233
bus 0.9951 206 135 285 240
bus 0.9948 0 120 141 350
bus 0.2214 478 131 500 227
bus 0.0088 478 182 500 239
bus 0.0069 305 198 315 208
bus 0.0056 478 151 498 194
bus 0.0048 333 107 495 261
bus 0.0039 454 130 500 233
bus 0.0030 478 81 500 201
bus 0.0019 316 199 324 209
bus 0.0017 327 195 334 206
bus 0.0016 301 195 319 211
bus 0.0016 479 130 499 181
bus 0.0015 298 198 306 208
bus 0.0014 484 154 501 209
bus 0.0013 297 204 305 221
train 0.0038 478 131 500 227
train 0.0037 333 107 495 261
train 0.0025 208 140 279 239
train 0.0015 -1 89 144 352
bird 0.0025 278 52 287 58
pottedplant 0.0024 373 122 400 188
