bicycle 0.0655 138 315 188 375
bicycle 0.0121 147 352 190 374
bicycle 0.0119 89 301 180 374
bicycle 0.0114 131 305 218 373
bicycle 0.0063 153 337 198 375
bicycle 0.0033 7 296 174 372
bicycle 0.0030 148 343 172 370
bicycle 0.0027 203 324 249 376
bicycle 0.0022 0 291 56 373
bicycle 0.0016 0 320 26 374
bicycle 0.0014 165 358 226 374
bicycle 0.0013 157 334 235 374
bicycle 0.0010 78 252 170 376
train 0.0039 362 179 500 358
train 0.0012 308 314 502 374
chair 0.0024 0 269 9 346
chair 0.0015 258 355 290 374
chair 0.0015 132 262 163 293
chair 0.0014 89 301 180 374
chair 0.0013 0 263 12 314
chair 0.0012 0 336 13 374
pottedplant 0.8009 180 253 314 372
pottedplant 0.4968 80 252 173 374
pottedplant 0.2788 0 153 49 367
pottedplant 0.2619 0 152 44 273
pottedplant 0.1385 1 287 104 377
pottedplant 0.0756 266 197 368 339
pottedplant 0.0654 208 142 290 258
pottedplant 0.0552 82 253 158 306
pottedplant 0.0541 0 291 56 373
pottedplant 0.0535 9 255 160 373
pottedplant 0.0464 0 157 105 368
pottedplant 0.0399 41 294 171 376
pottedplant 0.0268 0 296 23 373
pottedplant 0.0259 131 305 218 373
pottedplant 0.0235 233 237 341 373
pottedplant 0.0225 140 308 187 369
pottedplant 0.0200 95 304 188 373
pottedplant 0.0196 285 297 319 373
pottedplant 0.0188 265 208 336 304
pottedplant 0.0165 214 141 290 202
pottedplant 0.0139 0 194 29 350
pottedplant 0.0134 0 278 9 357
pottedplant 0.0127 3 205 85 342
pottedplant 0.0113 20 250 324 372
pottedplant 0.0090 152 206 167 222
pottedplant 0.0080 243 299 321 374
pottedplant 0.0078 251 326 309 375
pottedplant 0.0077 152 312 184 342
pottedplant 0.0071 0 263 12 314
pottedplant 0.0066 0 304 13 369
pottedplant 0.0066 4 319 86 374
pottedplant 0.0065 0 242 51 335
pottedplant 0.0064 96 339 162 373
pottedplant 0.0060 291 330 330 376
pottedplant 0.0058 10 149 42 201
pottedplant 0.0058 108 245 133 252
pottedplant 0.0056 8 139 407 377
pottedplant 0.0055 36 319 136 375
pottedplant 0.0052 203 324 249 376
pottedplant 0.0052 116 254 162 303
pottedplant 0.0051 155 293 242 375
pottedplant 0.0048 122 254 156 284
pottedplant 0.0047 289 341 317 374
pottedplant 0.0047 0 334 27 374
pottedplant 0.0047 113 244 142 253
pottedplant 0.0046 0 336 13 374
pottedplant 0.0046 6 260 56 316
pottedplant 0.0040 5 280 58 336
pottedplant 0.0039 25 149 38 176
pottedplant 0.0037 153 231 164 250
pottedplant 0.0035 144 279 261 350
pottedplant 0.0035 136 114 363 280
pottedplant 0.0034 215 174 382 367
pottedplant 0.0033 305 158 352 199
pottedplant 0.0032 24 263 61 296
pottedplant 0.0031 130 252 144 266
pottedplant 0.0029 169 201 180 225
pottedplant 0.0028 43 263 63 295
pottedplant 0.0028 3 153 92 282
pottedplant 0.0027 273 276 324 356
pottedplant 0.0027 0 220 13 319
pottedplant 0.0027 28 169 41 197
pottedplant 0.0027 83 278 117 302
pottedplant 0.0027 287 295 318 324
pottedplant 0.0026 86 319 155 375
pottedplant 0.0025 91 240 107 253
pottedplant 0.0025 487 254 500 324
pottedplant 0.0025 104 249 154 269
pottedplant 0.0025 5 333 59 375
pottedplant 0.0024 107 260 173 319
pottedplant 0.0023 296 195 372 274
pottedplant 0.0022 119 299 178 357
pottedplant 0.0022 159 203 175 224
pottedplant 0.0022 115 251 144 265
pottedplant 0.0022 -14 191 186 356
pottedplant 0.0022 6 359 59 373
pottedplant 0.0020 175 283 230 347
pottedplant 0.0020 87 284 112 299
pottedplant 0.0020 104 353 153 374
pottedplant 0.0020 56 316 105 375
pottedplant 0.0019 14 167 50 256
pottedplant 0.0018 375 138 445 203
pottedplant 0.0018 23 161 44 202
pottedplant 0.0018 168 316 271 378
pottedplant 0.0018 274 311 314 360
pottedplant 0.0018 98 246 122 253
pottedplant 0.0018 113 232 143 252
pottedplant 0.0017 93 242 148 255
pottedplant 0.0015 274 305 382 371
pottedplant 0.0015 163 231 174 250
pottedplant 0.0015 78 234 169 278
pottedplant 0.0015 0 354 12 374
pottedplant 0.0014 79 259 146 335
pottedplant 0.0014 125 251 151 268
pottedplant 0.0014 214 200 273 266
pottedplant 0.0014 79 284 107 309
pottedplant 0.0013 48 338 154 373
pottedplant 0.0013 99 271 159 364
pottedplant 0.0012 297 305 321 367
pottedplant 0.0012 13 285 89 332
diningtable 0.0016 139 265 179 289
