person 0.9833 0 104 301 369
person 0.9777 291 35 500 371
person 0.9578 13 108 100 287
person 0.1531 476 16 500 185
person 0.1257 479 27 500 367
person 0.0394 466 20 499 50
person 0.0208 195 73 278 167
person 0.0198 186 37 345 240
person 0.0121 453 45 499 381
person 0.0088 206 230 229 256
person 0.0063 276 159 316 228
person 0.0061 451 16 499 147
person 0.0049 213 224 296 274
person 0.0043 202 66 323 181
person 0.0022 238 156 319 232
person 0.0022 285 165 317 194
person 0.0022 227 88 281 160
person 0.0020 486 84 500 242
person 0.0019 210 167 243 215
person 0.0016 406 18 499 378
person 0.0015 492 22 500 51
person 0.0015 -8 139 510 388
person 0.0014 456 3 498 52
person 0.0013 57 51 459 327
person 0.0013 0 157 18 354
person 0.0010 491 117 500 267
car 0.0018 41 69 59 81
car 0.0016 3 114 309 383
bus 0.0023 188 40 343 239
bottle 0.0018 210 167 243 215
chair 0.0099 448 42 500 154
chair 0.0085 225 335 302 374
chair 0.0066 3 114 309 383
chair 0.0064 476 16 500 185
chair 0.0058 213 224 296 274
chair 0.0050 479 27 500 367
chair 0.0034 0 272 12 362
chair 0.0018 282 80 503 380
chair 0.0015 0 269 27 366
chair 0.0014 145 216 353 293
chair 0.0013 21 271 30 287
chair 0.0013 8 111 101 310
chair 0.0012 490 101 500 263
chair 0.0011 276 330 308 372
chair 0.0011 0 303 9 369
chair 0.0011 226 348 284 376
sofa 0.0588 3 114 309 383
sofa 0.0118 479 27 500 367
sofa 0.0079 208 223 301 274
sofa 0.0061 77 224 431 370
sofa 0.0058 145 216 353 293
sofa 0.0041 448 42 500 154
sofa 0.0034 255 45 499 373
sofa 0.0018 476 16 500 185
sofa 0.0013 0 240 294 370
sofa 0.0010 455 48 499 378
pottedplant 0.0217 389 0 497 69
pottedplant 0.0036 396 3 499 137
pottedplant 0.0033 456 3 498 52
pottedplant 0.0030 420 -1 471 77
pottedplant 0.0014 18 4 165 81
pottedplant 0.0014 421 5 509 50
pottedplant 0.0012 466 20 500 51
pottedplant 0.0010 451 16 499 147
diningtable 0.0059 3 114 309 383
tvmonitor 0.1930 187 37 345 240
tvmonitor 0.0081 182 27 484 258
tvmonitor 0.0077 200 51 298 192
tvmonitor 0.0044 256 0 384 67
tvmonitor 0.0019 464 13 500 49
tvmonitor 0.0010 57 51 459 327
