person 0.0022 -19 -14 301 514
bicycle 0.0010 2 0 174 102
car 0.0044 0 -13 329 459
bird 0.0060 50 320 198 498
cat 0.0033 50 320 198 498
dog 0.9721 0 -6 328 511
dog 0.0123 50 320 198 498
dog 0.0013 25 321 327 498
chair 0.0319 -2 -16 331 464
chair 0.0114 2 0 174 102
chair 0.0033 -1 0 331 106
chair 0.0016 0 0 43 104
chair 0.0011 0 0 86 101
sofa 0.1250 1 33 329 515
pottedplant 0.0177 2 0 174 102
pottedplant 0.0076 -1 0 331 106
pottedplant 0.0038 0 0 86 101
pottedplant 0.0023 0 0 43 104
pottedplant 0.0014 11 0 144 61
pottedplant 0.0012 -3 3 256 174
pottedplant 0.0010 52 -1 183 25
diningtable 0.0013 1 33 329 515
