person 0.9947 93 28 220 283
person 0.9943 330 69 447 324
person 0.1283 470 35 500 91
person 0.0237 488 24 500 91
person 0.0148 487 20 500 55
person 0.0071 329 74 433 203
person 0.0042 315 80 329 114
person 0.0037 493 52 500 99
person 0.0026 387 53 412 75
person 0.0023 431 35 468 95
person 0.0019 43 5 124 109
person 0.0017 475 21 499 55
person 0.0012 473 31 498 65
person 0.0010 223 73 245 115
bicycle 0.8923 323 168 432 342
bicycle 0.8477 96 128 218 290
bicycle 0.0014 363 210 413 344
bicycle 0.0013 159 140 202 259
bicycle 0.0012 118 132 161 252
car 0.0017 490 37 500 94
bus 0.0048 86 31 216 277
train 0.0010 86 31 216 277
bottle 0.0012 168 141 184 163
bottle 0.0010 369 222 388 277
pottedplant 0.0021 240 83 292 113
