person 0.0057 109 173 132 188
person 0.0036 254 157 267 180
person 0.0022 125 169 134 176
person 0.0021 111 172 150 193
person 0.0019 70 169 113 198
person 0.0019 0 164 7 179
person 0.0013 96 168 107 176
person 0.0011 74 166 92 175
person 0.0011 494 125 500 157
car 0.9568 110 175 154 203
car 0.6380 70 171 114 202
car 0.0186 109 173 132 188
car 0.0148 0 179 22 201
car 0.0106 101 172 120 190
car 0.0070 95 171 127 194
car 0.0042 475 111 495 120
car 0.0042 465 111 485 120
car 0.0041 68 170 98 196
car 0.0038 463 112 489 132
car 0.0035 495 97 500 109
car 0.0034 102 174 118 201
car 0.0029 109 175 131 202
car 0.0026 0 164 7 179
car 0.0025 213 131 306 155
car 0.0024 447 109 485 122
car 0.0021 213 134 238 155
car 0.0018 235 135 258 151
car 0.0016 442 110 491 133
car 0.0015 232 130 242 137
car 0.0015 226 133 266 154
car 0.0014 445 110 467 121
car 0.0014 475 111 496 131
car 0.0013 142 175 153 188
car 0.0012 439 111 457 120
car 0.0011 203 134 285 173
car 0.0011 120 172 155 192
car 0.0011 0 165 10 194
bus 0.0016 213 127 355 159
train 0.8746 183 112 498 228
train 0.0360 210 102 493 180
train 0.0246 370 109 497 170
train 0.0210 443 108 500 170
train 0.0150 209 126 351 158
train 0.0095 266 123 370 154
train 0.0082 188 126 366 226
train 0.0072 198 126 438 188
train 0.0052 470 110 499 172
train 0.0051 233 129 359 180
train 0.0048 -6 91 512 248
train 0.0038 442 110 491 133
train 0.0033 205 132 313 175
train 0.0022 335 116 457 159
train 0.0020 472 110 498 133
train 0.0019 290 125 352 143
train 0.0016 366 105 499 142
train 0.0016 495 118 500 150
train 0.0011 221 130 296 155
train 0.0011 -16 128 452 215
train 0.0010 490 110 500 157
