person 0.0010 216 64 251 135
bird 0.0015 215 47 252 132
bottle 0.0022 121 363 162 400
bottle 0.0012 135 292 208 388
chair 0.0010 0 487 71 500
pottedplant 0.8868 91 42 240 384
pottedplant 0.0505 137 292 208 386
pottedplant 0.0270 121 364 162 399
pottedplant 0.0068 127 133 224 384
pottedplant 0.0048 41 370 124 410
pottedplant 0.0011 54 83 285 485
diningtable 0.1787 3 370 332 500
diningtable 0.0364 29 232 314 512
diningtable 0.0082 94 68 241 421
diningtable 0.0074 1 385 185 500
diningtable 0.0056 31 429 323 501
diningtable 0.0041 36 384 101 439
diningtable 0.0022 26 357 142 440
diningtable 0.0016 136 296 207 384
tvmonitor 0.0044 149 241 329 417
tvmonitor 0.0015 198 376 319 423
