person 0.9922 419 64 497 291
person 0.0237 482 79 500 270
person 0.0183 490 75 500 211
person 0.0175 482 78 500 164
person 0.0154 484 83 501 128
person 0.0080 482 154 499 238
person 0.0067 476 67 499 201
person 0.0055 413 161 501 272
person 0.0053 482 43 500 120
person 0.0050 361 142 382 164
person 0.0044 204 65 282 130
person 0.0041 359 131 382 159
person 0.0030 0 111 6 137
person 0.0027 200 48 303 157
person 0.0022 0 104 6 127
person 0.0021 392 127 423 164
person 0.0021 201 82 239 124
person 0.0020 59 112 67 122
person 0.0019 0 117 6 151
person 0.0016 476 66 499 108
person 0.0015 444 61 498 103
person 0.0015 479 78 497 97
person 0.0015 34 44 438 346
person 0.0011 351 127 368 141
person 0.0011 471 102 501 291
person 0.0011 492 97 500 170
person 0.0010 485 140 500 207
bicycle 0.5778 414 174 498 275
bicycle 0.0988 414 86 499 299
bicycle 0.0523 410 212 502 264
bicycle 0.0068 423 190 488 251
bicycle 0.0067 417 164 494 220
bicycle 0.0050 346 134 518 252
bicycle 0.0016 32 146 57 209
bicycle 0.0012 416 204 458 273
bicycle 0.0011 482 154 499 238
car 0.8701 39 113 414 350
car 0.3661 319 118 435 226
car 0.2088 418 58 497 273
car 0.0524 323 118 505 269
car 0.0521 213 113 442 237
car 0.0453 413 161 501 272
car 0.0452 147 70 432 300
car 0.0325 0 111 6 137
car 0.0305 482 79 500 270
car 0.0252 482 154 499 238
car 0.0211 0 104 6 127
car 0.0139 357 113 384 121
car 0.0110 485 140 500 207
car 0.0101 2 110 23 123
car 0.0100 0 117 6 151
car 0.0072 489 99 500 225
car 0.0058 356 121 469 203
car 0.0056 156 44 399 191
car 0.0053 422 202 506 258
car 0.0033 482 78 500 164
car 0.0026 382 141 483 246
car 0.0023 0 113 24 134
car 0.0020 417 164 494 220
car 0.0019 491 138 500 188
car 0.0018 471 102 501 291
car 0.0018 351 115 386 128
car 0.0017 472 162 500 266
car 0.0016 484 83 501 128
car 0.0014 0 108 12 143
car 0.0014 0 93 5 118
car 0.0011 367 121 423 166
car 0.0010 206 36 521 270
car 0.0010 0 117 28 152
car 0.0010 446 188 501 271
motorbike 0.1623 414 174 498 275
motorbike 0.0987 414 86 499 299
motorbike 0.0051 422 202 506 258
motorbike 0.0037 482 154 499 238
motorbike 0.0017 482 79 500 270
motorbike 0.0015 37 45 436 345
motorbike 0.0014 417 164 494 220
bus 0.0076 418 58 497 273
bus 0.0052 483 71 500 246
bus 0.0022 0 104 6 127
bus 0.0021 0 93 5 118
bus 0.0014 0 111 6 137
bus 0.0012 482 78 500 164
pottedplant 0.0083 31 151 54 210
