person 0.8653 289 44 342 85
person 0.8355 353 44 389 87
person 0.7209 330 44 353 87
person 0.4828 347 47 368 89
person 0.2909 380 43 397 69
person 0.1839 338 45 363 88
person 0.0711 0 42 7 72
person 0.0689 350 47 366 68
person 0.0618 344 44 361 71
person 0.0597 0 31 15 288
person 0.0578 377 46 402 87
person 0.0463 385 51 409 83
person 0.0451 365 42 390 73
person 0.0448 0 124 11 259
person 0.0418 493 43 500 74
person 0.0357 389 48 407 69
person 0.0304 286 47 302 68
person 0.0268 324 44 340 69
person 0.0241 255 115 302 152
person 0.0235 283 40 322 79
person 0.0233 273 52 290 83
person 0.0231 0 35 8 98
person 0.0214 265 40 282 75
person 0.0152 266 53 284 81
person 0.0140 258 40 294 81
person 0.0135 0 38 14 125
person 0.0128 283 44 306 74
person 0.0117 8 57 17 72
person 0.0116 385 49 432 89
person 0.0115 0 164 14 304
person 0.0098 274 45 289 72
person 0.0094 323 45 342 86
person 0.0090 367 56 464 93
person 0.0089 374 113 409 154
person 0.0088 351 40 372 54
person 0.0083 400 49 412 66
person 0.0078 8 60 493 341
person 0.0062 312 44 332 71
person 0.0058 342 63 362 88
person 0.0058 362 98 425 152
person 0.0053 228 36 324 86
person 0.0053 -2 59 114 256
person 0.0052 275 100 322 150
person 0.0050 0 2 7 74
person 0.0049 491 50 500 102
person 0.0047 377 44 499 95
person 0.0045 0 -16 24 264
person 0.0044 383 111 410 140
person 0.0043 0 71 6 255
person 0.0042 222 24 426 112
person 0.0040 397 53 418 81
person 0.0040 341 42 362 57
person 0.0039 252 42 277 73
person 0.0038 492 22 500 75
person 0.0037 0 40 57 243
person 0.0037 486 45 500 159
person 0.0037 0 52 9 118
person 0.0037 266 38 284 59
person 0.0036 326 43 337 57
person 0.0036 285 40 318 59
person 0.0036 362 41 392 56
person 0.0035 265 113 299 138
person 0.0034 395 46 418 70
person 0.0034 0 51 55 124
person 0.0032 20 29 489 169
person 0.0031 357 64 385 88
person 0.0031 491 82 500 185
person 0.0031 242 47 265 70
person 0.0031 321 93 464 155
person 0.0030 268 81 283 89
person 0.0030 0 2 15 82
person 0.0030 334 58 352 89
person 0.0027 265 63 286 87
person 0.0027 296 45 328 69
person 0.0026 312 116 353 153
person 0.0026 291 115 339 154
person 0.0025 310 49 483 102
person 0.0025 296 93 331 152
person 0.0025 316 42 329 57
person 0.0024 271 39 290 57
person 0.0023 115 3 395 146
person 0.0023 256 56 273 74
person 0.0023 69 96 94 112
person 0.0022 4 50 20 82
person 0.0022 346 55 397 94
person 0.0021 333 42 350 57
person 0.0021 0 84 512 199
person 0.0021 230 51 243 62
person 0.0020 228 110 261 142
person 0.0020 0 76 9 152
person 0.0020 457 59 476 75
person 0.0019 341 53 374 95
person 0.0018 465 59 483 75
person 0.0018 0 119 22 265
person 0.0017 288 52 344 144
person 0.0016 320 34 425 93
person 0.0016 488 41 500 78
person 0.0015 306 65 337 85
person 0.0015 399 43 415 54
person 0.0015 484 77 499 235
bicycle 0.0010 0 164 14 304
car 0.9930 18 90 480 348
car 0.8035 0 57 115 242
car 0.5477 371 64 500 172
car 0.5208 378 46 500 100
car 0.0262 0 97 13 297
car 0.0184 491 54 499 157
car 0.0182 485 72 500 166
car 0.0156 105 13 377 150
car 0.0131 419 94 495 172
car 0.0117 492 46 500 87
car 0.0085 256 74 531 168
car 0.0071 492 58 500 114
car 0.0070 377 56 461 93
car 0.0070 321 93 464 155
car 0.0065 437 51 499 168
car 0.0061 0 163 10 315
car 0.0057 492 79 499 131
car 0.0050 485 45 500 118
car 0.0048 43 51 207 149
car 0.0044 353 88 483 124
car 0.0042 352 44 390 88
car 0.0041 326 38 507 116
car 0.0040 36 76 103 118
car 0.0039 0 65 8 224
car 0.0038 35 33 288 162
car 0.0033 471 84 500 166
car 0.0030 0 62 58 130
car 0.0028 218 43 290 72
car 0.0027 434 42 500 89
car 0.0027 361 81 477 111
car 0.0024 67 95 95 112
car 0.0024 492 95 500 194
car 0.0024 0 33 103 167
car 0.0021 0 -7 16 255
car 0.0021 246 41 281 74
car 0.0020 362 98 425 152
car 0.0019 388 15 499 66
car 0.0019 404 39 491 56
car 0.0019 224 46 266 70
car 0.0018 481 36 500 90
car 0.0018 149 45 498 178
car 0.0017 385 49 432 89
car 0.0017 351 41 387 57
car 0.0016 0 219 16 322
car 0.0015 436 20 501 58
car 0.0014 0 41 9 129
car 0.0014 493 33 500 66
car 0.0014 370 44 416 88
car 0.0013 383 57 412 90
car 0.0013 222 24 426 112
car 0.0012 276 70 478 133
car 0.0012 -2 30 176 212
car 0.0012 0 47 7 83
car 0.0011 0 40 57 243
car 0.0011 367 93 497 217
car 0.0011 323 54 422 97
car 0.0011 454 99 499 189
car 0.0011 360 89 439 105
car 0.0010 0 46 15 151
car 0.0010 35 67 128 130
car 0.0010 0 169 23 310
car 0.0010 0 193 7 264
car 0.0010 417 92 477 138
car 0.0010 367 64 450 107
car 0.0010 134 27 267 138
motorbike 0.0325 0 134 13 299
motorbike 0.0064 0 204 12 313
motorbike 0.0016 33 93 510 346
motorbike 0.0016 0 188 23 309
motorbike 0.0015 0 63 114 290
motorbike 0.0012 0 221 8 277
motorbike 0.0011 0 241 16 343
motorbike 0.0011 0 106 9 259
motorbike 0.0010 0 193 7 264
bus 0.0370 105 13 377 150
bus 0.0166 1 6 267 148
bus 0.0074 20 29 489 169
bus 0.0022 -1 22 264 270
bus 0.0014 378 46 500 100
bus 0.0012 0 54 115 245
train 0.0017 117 4 391 145
