person 0.9822 317 65 500 372
person 0.9623 81 74 280 360
person 0.0194 0 38 19 354
person 0.0064 0 183 23 365
person 0.0024 1 39 47 351
person 0.0022 0 0 30 138
person 0.0019 0 36 11 98
person 0.0018 486 69 500 365
person 0.0014 0 24 10 73
person 0.0011 0 33 7 64
person 0.0011 0 51 10 83
person 0.0010 -1 214 17 325
aeroplane 0.0015 249 222 298 243
bus 0.0010 0 0 30 138
bottle 0.0049 334 81 352 111
bottle 0.0033 0 33 7 64
bottle 0.0021 0 24 10 73
bottle 0.0016 325 83 353 144
bottle 0.0015 77 119 103 162
chair 0.9217 39 290 299 375
chair 0.1362 254 299 296 372
chair 0.0247 0 215 23 374
chair 0.0128 63 164 277 373
chair 0.0076 393 307 498 369
chair 0.0066 388 230 500 373
chair 0.0063 84 233 96 267
chair 0.0060 52 169 131 289
chair 0.0048 284 300 324 370
chair 0.0042 318 112 501 390
chair 0.0032 72 168 135 199
chair 0.0029 483 211 500 372
chair 0.0027 0 234 12 378
chair 0.0027 491 203 500 335
chair 0.0025 298 291 500 369
chair 0.0024 444 223 500 374
chair 0.0020 0 213 52 374
chair 0.0019 0 286 19 373
chair 0.0017 491 260 500 374
chair 0.0017 38 159 153 377
chair 0.0017 256 240 275 277
chair 0.0014 0 295 10 377
chair 0.0014 58 209 106 303
chair 0.0013 441 325 500 373
chair 0.0011 256 235 275 260
chair 0.0011 492 203 500 258
chair 0.0010 493 215 500 246
chair 0.0010 481 285 500 374
sofa 0.0050 0 183 23 365
sofa 0.0013 83 76 282 384
sofa 0.0011 0 220 14 374
diningtable 0.0098 85 78 310 360
diningtable 0.0032 0 215 23 374
diningtable 0.0015 318 43 500 361
tvmonitor 0.9649 181 56 291 156
tvmonitor 0.3416 0 -3 30 157
tvmonitor 0.0193 488 3 500 118
tvmonitor 0.0061 0 36 11 98
tvmonitor 0.0046 93 62 163 159
tvmonitor 0.0025 0 51 10 83
tvmonitor 0.0024 0 15 13 136
tvmonitor 0.0021 0 24 10 73
tvmonitor 0.0015 311 4 439 109
tvmonitor 0.0013 0 33 7 64
tvmonitor 0.0010 0 -9 23 63
tvmonitor 0.0010 99 67 143 126
tvmonitor 0.0010 -2 5 46 194
