person 0.0038 250 213 300 241
person 0.0014 98 223 116 233
boat 0.7829 248 210 303 241
boat 0.6351 -1 217 31 235
boat 0.5941 412 217 428 235
boat 0.4898 60 186 87 232
boat 0.4545 98 223 116 233
boat 0.3504 340 191 366 237
boat 0.2646 436 199 453 234
boat 0.1846 237 33 320 239
boat 0.1264 430 224 449 235
boat 0.1229 337 226 365 236
boat 0.1117 61 223 85 231
boat 0.0611 337 231 365 239
boat 0.0540 350 226 369 235
boat 0.0306 47 226 59 232
boat 0.0222 363 227 371 232
boat 0.0214 195 31 283 241
boat 0.0213 97 209 116 231
boat 0.0146 257 94 310 230
boat 0.0121 0 220 9 234
boat 0.0109 273 79 355 241
boat 0.0107 416 196 455 236
boat 0.0101 0 214 9 229
boat 0.0099 94 189 116 233
boat 0.0098 348 232 369 238
boat 0.0097 412 208 443 234
boat 0.0090 86 54 426 253
boat 0.0082 55 225 69 232
boat 0.0070 408 200 432 236
boat 0.0067 312 184 494 241
boat 0.0064 344 223 372 236
boat 0.0060 62 211 86 230
boat 0.0053 322 81 382 241
boat 0.0052 232 41 407 233
boat 0.0051 251 230 297 242
boat 0.0045 186 204 194 212
boat 0.0040 -8 166 509 247
boat 0.0034 7 213 35 230
boat 0.0033 62 222 95 233
boat 0.0032 337 232 349 239
boat 0.0030 332 190 413 239
boat 0.0030 35 226 51 232
boat 0.0028 183 136 209 227
boat 0.0027 309 234 336 240
boat 0.0027 330 207 375 247
boat 0.0026 419 161 453 236
boat 0.0026 189 201 200 214
boat 0.0025 84 185 128 236
boat 0.0025 335 224 350 237
boat 0.0024 23 225 40 232
boat 0.0022 190 235 203 238
boat 0.0021 0 200 51 235
boat 0.0021 53 29 273 237
boat 0.0021 337 158 370 240
boat 0.0021 247 178 303 243
boat 0.0020 385 196 450 237
boat 0.0020 189 178 224 241
boat 0.0019 68 205 90 233
boat 0.0018 496 220 500 238
boat 0.0017 150 97 274 236
boat 0.0017 -2 188 100 236
boat 0.0016 294 190 385 241
boat 0.0016 0 214 46 240
boat 0.0016 70 181 88 224
boat 0.0016 495 231 500 243
boat 0.0016 207 184 452 241
boat 0.0015 412 184 428 239
boat 0.0014 322 192 361 240
boat 0.0014 2 179 186 242
boat 0.0013 482 187 488 192
boat 0.0012 288 231 300 241
boat 0.0012 202 198 226 240
boat 0.0012 182 115 225 240
boat 0.0012 0 188 30 234
boat 0.0012 41 222 85 235
boat 0.0011 435 159 454 241
boat 0.0011 338 229 377 242
boat 0.0011 197 235 214 238
boat 0.0010 190 221 206 238
boat 0.0010 318 84 488 240
boat 0.0010 191 218 221 239
boat 0.0010 320 233 342 240
bird 0.0011 482 187 488 192
