person 0.9884 37 18 258 299
person 0.0033 487 178 500 293
person 0.0017 481 194 499 353
person 0.0015 302 232 347 366
person 0.0015 482 113 500 287
person 0.0012 477 269 499 348
person 0.0010 474 272 500 315
bottle 0.9810 349 254 390 376
bottle 0.9680 275 236 316 343
bottle 0.9518 304 232 348 369
bottle 0.9505 417 229 457 359
bottle 0.8367 383 225 420 366
bottle 0.2074 103 155 123 206
bottle 0.1369 394 210 420 262
bottle 0.0956 360 230 387 277
bottle 0.0788 344 199 370 245
bottle 0.0643 336 225 365 285
bottle 0.0420 161 334 211 372
bottle 0.0366 360 223 384 255
bottle 0.0362 304 339 344 373
bottle 0.0338 380 221 413 281
bottle 0.0306 369 221 389 256
bottle 0.0302 334 234 353 284
bottle 0.0301 33 177 55 249
bottle 0.0296 347 242 368 280
bottle 0.0296 272 168 293 199
bottle 0.0259 338 231 369 357
bottle 0.0252 291 163 316 187
bottle 0.0235 156 330 182 369
bottle 0.0235 340 250 364 288
bottle 0.0230 111 150 122 180
bottle 0.0216 424 225 450 275
bottle 0.0193 354 237 388 301
bottle 0.0188 431 225 447 257
bottle 0.0185 273 163 287 180
bottle 0.0181 378 223 397 275
bottle 0.0173 389 222 414 260
bottle 0.0153 304 158 316 170
bottle 0.0149 418 228 434 270
bottle 0.0138 318 228 352 315
bottle 0.0136 344 215 361 247
bottle 0.0128 444 221 471 280
bottle 0.0128 409 215 425 263
bottle 0.0119 92 174 104 193
bottle 0.0117 355 216 392 262
bottle 0.0114 103 178 120 205
bottle 0.0113 13 227 492 371
bottle 0.0107 34 35 263 307
bottle 0.0105 283 154 304 173
bottle 0.0105 290 153 313 171
bottle 0.0104 349 224 371 250
bottle 0.0102 422 216 473 294
bottle 0.0101 457 217 474 302
bottle 0.0100 331 206 346 233
bottle 0.0093 348 198 370 227
bottle 0.0089 250 126 257 139
bottle 0.0088 449 227 465 273
bottle 0.0083 327 197 382 312
bottle 0.0082 402 210 480 322
bottle 0.0082 318 227 339 271
bottle 0.0079 333 208 347 251
bottle 0.0078 295 148 311 162
bottle 0.0076 408 221 430 357
bottle 0.0072 355 209 443 301
bottle 0.0071 152 305 210 349
bottle 0.0071 305 150 313 163
bottle 0.0068 234 215 418 384
bottle 0.0067 33 182 50 218
bottle 0.0066 262 188 475 338
bottle 0.0064 349 237 368 265
bottle 0.0061 276 236 314 284
bottle 0.0059 389 222 424 295
bottle 0.0057 454 272 499 344
bottle 0.0056 335 228 349 255
bottle 0.0056 177 308 214 351
bottle 0.0055 323 208 348 265
bottle 0.0054 346 223 373 278
bottle 0.0052 17 224 31 273
bottle 0.0052 275 158 286 173
bottle 0.0051 413 234 443 344
bottle 0.0048 337 253 362 321
bottle 0.0047 302 163 323 182
bottle 0.0046 333 250 353 306
bottle 0.0045 372 209 389 235
bottle 0.0045 453 218 483 328
bottle 0.0043 9 79 496 379
bottle 0.0042 334 214 405 333
bottle 0.0041 49 182 61 207
bottle 0.0041 446 228 470 331
bottle 0.0041 358 247 383 286
bottle 0.0040 249 112 257 139
bottle 0.0040 318 141 489 316
bottle 0.0040 53 183 66 206
bottle 0.0039 141 327 192 371
bottle 0.0036 113 179 125 202
bottle 0.0036 330 191 463 283
bottle 0.0035 353 178 371 203
bottle 0.0032 333 219 353 263
bottle 0.0032 284 160 305 186
bottle 0.0030 245 155 403 293
bottle 0.0029 251 103 259 127
bottle 0.0027 392 213 476 266
bottle 0.0027 401 209 414 234
bottle 0.0027 344 248 373 307
bottle 0.0027 412 259 428 280
bottle 0.0026 48 186 72 213
bottle 0.0026 342 177 359 203
chair 0.0013 28 33 263 173
chair 0.0010 402 210 480 322
chair 0.0010 8 222 37 286
sofa 0.0010 49 34 264 310
diningtable 0.0289 12 225 493 371
diningtable 0.0061 49 51 269 301
diningtable 0.0036 271 237 318 348
diningtable 0.0025 234 215 418 384
diningtable 0.0018 26 263 312 366
diningtable 0.0018 264 178 333 255
diningtable 0.0011 98 301 323 371
tvmonitor 0.0014 0 88 44 151
tvmonitor 0.0013 0 73 119 155
