bus 0.0021 135 177 198 240
chair 0.9726 321 293 397 376
chair 0.9142 217 242 254 273
chair 0.8269 128 268 205 328
chair 0.8172 207 273 289 346
chair 0.8074 151 237 187 265
chair 0.7440 274 246 316 277
chair 0.7169 17 237 49 299
chair 0.7011 100 221 135 258
chair 0.6660 359 252 423 372
chair 0.6009 0 239 21 295
chair 0.5622 313 258 358 282
chair 0.5562 60 265 117 308
chair 0.5020 56 219 82 236
chair 0.4559 127 221 159 259
chair 0.4096 0 348 52 375
chair 0.4064 0 321 25 350
chair 0.3971 2 229 437 374
chair 0.2935 275 249 318 338
chair 0.2315 252 250 278 274
chair 0.1707 357 252 407 288
chair 0.1522 73 223 103 257
chair 0.1468 187 247 201 267
chair 0.1323 -1 318 53 356
chair 0.1185 200 252 374 354
chair 0.1130 42 239 90 302
chair 0.0985 206 249 222 268
chair 0.0825 27 266 152 357
chair 0.0725 80 223 99 238
chair 0.0705 50 222 92 255
chair 0.0649 102 277 134 313
chair 0.0602 167 326 352 375
chair 0.0599 62 236 97 260
chair 0.0583 194 248 220 268
chair 0.0565 283 259 429 367
chair 0.0520 30 240 308 305
chair 0.0516 402 259 432 361
chair 0.0459 263 279 332 346
chair 0.0456 45 230 95 269
chair 0.0368 17 244 252 355
chair 0.0359 13 287 193 374
chair 0.0350 155 246 201 269
chair 0.0347 87 223 115 257
chair 0.0344 13 235 80 302
chair 0.0339 280 302 322 346
chair 0.0333 2 306 362 372
chair 0.0308 37 239 68 299
chair 0.0294 277 242 356 279
chair 0.0278 3 226 181 302
chair 0.0267 130 223 162 241
chair 0.0260 406 262 429 293
chair 0.0251 0 297 60 372
chair 0.0247 67 220 95 237
chair 0.0243 84 263 137 316
chair 0.0234 55 254 274 295
chair 0.0227 82 254 401 332
chair 0.0219 182 235 222 267
chair 0.0214 0 260 7 294
chair 0.0212 65 255 147 282
chair 0.0192 128 243 153 261
chair 0.0191 0 232 14 269
chair 0.0189 218 262 332 329
chair 0.0178 348 356 390 375
chair 0.0168 80 236 100 258
chair 0.0165 146 234 255 269
chair 0.0165 13 210 163 262
chair 0.0164 4 228 91 276
chair 0.0147 2 198 437 271
chair 0.0145 203 243 312 275
chair 0.0144 132 254 222 304
chair 0.0137 269 254 361 337
chair 0.0129 18 235 47 265
chair 0.0128 100 220 125 246
chair 0.0125 0 246 10 307
chair 0.0118 290 245 425 289
chair 0.0118 160 235 213 267
chair 0.0116 355 248 440 290
chair 0.0115 131 236 161 262
chair 0.0107 341 246 437 273
chair 0.0107 229 246 280 274
chair 0.0105 68 245 178 276
chair 0.0100 102 239 156 262
chair 0.0099 75 254 219 325
chair 0.0096 390 263 425 369
chair 0.0095 31 231 93 250
chair 0.0087 119 249 398 299
chair 0.0087 -10 216 279 324
chair 0.0085 131 179 200 251
chair 0.0085 412 253 436 336
chair 0.0084 186 239 205 265
chair 0.0082 15 240 33 296
chair 0.0082 61 248 154 309
chair 0.0082 122 264 179 318
chair 0.0081 87 221 114 241
chair 0.0078 383 318 412 372
chair 0.0077 175 283 214 331
chair 0.0076 419 265 433 346
chair 0.0076 223 237 414 303
chair 0.0074 0 279 23 352
chair 0.0074 62 354 152 373
chair 0.0070 238 288 389 365
sofa 0.0014 431 258 501 359
sofa 0.0013 56 219 82 236
diningtable 0.4615 7 229 433 374
diningtable 0.3767 2 306 362 372
diningtable 0.2705 0 226 91 253
diningtable 0.2689 207 273 289 346
diningtable 0.2052 167 326 352 375
diningtable 0.1838 264 259 447 366
diningtable 0.1517 273 241 439 277
diningtable 0.1322 66 255 223 288
diningtable 0.1124 159 260 363 331
diningtable 0.0973 4 226 90 283
diningtable 0.0933 54 226 427 304
diningtable 0.0885 127 267 207 329
diningtable 0.0689 350 252 412 287
diningtable 0.0565 17 237 69 301
diningtable 0.0559 40 252 361 296
diningtable 0.0537 16 233 88 265
diningtable 0.0526 9 287 174 371
diningtable 0.0506 225 273 407 346
diningtable 0.0491 65 255 147 282
diningtable 0.0471 285 243 436 260
diningtable 0.0405 75 254 219 325
diningtable 0.0376 32 222 102 256
diningtable 0.0367 32 246 373 337
diningtable 0.0365 31 231 93 250
diningtable 0.0291 274 249 319 338
diningtable 0.0272 341 239 421 353
diningtable 0.0260 42 230 96 270
diningtable 0.0255 2 198 437 271
diningtable 0.0217 309 256 362 283
diningtable 0.0185 3 226 181 302
diningtable 0.0176 68 245 178 276
diningtable 0.0170 1 257 114 364
diningtable 0.0166 126 222 158 259
diningtable 0.0164 42 239 91 302
diningtable 0.0162 101 214 419 261
diningtable 0.0162 28 234 78 247
diningtable 0.0161 59 258 108 305
diningtable 0.0159 131 179 200 251
diningtable 0.0156 61 248 154 309
diningtable 0.0154 275 242 362 279
diningtable 0.0153 328 241 430 300
diningtable 0.0150 116 226 290 254
diningtable 0.0148 99 253 304 328
diningtable 0.0148 -5 218 107 244
diningtable 0.0137 150 235 294 275
diningtable 0.0137 248 268 344 348
diningtable 0.0134 216 241 259 274
diningtable 0.0127 -1 210 110 264
diningtable 0.0124 352 245 444 273
diningtable 0.0121 320 292 399 376
diningtable 0.0120 241 262 313 329
diningtable 0.0105 73 223 103 257
diningtable 0.0096 256 204 369 218
diningtable 0.0094 -3 223 73 241
diningtable 0.0086 90 221 132 258
diningtable 0.0081 145 235 192 267
diningtable 0.0079 337 251 382 285
diningtable 0.0076 0 234 15 289
diningtable 0.0075 132 254 222 304
diningtable 0.0074 148 231 263 251
diningtable 0.0071 18 235 47 265
diningtable 0.0066 107 246 172 270
diningtable 0.0062 0 348 52 375
diningtable 0.0060 43 236 82 261
diningtable 0.0060 -10 216 279 324
diningtable 0.0056 223 237 414 303
diningtable 0.0055 178 236 214 266
diningtable 0.0053 12 232 52 290
diningtable 0.0053 51 252 152 272
diningtable 0.0047 101 234 190 268
diningtable 0.0047 11 241 254 366
diningtable 0.0045 98 223 342 285
diningtable 0.0045 274 265 398 327
diningtable 0.0044 125 221 159 241
diningtable 0.0043 159 280 356 380
diningtable 0.0043 203 243 312 275
diningtable 0.0041 308 245 370 277
diningtable 0.0041 97 221 160 260
diningtable 0.0041 30 201 233 264
diningtable 0.0041 275 245 317 278
diningtable 0.0036 84 263 137 316
diningtable 0.0034 156 261 237 295
diningtable 0.0033 158 246 284 299
diningtable 0.0033 274 240 368 262
diningtable 0.0030 72 221 215 291
diningtable 0.0029 218 339 385 375
diningtable 0.0029 211 268 319 310
diningtable 0.0027 0 269 57 359
diningtable 0.0026 188 237 244 268
diningtable 0.0025 238 205 394 263
diningtable 0.0023 2 230 48 271
diningtable 0.0021 0 228 15 255
diningtable 0.0021 371 248 443 291
diningtable 0.0021 114 221 210 263
diningtable 0.0020 50 218 81 237
diningtable 0.0020 52 226 91 254
diningtable 0.0020 0 232 22 249
diningtable 0.0019 348 252 371 285
diningtable 0.0019 -1 152 443 313
diningtable 0.0018 57 248 88 264
tvmonitor 0.9875 143 94 196 140
tvmonitor 0.0143 282 95 450 189
tvmonitor 0.0072 135 177 198 240
tvmonitor 0.0057 279 101 374 187
tvmonitor 0.0036 203 87 224 103
