person 0.0437 477 11 499 223
person 0.0314 474 143 500 222
person 0.0196 466 90 501 265
person 0.0154 330 62 423 183
person 0.0109 325 63 396 140
person 0.0065 466 170 500 258
person 0.0049 487 67 500 221
person 0.0025 451 10 500 225
person 0.0016 481 160 501 242
person 0.0013 466 172 501 338
person 0.0012 155 41 336 202
person 0.0012 0 41 17 197
dog 0.0012 469 164 500 227
bottle 0.0421 338 25 349 49
bottle 0.0307 175 11 182 30
bottle 0.0142 164 12 175 29
bottle 0.0097 323 26 339 52
bottle 0.0017 178 122 201 148
bottle 0.0015 309 178 331 204
bottle 0.0013 271 197 301 230
bottle 0.0013 211 124 237 152
bottle 0.0013 237 159 251 186
bottle 0.0011 326 34 341 60
bottle 0.0010 279 168 303 197
bottle 0.0010 319 27 331 52
chair 0.8911 -1 44 67 175
chair 0.3734 327 64 416 176
chair 0.3375 0 115 52 340
chair 0.1251 320 79 348 133
chair 0.1238 325 103 340 132
chair 0.0576 0 184 50 298
chair 0.0511 193 45 363 183
chair 0.0483 357 82 422 169
chair 0.0391 466 170 500 258
chair 0.0281 297 75 344 134
chair 0.0270 225 45 346 123
chair 0.0249 0 202 49 375
chair 0.0204 0 145 18 288
chair 0.0184 466 176 500 334
chair 0.0182 350 68 408 146
chair 0.0171 243 51 407 169
chair 0.0145 302 53 327 76
chair 0.0134 326 99 352 133
chair 0.0118 285 1 319 50
chair 0.0106 0 179 24 371
chair 0.0101 0 288 26 373
chair 0.0091 0 203 15 256
chair 0.0083 -2 166 106 369
chair 0.0080 296 100 329 133
chair 0.0078 1 283 41 337
chair 0.0075 218 39 250 61
chair 0.0068 325 107 342 161
chair 0.0066 289 46 347 127
chair 0.0066 212 38 256 83
chair 0.0065 474 143 500 222
chair 0.0058 492 9 500 164
chair 0.0056 0 113 7 252
chair 0.0055 263 42 280 76
chair 0.0054 0 56 17 264
chair 0.0054 269 38 376 130
chair 0.0053 224 43 328 84
chair 0.0050 37 108 510 363
chair 0.0050 298 62 376 139
chair 0.0048 459 137 498 295
chair 0.0048 332 63 374 106
chair 0.0047 310 102 336 132
chair 0.0046 304 129 333 165
chair 0.0046 0 189 25 273
chair 0.0043 311 51 360 122
chair 0.0041 0 326 23 373
chair 0.0041 320 114 352 167
chair 0.0040 -1 16 64 301
chair 0.0038 277 74 359 163
chair 0.0037 0 38 51 88
chair 0.0035 477 232 500 354
chair 0.0031 274 278 400 350
chair 0.0030 0 84 6 187
chair 0.0030 249 43 281 75
chair 0.0028 340 95 400 152
chair 0.0027 0 285 13 368
chair 0.0025 178 121 201 136
chair 0.0025 319 71 343 106
chair 0.0025 0 197 12 302
chair 0.0024 321 77 380 133
chair 0.0024 218 62 252 85
chair 0.0024 0 74 30 320
chair 0.0024 314 110 331 134
chair 0.0022 0 164 12 241
chair 0.0022 321 79 340 98
chair 0.0022 281 52 324 80
chair 0.0022 0 159 5 207
chair 0.0021 209 53 247 84
chair 0.0021 327 82 350 113
chair 0.0021 489 47 500 203
chair 0.0020 302 124 339 152
chair 0.0020 17 201 66 300
chair 0.0019 0 339 10 373
chair 0.0019 0 50 48 124
chair 0.0019 51 229 138 318
chair 0.0019 474 68 500 249
chair 0.0018 157 52 247 155
chair 0.0018 328 97 372 134
chair 0.0018 156 27 344 138
chair 0.0017 347 126 411 164
chair 0.0017 491 183 500 336
chair 0.0016 0 132 4 194
chair 0.0016 43 227 83 237
chair 0.0016 449 227 500 367
chair 0.0016 387 239 499 363
chair 0.0016 -1 200 15 228
chair 0.0015 217 90 432 206
chair 0.0015 0 32 21 176
chair 0.0015 178 122 201 148
chair 0.0015 268 44 316 74
chair 0.0015 482 0 500 209
chair 0.0015 288 47 342 83
chair 0.0015 291 58 314 75
chair 0.0015 355 210 454 265
chair 0.0015 297 126 328 147
chair 0.0014 3 234 177 367
chair 0.0014 316 24 410 139
chair 0.0014 238 0 292 58
chair 0.0014 307 52 330 69
chair 0.0014 345 111 376 136
chair 0.0014 180 118 220 159
sofa 0.0016 468 163 500 228
sofa 0.0013 37 108 510 363
sofa 0.0012 350 63 430 187
pottedplant 0.4013 160 42 343 192
pottedplant 0.0813 347 18 376 62
pottedplant 0.0292 157 52 247 155
pottedplant 0.0281 212 174 265 228
pottedplant 0.0123 234 135 292 196
pottedplant 0.0112 226 199 261 229
pottedplant 0.0087 185 39 327 123
pottedplant 0.0084 159 64 216 102
pottedplant 0.0062 217 88 306 188
pottedplant 0.0061 336 6 375 54
pottedplant 0.0055 337 13 349 49
pottedplant 0.0041 183 93 226 141
pottedplant 0.0031 110 16 388 220
pottedplant 0.0025 182 85 252 155
pottedplant 0.0023 121 80 312 207
pottedplant 0.0018 211 38 258 83
pottedplant 0.0017 48 49 462 342
pottedplant 0.0017 163 64 228 129
pottedplant 0.0016 230 120 316 208
pottedplant 0.0014 336 22 362 54
pottedplant 0.0013 316 24 410 139
pottedplant 0.0013 327 64 416 176
pottedplant 0.0013 211 124 237 152
pottedplant 0.0012 224 150 296 233
pottedplant 0.0011 270 197 300 230
pottedplant 0.0011 317 8 390 74
pottedplant 0.0010 170 43 267 119
pottedplant 0.0010 374 25 387 55
diningtable 0.9285 13 102 490 367
diningtable 0.0622 350 63 430 187
diningtable 0.0153 331 42 457 169
diningtable 0.0042 0 157 49 355
diningtable 0.0037 330 53 461 106
diningtable 0.0029 345 68 455 88
diningtable 0.0029 0 47 67 179
diningtable 0.0023 316 24 410 139
diningtable 0.0018 3 239 495 362
diningtable 0.0018 325 132 354 191
diningtable 0.0017 304 131 333 180
diningtable 0.0011 193 45 363 183
tvmonitor 0.3953 385 7 447 53
tvmonitor 0.0105 2 0 64 46
tvmonitor 0.0100 191 0 239 37
tvmonitor 0.0037 492 9 500 164
tvmonitor 0.0010 482 0 500 209
