person 0.0146 201 163 206 169
person 0.0038 34 170 49 182
person 0.0026 83 150 115 162
person 0.0020 207 168 211 173
person 0.0018 490 175 500 194
person 0.0010 204 152 213 158
car 0.0016 421 155 435 168
car 0.0013 455 149 475 162
car 0.0012 421 152 436 163
car 0.0011 413 150 421 157
car 0.0010 436 153 453 162
boat 0.7770 34 164 87 207
boat 0.6081 284 123 307 164
boat 0.4230 475 151 500 175
boat 0.3799 424 154 450 170
boat 0.3650 322 116 350 168
boat 0.3586 421 155 435 168
boat 0.3531 323 154 352 170
boat 0.2877 20 120 487 175
boat 0.2844 284 152 306 162
boat 0.2588 79 152 118 176
boat 0.2456 354 121 371 164
boat 0.2237 356 156 370 167
boat 0.1601 455 149 475 162
boat 0.1595 423 152 450 163
boat 0.1425 141 128 156 161
boat 0.1407 37 163 86 187
boat 0.1375 355 152 371 163
boat 0.1298 82 162 116 183
boat 0.1287 67 88 116 175
boat 0.1088 476 123 500 178
boat 0.0988 413 150 421 157
boat 0.0982 421 152 436 163
boat 0.0970 372 134 380 158
boat 0.0911 450 154 479 173
boat 0.0871 373 148 379 159
boat 0.0826 285 157 305 165
boat 0.0816 319 149 350 165
boat 0.0737 437 156 453 168
boat 0.0734 361 149 374 164
boat 0.0722 363 125 376 163
boat 0.0667 38 92 90 168
boat 0.0663 83 150 115 162
boat 0.0556 142 149 155 161
boat 0.0509 155 150 167 162
boat 0.0419 201 163 206 169
boat 0.0401 436 153 453 162
boat 0.0366 50 99 71 154
boat 0.0351 490 175 500 194
boat 0.0332 475 171 499 194
boat 0.0323 70 147 116 167
boat 0.0309 34 101 69 163
boat 0.0302 155 148 180 163
boat 0.0298 45 150 79 159
boat 0.0292 37 149 65 158
boat 0.0288 264 159 269 163
boat 0.0239 473 142 501 193
boat 0.0226 491 181 500 200
boat 0.0206 353 145 372 166
boat 0.0195 450 152 500 175
boat 0.0189 81 130 116 177
boat 0.0166 36 145 87 164
boat 0.0158 328 118 389 169
boat 0.0158 306 135 321 156
boat 0.0157 371 123 382 154
boat 0.0156 2 121 507 227
boat 0.0149 412 154 426 171
boat 0.0147 236 122 503 177
boat 0.0137 307 150 320 158
boat 0.0131 207 168 211 173
boat 0.0122 204 152 213 158
boat 0.0121 316 150 325 159
boat 0.0117 179 152 195 158
boat 0.0113 418 153 442 171
boat 0.0113 451 152 467 160
boat 0.0111 456 141 477 155
boat 0.0108 147 133 171 159
boat 0.0107 153 136 182 157
boat 0.0104 442 162 476 181
boat 0.0104 351 122 384 167
boat 0.0103 38 148 85 183
boat 0.0102 42 152 123 174
boat 0.0101 142 130 180 165
boat 0.0099 391 157 406 168
boat 0.0098 454 140 496 170
boat 0.0098 34 170 49 182
boat 0.0096 168 149 185 160
boat 0.0095 482 159 501 188
boat 0.0095 34 150 55 156
boat 0.0095 459 148 490 161
boat 0.0092 28 117 94 223
boat 0.0089 185 153 207 159
boat 0.0089 9 36 496 174
boat 0.0085 227 150 239 156
boat 0.0085 292 158 308 166
boat 0.0084 483 144 501 168
boat 0.0082 151 155 168 167
boat 0.0082 476 154 500 214
boat 0.0078 35 184 86 219
boat 0.0077 118 135 523 195
boat 0.0077 209 153 217 158
boat 0.0071 214 142 222 146
boat 0.0071 392 155 423 171
boat 0.0066 37 180 84 204
boat 0.0065 447 128 499 178
boat 0.0065 62 151 101 160
boat 0.0064 401 150 416 159
boat 0.0064 359 154 374 168
boat 0.0064 293 136 501 199
boat 0.0063 216 142 234 146
boat 0.0062 286 147 312 162
bird 0.0120 201 163 206 169
bird 0.0115 207 168 211 173
bird 0.0074 264 159 269 163
bird 0.0013 0 14 6 29
bird 0.0010 60 233 66 244
