person 0.9944 95 76 250 331
person 0.0012 102 129 142 171
person 0.0010 96 142 169 194
car 0.0034 241 408 334 450
bottle 0.9822 243 217 290 370
bottle 0.6632 46 187 62 224
bottle 0.1874 41 197 57 233
bottle 0.0591 39 186 61 242
bottle 0.0417 133 136 141 158
bottle 0.0412 54 178 72 226
bottle 0.0195 83 206 91 225
bottle 0.0169 51 135 63 162
bottle 0.0162 0 204 5 227
bottle 0.0157 41 209 58 242
bottle 0.0125 232 448 275 497
bottle 0.0111 131 132 139 152
bottle 0.0087 145 255 160 291
bottle 0.0084 173 386 215 441
bottle 0.0077 2 202 10 228
bottle 0.0072 128 133 143 164
bottle 0.0062 1 436 32 496
bottle 0.0051 236 135 257 179
bottle 0.0047 161 441 307 500
bottle 0.0045 132 335 261 452
bottle 0.0045 96 476 141 500
bottle 0.0044 66 155 74 162
bottle 0.0042 43 185 58 212
bottle 0.0040 111 440 198 500
bottle 0.0038 29 189 83 251
bottle 0.0038 71 210 86 225
bottle 0.0036 58 225 76 246
bottle 0.0035 99 317 294 474
bottle 0.0033 138 139 147 156
bottle 0.0030 79 200 96 215
bottle 0.0027 90 266 125 343
bottle 0.0027 85 198 110 215
bottle 0.0026 163 429 242 501
bottle 0.0025 184 370 278 408
bottle 0.0025 41 225 59 245
bottle 0.0024 24 466 62 501
bottle 0.0023 59 201 71 227
bottle 0.0023 138 124 147 156
bottle 0.0022 213 395 250 429
bottle 0.0021 13 307 378 499
bottle 0.0020 52 154 64 162
bottle 0.0017 74 194 101 219
bottle 0.0017 74 184 118 221
bottle 0.0017 106 0 125 7
bottle 0.0016 2 467 41 500
bottle 0.0015 148 273 160 294
bottle 0.0014 207 379 305 415
bottle 0.0014 39 202 71 248
bottle 0.0014 0 412 45 499
bottle 0.0014 90 196 115 219
bottle 0.0014 94 153 101 160
bottle 0.0013 103 128 141 173
bottle 0.0013 87 208 106 225
bottle 0.0010 113 0 135 6
bottle 0.0010 94 68 251 304
bottle 0.0010 0 453 23 499
bottle 0.0010 96 207 112 222
chair 0.0439 16 215 42 234
chair 0.0155 -1 228 56 259
chair 0.0068 0 229 41 244
chair 0.0055 4 224 50 248
chair 0.0051 58 178 73 220
chair 0.0026 2 248 109 318
chair 0.0023 1 228 15 243
chair 0.0020 0 242 34 261
chair 0.0018 71 260 160 339
chair 0.0016 0 209 49 241
chair 0.0013 0 240 22 256
pottedplant 0.0218 0 136 18 165
pottedplant 0.0138 50 122 64 160
pottedplant 0.0038 3 113 37 164
pottedplant 0.0016 0 322 35 376
pottedplant 0.0015 47 121 71 163
pottedplant 0.0015 0 110 22 166
pottedplant 0.0013 1 135 34 165
pottedplant 0.0011 0 136 7 164
pottedplant 0.0010 11 148 28 166
diningtable 0.2037 11 236 378 499
diningtable 0.0242 -2 230 57 259
diningtable 0.0090 0 242 34 261
diningtable 0.0053 89 266 126 377
diningtable 0.0046 4 224 50 247
diningtable 0.0040 0 246 100 317
diningtable 0.0024 8 195 148 255
diningtable 0.0022 22 161 354 408
diningtable 0.0019 17 252 193 483
diningtable 0.0017 -2 221 95 257
diningtable 0.0016 48 245 241 411
diningtable 0.0012 15 215 42 234
diningtable 0.0011 -3 234 63 294
diningtable 0.0010 132 332 304 454
diningtable 0.0010 59 349 370 512
tvmonitor 0.0164 102 129 142 171
tvmonitor 0.0054 0 94 36 165
tvmonitor 0.0018 54 95 138 159
