person 0.0071 112 262 488 329
person 0.0040 187 16 459 177
person 0.0016 -5 232 452 330
person 0.0012 259 121 362 185
bird 0.0043 181 153 213 167
bird 0.0022 261 132 361 188
cat 0.9480 221 8 461 173
cat 0.3977 256 99 364 186
cat 0.1596 150 258 497 327
cat 0.0291 348 -2 471 176
cat 0.0105 -4 210 503 340
cat 0.0103 181 153 213 167
cat 0.0057 226 99 443 178
cat 0.0043 138 146 507 332
cat 0.0042 265 136 357 184
cat 0.0040 193 53 407 187
cat 0.0030 101 121 212 166
cat 0.0022 372 119 409 167
cat 0.0019 394 137 459 174
cat 0.0019 355 -1 468 52
cat 0.0017 374 69 454 178
cat 0.0013 55 78 451 183
cat 0.0013 357 116 397 163
cat 0.0010 289 113 419 163
dog 0.0243 112 262 488 329
dog 0.0132 256 99 365 186
dog 0.0041 210 15 468 176
dog 0.0014 181 153 214 167
dog 0.0014 101 121 212 166
dog 0.0010 -4 210 503 340
chair 0.0258 187 16 459 177
chair 0.0016 289 113 419 163
chair 0.0015 446 3 500 167
chair 0.0012 0 85 48 160
chair 0.0011 349 122 373 159
sofa 0.0304 1 250 498 329
sofa 0.0264 4 165 496 328
sofa 0.0197 187 16 459 177
sofa 0.0102 101 121 213 166
sofa 0.0041 -9 121 222 164
pottedplant 0.0056 355 -1 468 52
pottedplant 0.0039 348 -1 471 176
pottedplant 0.0033 232 -1 467 169
pottedplant 0.0026 344 1 394 48
pottedplant 0.0013 102 123 214 162
tvmonitor 0.0049 128 10 145 122
tvmonitor 0.0029 110 19 145 128
tvmonitor 0.0020 221 7 460 173
tvmonitor 0.0013 103 49 133 102
tvmonitor 0.0013 0 22 106 156
