cat 0.9820 144 191 425 371
cat 0.9348 92 60 252 285
cat 0.0075 -1 5 434 365
dog 0.0011 161 195 425 378
bottle 0.0014 55 -1 85 65
chair 0.6935 101 8 493 374
chair 0.0167 27 137 61 218
chair 0.0155 2 63 115 235
chair 0.0128 0 85 109 371
chair 0.0110 0 93 54 277
chair 0.0061 31 163 473 376
chair 0.0057 8 128 88 225
chair 0.0054 438 -42 500 401
chair 0.0032 0 76 23 323
chair 0.0031 0 102 46 166
chair 0.0031 444 3 500 195
chair 0.0026 473 -7 500 250
chair 0.0015 449 100 499 372
chair 0.0014 -1 150 17 309
chair 0.0013 -1 33 60 191
chair 0.0011 466 -1 500 124
sofa 0.1688 11 -1 483 379
sofa 0.0028 72 199 442 374
sofa 0.0011 438 -42 500 401
diningtable 0.0155 -1 90 66 368
diningtable 0.0053 2 63 115 235
diningtable 0.0043 0 100 50 220
diningtable 0.0025 437 3 500 367
diningtable 0.0021 0 76 23 323
diningtable 0.0018 11 -1 483 379
tvmonitor 0.0049 0 0 54 58
tvmonitor 0.0045 466 -1 500 124
tvmonitor 0.0043 447 -1 500 168
tvmonitor 0.0036 473 0 500 46
tvmonitor 0.0015 422 1 471 39
