person 0.9943 151 15 277 247
person 0.0017 476 171 500 334
person 0.0016 468 251 501 332
bicycle 0.9953 134 130 338 279
bicycle 0.0402 122 128 208 187
bicycle 0.0310 116 128 170 184
bicycle 0.0105 129 144 196 199
bicycle 0.0078 98 124 184 203
bicycle 0.0058 147 45 288 261
bicycle 0.0038 160 133 214 171
bicycle 0.0035 129 134 232 210
bicycle 0.0022 129 129 207 264
bicycle 0.0019 139 166 181 194
bicycle 0.0019 133 126 165 161
bicycle 0.0016 117 134 174 251
bicycle 0.0010 157 144 243 244
bicycle 0.0010 150 131 288 223
bicycle 0.0010 127 121 196 167
car 0.0409 16 8 51 21
car 0.0109 16 9 35 20
car 0.0083 82 13 95 22
car 0.0082 16 3 35 17
car 0.0041 26 11 55 20
car 0.0011 65 12 95 22
car 0.0010 102 12 132 23
bus 0.0014 0 6 100 237
bus 0.0011 16 8 51 21
train 0.0051 -1 6 101 238
boat 0.1449 16 8 51 21
boat 0.0259 82 13 95 22
boat 0.0165 102 12 132 23
boat 0.0141 16 9 35 20
boat 0.0137 16 3 35 17
boat 0.0101 65 12 95 22
boat 0.0100 26 11 55 20
boat 0.0097 131 14 164 24
boat 0.0089 97 12 162 25
boat 0.0043 118 6 218 25
boat 0.0042 0 6 100 237
boat 0.0037 73 12 133 24
boat 0.0030 68 6 179 27
boat 0.0021 179 12 217 26
boat 0.0017 142 14 173 23
boat 0.0012 179 19 218 28
boat 0.0011 12 -2 53 22
boat 0.0011 8 9 115 24
dog 0.9974 317 187 468 332
dog 0.0051 467 290 501 332
dog 0.0047 467 319 500 332
dog 0.0011 469 255 500 336
bottle 0.0055 225 194 240 223
bottle 0.0048 220 177 234 200
bottle 0.0033 185 180 205 203
bottle 0.0030 208 178 225 200
bottle 0.0024 168 189 187 230
bottle 0.0019 184 187 206 210
bottle 0.0019 197 178 217 203
bottle 0.0017 244 198 282 238
bottle 0.0015 132 129 320 271
bottle 0.0014 239 201 253 233
bottle 0.0013 195 187 218 209
bottle 0.0012 172 189 218 229
bottle 0.0012 179 181 213 217
bottle 0.0010 165 174 193 227
bottle 0.0010 182 194 206 226
tvmonitor 0.0034 0 98 24 212
