person 0.8127 132 78 322 417
person 0.7414 302 231 374 503
person 0.5808 23 242 200 415
person 0.0505 206 213 372 502
person 0.0226 24 212 343 455
person 0.0085 318 234 372 313
person 0.0069 309 213 372 353
person 0.0062 351 230 374 323
person 0.0061 170 175 176 193
person 0.0053 159 170 168 191
person 0.0045 19 77 287 425
person 0.0029 179 174 187 195
person 0.0015 23 244 109 396
bottle 0.0017 170 175 176 193
bottle 0.0013 181 469 219 499
bottle 0.0012 159 170 168 191
chair 0.0339 316 233 374 314
chair 0.0089 207 235 376 498
chair 0.0035 0 352 38 391
chair 0.0031 309 213 372 353
chair 0.0015 22 234 353 498
chair 0.0014 60 342 90 398
chair 0.0013 83 180 131 249
chair 0.0012 301 221 374 502
sofa 0.1613 208 236 375 497
sofa 0.1269 19 232 358 500
sofa 0.0415 318 234 372 313
sofa 0.0268 300 220 374 503
sofa 0.0095 131 81 326 487
sofa 0.0075 192 330 324 460
sofa 0.0055 309 213 372 353
sofa 0.0035 97 424 228 489
sofa 0.0023 230 168 372 419
sofa 0.0023 -1 391 321 500
sofa 0.0018 200 274 346 435
sofa 0.0016 30 362 272 463
sofa 0.0012 30 235 243 431
pottedplant 0.0062 -1 255 25 340
pottedplant 0.0042 -2 249 43 354
pottedplant 0.0010 1 254 67 386
diningtable 0.0054 -1 391 321 500
diningtable 0.0019 97 424 228 489
diningtable 0.0010 -18 445 232 498
