person 0.9258 384 206 413 335
person 0.8114 413 196 443 335
person 0.5321 390 201 430 338
person 0.0651 404 254 429 285
person 0.0422 415 195 444 272
person 0.0121 397 230 424 308
person 0.0093 496 200 499 242
person 0.0093 427 210 445 270
person 0.0060 432 214 444 250
person 0.0053 495 191 500 289
person 0.0050 417 200 440 241
person 0.0049 496 215 499 264
person 0.0038 453 224 458 236
person 0.0035 425 195 445 248
person 0.0032 402 220 430 282
person 0.0022 496 193 499 208
person 0.0021 383 223 401 316
person 0.0021 311 207 330 220
person 0.0014 493 220 500 296
person 0.0013 391 203 424 259
person 0.0012 495 174 500 250
person 0.0011 388 221 411 281
person 0.0010 496 233 500 283
bicycle 0.0023 48 238 91 281
car 0.0022 496 195 499 228
car 0.0021 496 193 499 208
car 0.0019 48 238 91 281
car 0.0016 497 209 499 252
car 0.0010 307 175 338 227
motorbike 0.0017 48 238 91 281
bus 0.0043 288 103 349 327
