person 0.9629 80 10 178 335
person 0.9492 25 104 135 357
person 0.8402 245 139 386 332
person 0.2683 -1 133 31 377
person 0.2298 86 130 166 217
person 0.1297 143 37 182 235
person 0.0960 144 42 175 113
person 0.0428 0 132 101 373
person 0.0233 340 4 398 152
person 0.0230 94 85 188 235
person 0.0204 10 262 102 372
person 0.0081 139 48 176 162
person 0.0074 0 148 27 281
person 0.0067 148 42 172 77
person 0.0065 198 43 211 65
person 0.0048 115 145 166 196
person 0.0043 124 37 200 319
person 0.0041 0 222 23 296
person 0.0041 0 152 13 308
person 0.0037 217 85 233 107
person 0.0035 493 22 500 189
person 0.0034 197 207 397 322
person 0.0029 16 272 43 363
person 0.0026 -3 240 52 383
person 0.0024 121 130 387 338
person 0.0024 0 115 48 276
person 0.0021 -1 220 29 339
person 0.0020 359 2 439 126
person 0.0019 150 117 188 228
person 0.0018 0 139 7 284
person 0.0016 0 242 13 295
person 0.0015 463 56 485 153
person 0.0015 478 34 499 171
person 0.0014 153 44 282 307
person 0.0013 219 74 234 99
person 0.0012 461 31 492 173
person 0.0012 136 50 167 120
bottle 0.1060 9 105 22 139
bottle 0.0362 86 130 166 217
bottle 0.0270 15 106 30 139
bottle 0.0202 0 106 4 124
bottle 0.0152 151 145 167 165
bottle 0.0150 143 39 182 233
bottle 0.0089 223 11 244 31
bottle 0.0078 19 105 29 129
bottle 0.0074 59 86 66 107
bottle 0.0070 252 28 263 48
bottle 0.0045 22 103 28 112
bottle 0.0043 77 40 176 343
bottle 0.0043 0 108 10 141
bottle 0.0041 126 146 166 182
bottle 0.0037 37 101 43 109
bottle 0.0036 482 113 492 170
bottle 0.0034 492 113 500 172
bottle 0.0028 255 29 266 47
bottle 0.0028 154 112 166 154
bottle 0.0025 0 123 12 145
bottle 0.0022 156 144 176 162
bottle 0.0021 159 111 177 159
bottle 0.0020 154 137 178 170
bottle 0.0018 209 3 222 32
bottle 0.0018 2 100 25 143
bottle 0.0018 59 98 66 108
bottle 0.0017 149 110 187 216
bottle 0.0017 215 7 242 33
bottle 0.0016 5 100 46 142
bottle 0.0014 13 102 32 164
bottle 0.0013 67 102 81 109
bottle 0.0012 241 11 252 27
bottle 0.0011 146 103 170 149
bottle 0.0011 247 20 264 38
bottle 0.0011 0 102 8 130
bottle 0.0011 11 101 20 115
bottle 0.0011 29 101 39 112
bottle 0.0011 253 14 274 42
bottle 0.0010 0 92 3 123
bottle 0.0010 150 124 169 165
chair 0.6666 21 287 44 373
chair 0.4578 360 246 405 331
chair 0.1358 288 326 498 374
chair 0.1166 10 262 102 372
chair 0.1155 208 247 284 311
chair 0.0559 197 207 397 322
chair 0.0525 374 221 402 280
chair 0.0257 239 146 394 349
chair 0.0223 2 281 48 376
chair 0.0205 300 240 494 376
chair 0.0142 177 254 406 336
chair 0.0120 320 243 430 352
chair 0.0061 21 286 44 331
chair 0.0055 0 207 44 375
chair 0.0043 351 261 392 334
chair 0.0038 162 215 259 303
chair 0.0037 366 218 398 301
chair 0.0037 380 252 400 286
chair 0.0033 161 309 499 371
chair 0.0026 0 150 120 368
chair 0.0019 215 239 337 316
chair 0.0018 359 281 384 333
chair 0.0018 387 247 500 371
chair 0.0018 0 144 46 278
chair 0.0015 155 242 177 305
chair 0.0014 389 257 404 280
chair 0.0014 72 76 90 103
chair 0.0013 151 170 173 303
chair 0.0011 209 203 302 312
chair 0.0011 19 267 65 371
chair 0.0011 230 225 442 358
chair 0.0011 107 214 466 389
chair 0.0010 15 296 181 370
sofa 0.0056 288 326 498 374
sofa 0.0010 297 242 498 377
diningtable 0.1749 162 305 322 373
diningtable 0.0911 79 301 484 374
diningtable 0.0670 52 301 222 373
diningtable 0.0518 288 326 498 374
diningtable 0.0054 49 248 309 370
diningtable 0.0046 120 252 380 344
diningtable 0.0022 300 240 494 376
diningtable 0.0018 52 215 452 389
diningtable 0.0017 44 333 169 373
diningtable 0.0011 0 219 42 375
tvmonitor 0.0010 0 152 46 273
