person 0.9268 375 4 500 285
person 0.8785 87 62 178 237
person 0.0341 126 185 323 371
person 0.0264 436 235 501 372
person 0.0194 434 6 500 368
person 0.0150 0 33 16 208
person 0.0082 0 111 20 242
person 0.0078 0 124 8 166
person 0.0077 0 87 8 181
person 0.0068 482 -4 500 320
person 0.0044 -1 41 69 258
person 0.0043 0 128 10 197
person 0.0036 442 321 500 374
person 0.0035 -1 49 26 265
person 0.0032 478 105 500 365
person 0.0032 192 46 479 244
person 0.0030 -2 146 91 249
person 0.0027 0 112 84 211
person 0.0027 0 143 23 201
person 0.0025 398 187 501 351
person 0.0025 430 280 499 352
person 0.0020 407 93 497 258
person 0.0019 5 96 48 186
person 0.0019 0 83 26 197
person 0.0017 0 23 8 168
person 0.0015 53 119 206 257
person 0.0015 11 57 189 248
person 0.0013 14 93 71 189
person 0.0013 449 126 499 301
person 0.0013 472 219 500 366
person 0.0013 -2 -1 96 201
person 0.0013 0 126 32 302
person 0.0012 226 60 431 174
person 0.0012 0 146 14 219
person 0.0012 0 116 25 173
person 0.0012 0 178 25 260
person 0.0011 4 150 82 196
person 0.0011 442 88 500 226
person 0.0011 37 174 67 197
cat 0.0061 121 191 325 367
cat 0.0047 305 90 367 143
cat 0.0019 437 286 500 375
dog 0.3893 126 185 323 371
dog 0.0082 305 90 367 143
dog 0.0063 437 286 500 376
dog 0.0022 192 46 479 244
dog 0.0016 226 60 431 174
dog 0.0011 436 176 500 373
dog 0.0010 255 80 382 161
horse 0.0088 126 185 323 371
sheep 0.0079 126 185 323 371
cow 0.0048 126 185 323 371
bottle 0.0091 0 129 6 161
bottle 0.0037 15 10 36 47
bottle 0.0024 430 0 458 61
bottle 0.0022 23 125 40 161
bottle 0.0015 0 214 28 249
bottle 0.0015 0 87 8 181
bottle 0.0013 0 128 10 197
bottle 0.0012 -2 214 67 283
chair 0.0480 126 185 323 371
chair 0.0188 192 46 479 244
chair 0.0089 165 181 203 204
chair 0.0043 -2 146 91 249
chair 0.0038 163 181 243 218
chair 0.0028 196 186 240 219
chair 0.0022 16 133 170 261
chair 0.0020 87 61 180 237
chair 0.0017 0 129 6 161
chair 0.0013 479 81 500 349
chair 0.0012 44 167 117 239
chair 0.0010 0 87 8 181
chair 0.0010 436 235 501 372
sofa 0.9336 171 52 491 258
sofa 0.0283 126 185 323 371
sofa 0.0188 -2 146 91 249
sofa 0.0118 1 100 208 354
sofa 0.0098 16 133 170 261
sofa 0.0086 226 60 431 174
sofa 0.0065 41 166 121 238
sofa 0.0038 -26 152 243 273
sofa 0.0038 87 61 180 237
sofa 0.0020 4 224 234 370
sofa 0.0019 11 135 113 222
sofa 0.0018 22 89 309 287
sofa 0.0016 17 68 471 375
sofa 0.0016 390 6 501 276
sofa 0.0012 70 131 260 251
sofa 0.0010 255 80 382 161
sofa 0.0010 8 64 205 245
sofa 0.0010 129 168 504 376
pottedplant 0.1235 -2 154 71 282
pottedplant 0.0187 -2 110 98 270
pottedplant 0.0176 3 139 80 218
pottedplant 0.0172 3 215 86 290
pottedplant 0.0106 0 128 22 265
pottedplant 0.0083 0 208 50 264
pottedplant 0.0069 -1 41 69 258
pottedplant 0.0056 0 179 28 259
pottedplant 0.0050 0 161 50 244
pottedplant 0.0034 0 98 19 218
pottedplant 0.0026 270 0 298 14
pottedplant 0.0023 0 172 14 232
pottedplant 0.0022 5 181 76 240
pottedplant 0.0021 0 144 24 200
pottedplant 0.0018 10 170 74 210
pottedplant 0.0017 0 101 206 352
pottedplant 0.0014 0 217 30 284
pottedplant 0.0012 0 128 10 197
pottedplant 0.0010 14 8 46 49
pottedplant 0.0010 8 172 120 249
diningtable 0.5051 -12 217 224 373
diningtable 0.0096 0 101 206 352
diningtable 0.0015 20 252 75 317
diningtable 0.0014 0 332 207 375
diningtable 0.0010 -2 146 91 249
tvmonitor 0.0015 10 82 23 103
tvmonitor 0.0014 0 -4 17 174
