person 0.9901 41 48 319 332
person 0.8808 378 216 437 326
person 0.7683 414 183 500 330
person 0.1953 441 184 500 250
person 0.0505 427 244 501 331
person 0.0146 494 186 500 249
person 0.0139 270 131 325 333
person 0.0134 490 242 500 329
person 0.0084 493 184 500 330
person 0.0079 483 184 500 328
person 0.0066 389 211 436 264
person 0.0062 492 164 500 256
person 0.0051 0 84 55 181
person 0.0041 313 228 425 322
person 0.0039 437 219 453 254
person 0.0033 425 215 451 258
person 0.0031 482 169 500 261
person 0.0026 471 242 500 330
person 0.0026 304 169 508 332
person 0.0025 378 257 421 331
person 0.0023 495 206 500 266
person 0.0022 491 117 500 243
person 0.0020 376 195 446 280
person 0.0019 0 36 56 350
person 0.0017 442 219 452 241
person 0.0016 494 170 500 228
person 0.0016 433 241 448 257
person 0.0015 412 207 457 265
person 0.0015 317 290 380 329
person 0.0014 380 234 493 336
person 0.0013 337 210 473 337
person 0.0013 484 80 500 269
person 0.0013 0 136 51 257
person 0.0012 303 290 325 329
person 0.0012 494 237 500 297
person 0.0012 435 278 497 329
person 0.0011 0 187 47 229
person 0.0011 0 91 23 332
person 0.0010 440 105 500 288
person 0.0010 466 183 501 330
person 0.0010 432 212 462 248
bus 0.0012 37 36 322 329
train 0.0011 40 34 321 330
bottle 0.0017 0 84 55 181
bottle 0.0015 2 306 24 324
bottle 0.0015 240 189 287 306
bottle 0.0011 -1 283 51 329
chair 0.0014 0 281 50 330
tvmonitor 0.0010 0 281 50 330
