person 0.9813 217 108 256 208
person 0.9797 360 165 386 220
person 0.9290 456 170 484 223
person 0.9020 413 165 436 222
person 0.8411 139 153 178 220
person 0.8230 88 152 112 213
person 0.7514 56 155 84 210
person 0.1655 71 155 100 211
person 0.1589 139 151 160 214
person 0.1031 440 189 470 224
person 0.1006 198 118 281 209
person 0.0827 429 182 446 221
person 0.0627 181 148 333 250
person 0.0588 474 192 499 226
person 0.0375 437 185 459 220
person 0.0344 400 203 415 221
person 0.0304 77 165 107 213
person 0.0285 64 156 82 189
person 0.0231 79 184 102 213
person 0.0168 105 144 456 251
person 0.0155 69 200 97 218
person 0.0149 493 178 500 224
person 0.0143 486 193 500 225
person 0.0101 59 156 118 225
person 0.0098 1 103 506 255
person 0.0097 68 185 96 213
person 0.0096 51 160 76 202
person 0.0092 35 128 403 215
person 0.0091 140 157 157 182
person 0.0087 110 146 186 218
person 0.0082 429 172 443 211
person 0.0081 446 194 495 224
person 0.0070 419 166 434 192
person 0.0069 95 155 120 219
person 0.0064 31 203 97 230
person 0.0064 72 177 89 204
person 0.0060 36 211 85 229
person 0.0059 66 209 96 227
person 0.0057 412 168 427 192
person 0.0052 81 161 101 201
person 0.0051 388 166 500 234
person 0.0048 323 170 360 219
person 0.0048 407 194 431 222
person 0.0048 41 155 95 228
person 0.0043 328 155 351 184
person 0.0042 79 208 100 226
person 0.0040 360 165 382 196
person 0.0039 120 158 160 204
person 0.0038 37 198 134 228
person 0.0033 48 192 93 223
person 0.0033 91 208 134 225
person 0.0030 176 114 475 221
person 0.0028 22 178 156 230
person 0.0027 385 201 414 221
person 0.0025 430 175 440 188
person 0.0025 393 209 409 222
person 0.0025 478 116 500 240
person 0.0024 71 156 86 189
person 0.0024 49 186 75 214
person 0.0023 382 175 394 185
person 0.0022 486 210 500 225
person 0.0022 145 160 168 202
person 0.0021 240 154 490 236
person 0.0020 23 144 162 218
person 0.0019 371 167 387 191
person 0.0019 89 199 111 217
person 0.0019 185 149 203 192
person 0.0019 228 109 255 156
person 0.0018 330 171 349 209
person 0.0018 77 202 138 227
person 0.0018 349 172 436 222
person 0.0016 76 197 122 220
person 0.0016 150 159 160 180
person 0.0015 24 142 475 321
person 0.0014 347 165 377 218
person 0.0013 494 150 500 211
person 0.0013 439 173 476 212
person 0.0013 321 155 362 200
person 0.0013 332 164 348 193
person 0.0013 461 196 487 223
person 0.0012 404 191 470 223
person 0.0011 373 164 386 180
person 0.0011 441 185 450 198
person 0.0011 362 165 378 178
person 0.0011 90 183 110 215
person 0.0011 453 178 464 202
person 0.0011 340 167 360 214
person 0.0010 404 155 450 209
person 0.0010 128 146 233 212
person 0.0010 412 163 426 182
person 0.0010 385 134 521 225
bicycle 0.0024 439 189 465 224
bicycle 0.0013 414 168 435 224
bicycle 0.0010 446 194 495 224
bird 0.0012 393 209 409 222
cat 0.0018 92 207 134 225
cat 0.0015 438 188 460 224
cat 0.0010 37 211 85 229
dog 0.4414 439 189 465 224
dog 0.2330 92 207 134 225
dog 0.1289 35 210 86 229
dog 0.0507 400 203 415 221
dog 0.0500 81 210 99 226
dog 0.0474 67 210 96 227
dog 0.0423 393 209 409 222
dog 0.0398 77 200 101 219
dog 0.0348 37 198 134 228
dog 0.0283 385 201 414 221
dog 0.0251 431 189 447 222
dog 0.0224 77 202 138 227
dog 0.0214 74 207 104 226
dog 0.0185 446 194 495 224
dog 0.0159 472 190 500 227
dog 0.0106 79 185 101 214
dog 0.0099 49 186 75 214
dog 0.0092 120 208 136 222
dog 0.0064 30 209 57 229
dog 0.0058 404 191 470 223
dog 0.0058 407 194 431 222
dog 0.0057 48 192 93 223
dog 0.0056 88 209 112 225
dog 0.0053 440 210 455 224
dog 0.0052 462 196 487 222
dog 0.0036 443 208 469 224
dog 0.0035 68 185 95 213
dog 0.0032 476 206 498 227
dog 0.0029 51 159 85 216
dog 0.0028 101 204 136 220
dog 0.0028 76 197 122 220
dog 0.0026 89 199 111 217
dog 0.0025 455 171 484 223
dog 0.0024 413 168 436 224
dog 0.0019 455 207 475 226
dog 0.0015 403 180 504 238
dog 0.0014 91 184 110 215
dog 0.0013 486 210 500 225
dog 0.0013 384 196 441 223
dog 0.0011 41 218 80 231
dog 0.0011 447 205 483 227
dog 0.0010 486 193 500 225
dog 0.0010 363 196 424 222
horse 0.9968 185 147 332 248
horse 0.0063 74 91 425 310
horse 0.0058 439 189 465 224
horse 0.0057 105 144 456 251
horse 0.0024 185 150 203 192
horse 0.0013 388 166 500 234
horse 0.0012 198 118 281 209
horse 0.0011 413 167 436 224
horse 0.0010 430 183 446 220
sheep 0.0038 439 189 465 224
cow 0.0027 440 189 470 224
cow 0.0010 98 208 136 224
chair 0.0645 49 186 75 214
chair 0.0500 461 196 487 223
chair 0.0401 51 159 85 216
chair 0.0328 456 172 488 224
chair 0.0266 474 193 499 226
chair 0.0264 131 157 165 217
chair 0.0149 79 184 102 213
chair 0.0122 68 185 96 213
chair 0.0113 89 155 111 217
chair 0.0090 69 162 110 216
chair 0.0085 446 194 495 224
chair 0.0084 486 193 500 225
chair 0.0080 128 179 149 199
chair 0.0064 119 184 156 215
chair 0.0062 440 189 470 224
chair 0.0056 91 184 110 215
chair 0.0055 135 171 147 188
chair 0.0054 72 177 89 204
chair 0.0053 359 168 385 223
chair 0.0044 77 200 101 219
chair 0.0043 47 188 62 212
chair 0.0037 430 183 446 220
chair 0.0031 124 160 157 202
chair 0.0031 493 178 500 224
chair 0.0030 46 191 79 224
chair 0.0029 63 156 83 208
chair 0.0025 117 184 143 192
chair 0.0023 361 195 383 220
chair 0.0023 140 184 159 215
chair 0.0021 413 165 436 223
chair 0.0017 109 175 152 202
chair 0.0017 486 210 500 225
chair 0.0016 33 203 93 230
chair 0.0016 81 161 101 201
chair 0.0015 121 205 136 219
chair 0.0013 117 175 144 190
chair 0.0012 102 168 114 208
