person 0.9313 135 42 328 504
person 0.2624 70 2 177 264
person 0.0643 67 16 178 486
person 0.0153 76 109 172 330
person 0.0113 42 7 268 506
person 0.0018 208 116 344 456
bicycle 0.8778 -2 149 386 493
bicycle 0.5952 242 153 388 506
bicycle 0.2034 2 146 169 480
bicycle 0.0584 138 44 326 501
bicycle 0.0352 261 123 379 227
bicycle 0.0174 249 252 345 341
bicycle 0.0144 251 170 348 348
bicycle 0.0141 253 114 385 311
bicycle 0.0092 322 249 386 484
bicycle 0.0091 296 135 385 276
bicycle 0.0076 358 78 388 254
bicycle 0.0068 268 126 329 193
bicycle 0.0045 208 116 344 456
bicycle 0.0039 42 7 268 506
bicycle 0.0030 360 164 388 268
bicycle 0.0027 335 330 387 497
bicycle 0.0026 336 136 387 264
bicycle 0.0021 265 151 339 250
bicycle 0.0018 47 97 170 344
bicycle 0.0017 360 136 387 197
bicycle 0.0017 253 225 378 370
bicycle 0.0015 63 87 327 338
bicycle 0.0011 224 108 336 238
bicycle 0.0010 330 119 387 361
motorbike 0.0014 254 104 388 342
motorbike 0.0013 228 104 395 489
motorbike 0.0010 263 124 381 241
bottle 0.0338 250 258 343 335
bottle 0.0062 248 162 366 430
bottle 0.0025 336 240 388 435
bottle 0.0023 359 94 388 234
bottle 0.0021 375 82 387 138
bottle 0.0012 268 218 361 339
chair 0.0124 358 145 388 258
chair 0.0043 7 142 161 496
chair 0.0039 261 123 379 227
chair 0.0039 360 136 387 197
chair 0.0036 296 135 385 276
chair 0.0026 244 143 389 495
chair 0.0022 361 82 387 200
chair 0.0022 336 136 387 264
chair 0.0019 268 126 329 193
