person 0.9895 70 65 329 377
person 0.8711 212 92 285 212
person 0.0113 33 141 51 216
person 0.0085 223 138 288 219
person 0.0084 406 164 501 381
person 0.0071 226 128 263 197
person 0.0064 204 81 322 386
person 0.0057 450 177 501 361
person 0.0047 70 120 105 236
person 0.0041 69 218 96 288
person 0.0041 216 93 258 195
person 0.0033 71 167 110 261
person 0.0033 217 123 298 266
person 0.0029 70 120 93 200
person 0.0019 33 139 54 294
person 0.0018 65 148 119 302
person 0.0018 241 166 284 215
person 0.0014 478 179 500 373
person 0.0013 406 109 435 160
person 0.0012 0 175 4 325
person 0.0010 443 41 499 356
person 0.0010 79 143 122 255
person 0.0010 0 147 13 362
person 0.0010 187 78 315 229
car 0.0021 401 148 501 369
train 0.0081 64 32 338 374
train 0.0012 68 -35 502 414
bottle 0.5026 104 293 151 364
bottle 0.0028 95 259 159 368
bottle 0.0023 106 272 140 323
chair 0.0088 -2 310 92 368
chair 0.0017 399 164 502 371
chair 0.0014 70 246 92 289
pottedplant 0.0021 442 89 499 152
