person 0.9936 356 155 457 372
person 0.3538 220 173 230 194
person 0.1018 210 173 223 193
person 0.0727 206 175 222 204
person 0.0596 279 167 292 179
person 0.0574 335 172 364 190
person 0.0429 284 168 303 178
person 0.0335 470 185 480 198
person 0.0325 372 170 392 192
person 0.0304 491 179 500 229
person 0.0298 493 179 500 202
person 0.0291 493 176 499 193
person 0.0289 331 172 353 187
person 0.0176 459 185 475 196
person 0.0160 331 168 352 180
person 0.0156 194 174 219 190
person 0.0127 227 177 238 190
person 0.0115 258 192 298 229
person 0.0115 195 176 219 205
person 0.0086 374 166 390 182
person 0.0085 447 183 468 197
person 0.0081 156 173 183 189
person 0.0072 72 160 92 181
person 0.0069 89 165 159 218
person 0.0068 82 162 95 178
person 0.0068 277 194 307 229
person 0.0064 216 175 233 203
person 0.0063 257 168 289 180
person 0.0062 345 170 373 191
person 0.0052 238 189 286 234
person 0.0051 2 162 42 181
person 0.0049 21 169 44 192
person 0.0047 247 196 280 229
person 0.0046 0 166 9 198
person 0.0044 434 182 459 198
person 0.0043 245 175 270 184
person 0.0040 353 168 386 193
person 0.0039 153 160 162 169
person 0.0038 0 164 8 179
person 0.0037 210 171 223 180
person 0.0037 218 170 229 181
person 0.0036 272 166 297 180
person 0.0035 425 174 494 235
person 0.0035 249 171 265 181
person 0.0034 0 160 12 245
person 0.0033 279 193 307 213
person 0.0029 271 194 295 211
person 0.0028 164 168 192 177
person 0.0028 435 176 494 210
person 0.0028 317 168 347 182
person 0.0028 477 178 497 205
person 0.0027 148 173 171 188
person 0.0025 257 195 273 211
person 0.0023 100 204 143 235
person 0.0023 0 179 12 324
person 0.0022 439 169 453 179
person 0.0022 256 174 291 184
person 0.0021 0 158 43 211
person 0.0019 485 175 500 245
person 0.0018 458 180 491 204
person 0.0016 221 175 245 193
person 0.0016 0 194 10 263
person 0.0016 430 172 482 189
person 0.0016 112 172 454 348
person 0.0015 21 162 44 182
person 0.0015 98 168 215 219
person 0.0014 259 193 290 213
person 0.0014 177 174 217 194
person 0.0014 324 167 360 182
person 0.0014 332 174 368 205
person 0.0014 286 190 317 233
person 0.0014 321 193 343 229
person 0.0014 7 169 39 195
person 0.0014 1 168 26 196
person 0.0013 226 177 265 188
person 0.0013 71 170 93 199
person 0.0013 491 200 499 236
person 0.0013 233 189 355 235
person 0.0013 136 174 163 188
person 0.0012 376 164 395 187
person 0.0012 184 167 207 177
person 0.0012 310 172 354 186
person 0.0011 14 163 480 215
person 0.0011 480 176 493 191
person 0.0010 491 170 500 200
person 0.0010 225 179 240 199
person 0.0010 485 150 500 320
person 0.0010 129 175 148 191
person 0.0010 88 165 114 181
person 0.0010 0 160 11 170
bicycle 0.0084 100 204 143 235
bicycle 0.0047 96 197 127 233
bicycle 0.0022 102 195 123 224
bicycle 0.0015 101 216 137 238
bicycle 0.0011 0 190 11 308
bicycle 0.0010 490 186 500 233
car 0.9951 113 173 371 349
car 0.9851 89 167 205 222
car 0.9752 429 176 499 241
car 0.8588 0 166 43 221
car 0.4166 0 187 11 255
car 0.2815 71 177 93 202
car 0.2360 155 170 216 199
car 0.1943 176 177 219 204
car 0.1175 491 179 500 229
car 0.0738 74 163 134 201
car 0.0683 70 164 102 200
car 0.0519 440 169 476 179
car 0.0441 335 171 364 190
car 0.0440 249 175 274 183
car 0.0403 5 161 90 203
car 0.0396 88 170 127 212
car 0.0337 372 170 393 192
car 0.0321 21 162 44 182
car 0.0302 333 167 365 181
car 0.0285 309 173 332 185
car 0.0272 493 179 500 202
car 0.0269 168 167 205 177
car 0.0244 288 168 314 177
car 0.0226 194 174 219 190
car 0.0200 160 172 194 191
car 0.0197 2 161 42 183
car 0.0196 324 165 389 195
car 0.0187 284 168 303 178
car 0.0178 117 165 212 202
car 0.0174 250 170 277 181
car 0.0168 482 172 500 234
car 0.0165 14 165 69 217
car 0.0128 29 170 99 211
car 0.0122 0 179 12 324
car 0.0112 0 164 15 240
car 0.0110 0 161 26 260
car 0.0108 88 165 114 181
car 0.0103 87 163 133 184
car 0.0098 0 164 8 179
car 0.0097 84 165 155 217
car 0.0097 95 190 125 218
car 0.0094 86 166 115 196
car 0.0090 493 176 499 193
car 0.0089 257 168 289 180
car 0.0087 491 200 499 236
car 0.0079 328 166 392 182
car 0.0077 343 166 375 180
car 0.0075 209 173 224 196
car 0.0074 279 167 292 179
car 0.0072 270 167 315 180
car 0.0072 62 169 113 211
car 0.0068 237 167 324 190
car 0.0067 431 171 481 191
car 0.0066 72 160 92 181
car 0.0063 241 175 272 187
car 0.0061 0 160 11 170
car 0.0058 144 168 219 217
car 0.0056 14 163 480 215
car 0.0055 215 175 277 190
car 0.0054 298 167 365 184
car 0.0053 317 168 347 182
car 0.0053 243 173 305 186
car 0.0052 150 165 208 181
car 0.0050 47 168 96 200
car 0.0049 353 168 386 193
car 0.0049 220 173 230 194
car 0.0047 226 177 265 188
car 0.0046 -1 151 50 279
car 0.0046 0 166 9 198
car 0.0045 21 169 44 192
car 0.0044 227 164 402 192
car 0.0041 0 158 30 208
car 0.0041 2 158 42 173
car 0.0039 0 156 192 220
car 0.0038 20 161 61 188
car 0.0036 210 171 223 180
car 0.0035 345 170 373 191
car 0.0034 156 167 182 178
car 0.0033 331 172 353 187
car 0.0033 179 166 211 180
car 0.0033 218 170 229 181
car 0.0032 256 174 291 184
car 0.0032 192 174 325 211
car 0.0030 126 161 154 168
car 0.0030 0 162 12 185
car 0.0030 310 172 354 186
car 0.0029 19 161 44 171
car 0.0029 428 174 489 210
car 0.0029 356 166 383 180
car 0.0027 55 176 90 203
car 0.0026 178 183 215 215
car 0.0025 76 161 104 184
car 0.0024 185 168 443 222
car 0.0024 332 174 368 205
car 0.0023 0 155 112 283
car 0.0023 95 182 143 223
car 0.0022 43 195 49 212
car 0.0022 431 176 464 190
car 0.0021 449 191 483 229
car 0.0021 226 177 283 203
motorbike 0.0040 0 182 12 283
motorbike 0.0015 0 203 9 333
motorbike 0.0013 0 175 13 373
motorbike 0.0013 490 186 500 233
bus 0.0035 423 173 496 236
bus 0.0025 440 169 476 179
bus 0.0021 493 179 500 202
bus 0.0017 93 168 202 219
bus 0.0016 324 165 389 195
bus 0.0016 491 179 500 229
bus 0.0016 -1 165 35 224
bus 0.0015 493 176 499 193
bus 0.0015 74 163 134 201
bus 0.0013 0 176 13 258
bus 0.0013 5 161 90 203
bus 0.0013 70 164 102 200
bus 0.0010 424 166 480 193
chair 0.0014 96 197 127 233
