person 0.0155 129 198 192 260
person 0.0010 447 98 500 262
bottle 0.9882 217 69 289 271
bottle 0.9861 299 71 378 270
bottle 0.9824 124 72 203 267
bottle 0.9659 69 71 131 267
bottle 0.7527 373 66 443 278
bottle 0.0799 134 47 376 271
bottle 0.0288 31 10 469 347
bottle 0.0280 447 98 500 262
bottle 0.0175 480 68 500 248
bottle 0.0070 371 63 432 174
bottle 0.0036 481 70 500 164
bottle 0.0035 391 69 495 289
bottle 0.0016 491 147 500 267
bottle 0.0016 443 226 500 281
bottle 0.0014 482 152 500 268
bottle 0.0013 43 51 223 293
bottle 0.0010 488 94 500 244
