person 0.8248 150 173 166 195
person 0.7863 131 174 149 193
person 0.7520 93 176 108 191
person 0.5744 114 174 129 192
person 0.3636 121 170 136 192
person 0.3263 100 178 116 191
person 0.3085 127 166 137 180
person 0.2631 165 175 175 192
person 0.1685 170 184 183 199
person 0.1642 163 178 175 200
person 0.1560 54 168 70 178
person 0.1438 68 169 95 191
person 0.1408 42 169 79 193
person 0.0886 175 169 183 177
person 0.0787 15 223 32 239
person 0.0739 71 167 90 181
person 0.0699 0 150 223 232
person 0.0672 183 169 192 176
person 0.0608 200 177 209 189
person 0.0582 189 171 203 178
person 0.0574 168 172 182 195
person 0.0522 100 183 116 194
person 0.0421 139 177 152 192
person 0.0387 139 183 152 196
person 0.0339 23 183 42 196
person 0.0291 172 185 184 218
person 0.0277 167 171 174 181
person 0.0276 60 164 105 196
person 0.0233 163 179 176 222
person 0.0229 166 179 185 203
person 0.0214 172 197 183 224
person 0.0208 130 169 143 181
person 0.0204 183 212 194 229
person 0.0176 113 180 128 196
person 0.0165 21 176 41 193
person 0.0163 189 172 203 188
person 0.0137 183 202 193 223
person 0.0134 122 182 136 198
person 0.0133 200 169 207 179
person 0.0131 86 203 93 221
person 0.0130 -1 187 240 236
person 0.0123 17 172 35 194
person 0.0116 0 2 239 234
person 0.0115 119 165 140 186
person 0.0112 41 167 68 181
person 0.0109 20 183 33 196
person 0.0105 82 174 103 191
person 0.0104 133 214 145 229
person 0.0099 137 179 156 200
person 0.0099 146 164 183 229
person 0.0092 199 179 211 199
person 0.0087 116 207 122 217
person 0.0086 122 212 132 229
person 0.0084 174 212 185 230
person 0.0080 18 223 45 238
person 0.0080 58 168 84 178
person 0.0079 137 175 159 193
person 0.0075 -13 144 515 225
person 0.0073 33 185 52 196
person 0.0070 85 213 93 227
person 0.0070 60 185 79 194
person 0.0069 93 160 190 231
person 0.0065 114 211 129 229
person 0.0062 163 167 190 223
person 0.0060 75 214 84 226
person 0.0058 42 162 126 198
person 0.0053 155 172 163 179
person 0.0047 178 186 190 199
person 0.0046 244 142 265 148
person 0.0046 50 165 94 183
person 0.0043 119 176 140 203
person 0.0042 114 168 130 183
person 0.0041 189 211 198 228
person 0.0040 143 224 150 230
person 0.0039 154 225 162 230
person 0.0039 93 178 113 200
person 0.0039 131 224 144 230
person 0.0039 93 169 105 181
person 0.0039 165 224 173 231
person 0.0037 2 222 29 238
person 0.0036 81 166 100 182
person 0.0036 111 177 133 201
person 0.0035 76 205 86 220
person 0.0035 49 184 74 194
person 0.0034 17 180 35 200
person 0.0033 211 204 223 215
person 0.0033 125 161 199 204
person 0.0032 178 191 190 211
person 0.0030 15 218 30 230
person 0.0030 8 157 43 200
person 0.0028 0 151 11 193
person 0.0028 98 209 143 231
person 0.0027 18 103 402 209
person 0.0027 186 169 208 195
person 0.0027 198 174 210 192
person 0.0026 20 171 63 196
person 0.0026 191 207 200 219
person 0.0025 179 170 197 191
person 0.0025 41 185 63 195
person 0.0024 57 181 83 199
boat 0.7151 0 3 221 233
boat 0.5881 244 142 265 148
boat 0.1989 295 151 304 156
boat 0.1897 321 142 325 151
boat 0.0728 1 159 236 236
boat 0.0564 243 97 265 149
boat 0.0364 321 146 326 153
boat 0.0204 241 138 268 148
boat 0.0158 324 148 336 153
boat 0.0155 293 152 299 157
boat 0.0091 322 143 337 151
boat 0.0060 241 143 254 148
boat 0.0055 189 171 203 178
boat 0.0042 -10 6 517 217
boat 0.0042 0 -3 22 245
boat 0.0040 193 155 204 169
boat 0.0036 -1 1 97 246
boat 0.0033 255 143 269 148
boat 0.0031 0 151 11 193
boat 0.0027 0 207 7 235
boat 0.0025 193 148 204 162
boat 0.0023 7 106 499 203
boat 0.0023 20 106 223 222
boat 0.0019 0 151 19 242
boat 0.0018 183 169 192 176
boat 0.0018 295 140 307 152
boat 0.0017 68 210 152 230
boat 0.0016 56 145 190 221
boat 0.0016 0 190 24 242
boat 0.0014 0 217 9 241
boat 0.0014 0 115 9 193
boat 0.0014 1 221 30 239
boat 0.0012 0 167 23 195
boat 0.0012 175 169 183 177
boat 0.0011 0 99 19 220
boat 0.0011 170 150 178 159
boat 0.0010 12 222 36 240
boat 0.0010 0 188 10 236
boat 0.0010 0 135 6 174
boat 0.0010 67 194 172 230
boat 0.0010 -13 144 515 225
bird 0.0320 15 223 32 239
bird 0.0084 18 223 45 238
bird 0.0023 195 292 220 302
bird 0.0020 22 221 61 237
bird 0.0014 19 235 45 241
bird 0.0014 295 151 304 156
bird 0.0014 14 234 35 241
bird 0.0013 2 222 29 238
bird 0.0012 200 177 209 189
bird 0.0011 324 334 335 344
bird 0.0010 211 204 223 215
