person 0.2185 446 21 500 193
person 0.0392 437 6 500 355
person 0.0076 478 89 500 227
person 0.0050 468 26 501 285
person 0.0047 480 81 499 351
person 0.0046 442 7 498 117
person 0.0033 420 6 491 161
person 0.0028 455 23 484 96
person 0.0028 416 31 498 244
person 0.0023 477 9 500 115
person 0.0023 474 -15 500 182
person 0.0019 448 104 500 219
person 0.0014 490 76 500 211
person 0.0011 430 40 477 122
person 0.0011 485 131 500 214
aeroplane 0.0014 319 40 343 75
cat 0.0054 360 22 385 57
dog 0.0047 360 22 385 57
dog 0.0015 446 66 500 206
bottle 0.0405 466 48 479 71
bottle 0.0161 462 43 475 73
bottle 0.0130 446 45 462 70
bottle 0.0087 458 26 478 68
bottle 0.0073 459 54 471 77
bottle 0.0064 442 47 457 69
bottle 0.0036 448 39 460 60
bottle 0.0036 434 65 459 92
bottle 0.0035 442 58 468 77
bottle 0.0034 457 45 477 86
bottle 0.0028 441 22 470 73
bottle 0.0026 346 46 352 71
bottle 0.0023 455 23 484 96
bottle 0.0020 283 1 298 16
bottle 0.0018 435 60 461 76
bottle 0.0013 441 64 470 87
bottle 0.0012 346 56 351 75
chair 0.1631 437 70 499 375
chair 0.0907 -3 2 323 369
chair 0.0048 242 27 266 70
chair 0.0037 446 21 500 193
chair 0.0031 216 17 264 71
chair 0.0027 156 1 275 67
chair 0.0022 0 127 9 197
chair 0.0014 420 20 492 145
chair 0.0012 455 23 484 96
chair 0.0010 0 117 22 238
sofa 0.7112 437 67 500 375
sofa 0.6721 2 4 313 276
sofa 0.0193 447 62 501 218
sofa 0.0040 345 5 471 81
sofa 0.0015 420 6 491 161
sofa 0.0014 415 63 481 150
sofa 0.0013 445 -17 497 186
sofa 0.0012 430 40 477 122
sofa 0.0012 466 -1 501 356
pottedplant 0.2039 317 40 354 111
pottedplant 0.0369 433 27 478 92
pottedplant 0.0242 453 23 480 71
pottedplant 0.0121 319 39 343 75
pottedplant 0.0118 458 25 477 53
pottedplant 0.0114 328 44 351 89
pottedplant 0.0097 434 65 459 92
pottedplant 0.0097 450 20 488 101
pottedplant 0.0084 332 60 348 89
pottedplant 0.0072 441 22 470 73
pottedplant 0.0065 420 20 492 145
pottedplant 0.0055 442 7 498 117
pottedplant 0.0055 325 68 353 108
pottedplant 0.0052 443 43 466 73
pottedplant 0.0048 458 39 478 75
pottedplant 0.0046 336 57 347 75
pottedplant 0.0029 441 46 458 70
pottedplant 0.0028 482 31 501 63
pottedplant 0.0027 434 57 461 79
pottedplant 0.0022 173 -2 271 47
pottedplant 0.0022 175 -1 228 23
pottedplant 0.0021 285 15 374 114
pottedplant 0.0018 466 46 480 72
pottedplant 0.0016 448 39 460 60
pottedplant 0.0016 321 58 340 93
pottedplant 0.0013 411 6 491 82
pottedplant 0.0012 318 40 331 94
pottedplant 0.0012 195 0 234 21
pottedplant 0.0012 454 43 481 87
pottedplant 0.0012 360 24 386 60
pottedplant 0.0012 438 15 461 62
diningtable 0.0937 415 56 495 157
diningtable 0.0380 430 40 477 122
diningtable 0.0038 6 221 326 368
diningtable 0.0027 416 31 498 244
diningtable 0.0025 446 21 500 193
