bird 0.9788 433 259 501 340
bird 0.0019 140 151 249 189
dog 0.0026 308 87 331 106
dog 0.0018 461 97 491 113
dog 0.0017 194 77 214 86
horse 0.0024 461 97 491 113
horse 0.0011 308 87 331 106
sheep 0.9806 140 170 253 229
sheep 0.9513 308 87 331 106
sheep 0.9013 461 97 491 113
sheep 0.7719 140 149 236 191
sheep 0.7192 194 77 214 86
sheep 0.0501 145 159 266 184
sheep 0.0171 462 97 472 112
sheep 0.0133 190 75 210 84
sheep 0.0130 493 72 499 79
sheep 0.0093 472 100 493 112
sheep 0.0039 461 104 491 117
sheep 0.0036 5 65 511 126
sheep 0.0031 451 81 456 90
sheep 0.0028 294 71 499 125
sheep 0.0028 143 151 184 188
sheep 0.0026 7 38 508 100
sheep 0.0019 322 89 333 105
sheep 0.0018 186 76 214 89
sheep 0.0016 324 97 332 105
sheep 0.0015 417 94 422 100
sheep 0.0014 151 69 495 207
sheep 0.0014 41 81 468 274
sheep 0.0013 305 95 324 108
sheep 0.0012 460 94 476 114
sheep 0.0011 288 90 292 100
sheep 0.0010 68 60 75 66
cow 0.0120 461 97 491 113
cow 0.0108 140 170 253 229
cow 0.0108 308 87 331 106
cow 0.0050 194 77 214 86
cow 0.0011 140 149 236 191
cow 0.0011 493 72 499 79
