person 0.5158 475 121 492 141
person 0.5117 470 193 496 216
person 0.3964 0 215 15 299
person 0.3356 0 206 10 235
person 0.2352 13 202 32 277
person 0.1628 14 205 29 237
person 0.1437 26 137 132 250
person 0.1397 434 193 455 214
person 0.0748 12 202 21 224
person 0.0722 41 194 462 261
person 0.0583 490 193 500 212
person 0.0566 286 192 297 207
person 0.0557 343 206 355 217
person 0.0530 9 205 24 234
person 0.0522 0 204 10 221
person 0.0415 15 203 27 223
person 0.0413 13 230 37 285
person 0.0400 491 198 500 220
person 0.0363 1 200 27 281
person 0.0361 292 205 312 221
person 0.0321 470 118 486 138
person 0.0318 409 197 426 212
person 0.0311 -1 214 14 380
person 0.0310 492 124 500 138
person 0.0301 270 196 276 205
person 0.0296 -11 149 500 240
person 0.0278 364 135 377 154
person 0.0256 39 205 49 239
person 0.0239 448 193 463 215
person 0.0235 -9 189 280 259
person 0.0214 31 210 40 234
person 0.0193 378 193 387 209
person 0.0191 442 135 451 146
person 0.0181 262 198 269 205
person 0.0168 3 238 26 296
person 0.0160 459 193 476 215
person 0.0157 300 205 320 221
person 0.0157 280 194 292 207
person 0.0156 492 176 500 209
person 0.0151 457 191 493 229
person 0.0143 428 199 450 217
person 0.0141 152 194 160 205
person 0.0136 440 161 499 236
person 0.0124 441 191 471 217
person 0.0120 460 127 471 142
person 0.0118 0 209 10 271
person 0.0114 41 204 48 221
person 0.0112 407 199 430 218
person 0.0107 250 199 260 205
person 0.0103 284 205 305 220
person 0.0102 376 183 385 201
person 0.0100 357 135 367 154
person 0.0094 123 204 181 236
person 0.0093 355 192 362 206
person 0.0091 29 212 41 245
person 0.0089 241 195 250 206
person 0.0088 138 203 158 218
person 0.0085 450 127 462 143
person 0.0083 333 206 351 217
person 0.0081 382 193 390 209
person 0.0081 0 197 10 209
person 0.0079 438 126 452 145
person 0.0078 418 196 433 213
person 0.0077 -1 202 28 343
person 0.0074 316 145 329 162
person 0.0071 428 98 502 191
person 0.0071 415 199 438 217
person 0.0067 141 190 158 207
person 0.0066 282 186 300 204
person 0.0061 258 121 429 230
person 0.0059 356 189 362 200
person 0.0057 153 200 186 219
person 0.0054 314 186 325 203
person 0.0050 -2 178 135 268
person 0.0049 0 200 14 227
person 0.0049 94 157 105 168
person 0.0048 35 210 50 246
person 0.0047 -11 181 285 337
person 0.0047 -3 203 51 303
person 0.0046 -42 150 211 279
person 0.0046 30 203 40 223
person 0.0043 128 205 149 220
person 0.0043 489 116 500 138
person 0.0043 492 207 500 231
person 0.0043 214 208 338 261
person 0.0043 393 185 400 199
person 0.0042 347 136 358 154
person 0.0042 280 187 292 203
person 0.0042 190 203 203 219
person 0.0042 295 195 310 204
person 0.0039 181 202 233 246
person 0.0039 363 143 376 157
person 0.0038 4 58 483 242
person 0.0036 0 195 23 244
person 0.0036 381 183 506 287
person 0.0035 297 148 308 163
person 0.0034 306 186 320 202
person 0.0034 142 193 214 229
person 0.0034 10 195 21 207
person 0.0033 0 244 12 309
bicycle 0.2762 13 230 37 285
bicycle 0.0597 0 230 28 290
bicycle 0.0568 23 241 42 280
bicycle 0.0470 15 243 29 289
bicycle 0.0353 0 215 15 299
bicycle 0.0323 5 240 25 282
bicycle 0.0109 25 257 42 278
bicycle 0.0053 24 237 40 262
bicycle 0.0040 -3 203 51 303
bicycle 0.0020 23 248 44 309
bicycle 0.0017 13 252 32 300
bicycle 0.0017 17 265 28 287
bicycle 0.0015 -1 214 14 380
bicycle 0.0013 14 205 31 273
car 0.9972 213 206 338 262
car 0.9957 133 206 182 237
car 0.9874 180 209 234 248
car 0.9803 290 204 371 243
car 0.9026 120 205 139 231
car 0.8442 373 182 500 287
car 0.5734 159 197 194 220
car 0.0758 41 194 462 261
car 0.0355 128 205 149 220
car 0.0328 129 205 147 233
car 0.0253 169 202 200 221
car 0.0248 0 206 10 235
car 0.0230 371 206 393 238
car 0.0206 123 203 153 225
car 0.0173 175 208 196 232
car 0.0135 -8 139 497 249
car 0.0133 190 203 203 219
car 0.0132 142 193 214 229
car 0.0130 0 197 20 284
car 0.0121 374 202 414 239
car 0.0089 0 204 10 221
car 0.0079 165 205 191 233
car 0.0069 9 205 24 234
car 0.0067 181 206 213 241
car 0.0055 258 205 347 234
car 0.0050 157 176 202 208
car 0.0046 0 203 13 258
car 0.0042 138 203 158 218
car 0.0040 189 192 203 209
car 0.0040 154 194 187 214
car 0.0039 3 212 25 246
car 0.0036 0 197 10 209
car 0.0035 135 203 181 224
car 0.0035 231 205 256 218
car 0.0031 10 195 21 207
car 0.0030 27 141 134 245
car 0.0026 0 225 14 312
car 0.0025 336 204 383 237
car 0.0023 175 193 198 210
car 0.0023 -8 177 507 351
car 0.0021 205 198 443 257
car 0.0019 0 230 28 290
car 0.0018 180 213 193 243
car 0.0018 166 191 247 251
car 0.0018 14 11 477 220
car 0.0017 378 192 438 238
car 0.0017 12 202 21 224
car 0.0017 187 178 203 205
car 0.0017 292 200 367 225
car 0.0016 5 240 25 282
car 0.0016 17 158 331 235
car 0.0016 -9 189 280 259
car 0.0015 -1 214 14 380
car 0.0015 165 188 204 215
car 0.0013 258 121 429 230
car 0.0013 0 200 14 227
car 0.0012 398 95 501 270
car 0.0012 492 124 500 138
car 0.0012 165 173 403 272
car 0.0012 492 207 500 231
car 0.0011 254 204 312 222
car 0.0011 379 162 495 243
car 0.0011 491 198 500 220
car 0.0011 16 195 28 208
car 0.0011 119 179 161 220
car 0.0010 173 220 185 237
motorbike 0.0461 13 230 37 285
motorbike 0.0172 0 215 15 299
motorbike 0.0089 0 230 28 290
motorbike 0.0071 15 243 29 289
motorbike 0.0066 23 241 42 280
motorbike 0.0052 25 257 42 278
motorbike 0.0033 5 240 25 282
motorbike 0.0022 23 248 44 309
motorbike 0.0018 -1 214 14 380
motorbike 0.0012 0 206 10 235
bus 0.9953 20 136 122 250
bus 0.9906 264 118 432 236
bus 0.8464 202 165 265 214
bus 0.7702 430 84 501 214
bus 0.2787 158 174 202 214
bus 0.1880 120 177 163 217
bus 0.1055 187 178 203 205
bus 0.0324 158 194 194 216
bus 0.0166 133 182 161 206
bus 0.0160 159 176 200 192
bus 0.0151 440 161 499 236
bus 0.0140 398 95 501 270
bus 0.0093 112 177 217 219
bus 0.0092 120 181 141 203
bus 0.0090 10 195 21 207
bus 0.0085 0 179 12 204
bus 0.0077 369 174 501 292
bus 0.0066 0 197 10 209
bus 0.0063 16 195 28 208
bus 0.0055 125 188 153 211
bus 0.0052 131 169 274 218
bus 0.0046 19 186 29 199
bus 0.0041 435 97 496 170
bus 0.0039 141 190 158 207
bus 0.0035 9 188 22 201
bus 0.0035 218 179 250 207
bus 0.0032 -11 149 500 240
bus 0.0025 -1 188 14 214
bus 0.0024 126 178 151 185
bus 0.0024 134 177 180 211
bus 0.0022 101 169 188 231
bus 0.0021 7 190 24 212
bus 0.0021 188 163 324 217
bus 0.0020 238 172 270 207
bus 0.0019 13 190 30 212
bus 0.0018 5 183 24 204
bus 0.0016 475 115 499 237
bus 0.0016 128 207 173 235
bus 0.0015 190 176 203 191
bus 0.0015 15 182 30 204
bus 0.0015 191 162 246 206
bus 0.0015 220 165 286 206
bus 0.0013 118 181 142 222
bus 0.0013 0 177 12 189
bus 0.0013 151 186 162 203
bus 0.0012 337 134 459 238
bus 0.0012 0 166 23 230
bus 0.0012 189 192 203 209
bus 0.0011 137 178 157 183
bus 0.0010 451 144 500 202
bus 0.0010 118 174 162 195
bus 0.0010 119 163 167 201
train 0.0016 21 135 120 250
train 0.0013 200 164 266 215
train 0.0010 258 121 429 231
train 0.0010 430 86 500 192
bottle 0.0011 23 301 57 374
pottedplant 0.0080 0 179 12 204
pottedplant 0.0013 0 197 10 209
