person 0.1176 470 154 485 176
person 0.0855 469 152 485 210
person 0.0514 464 178 474 209
person 0.0400 474 151 493 177
person 0.0293 476 158 494 184
person 0.0184 473 152 497 192
person 0.0146 466 175 479 209
person 0.0082 488 150 500 174
person 0.0062 155 213 179 229
person 0.0046 483 154 501 190
person 0.0043 457 151 493 243
person 0.0030 485 178 500 205
person 0.0029 487 147 498 162
person 0.0022 479 171 497 210
person 0.0019 487 185 500 215
person 0.0017 479 150 494 162
person 0.0014 337 256 345 279
person 0.0013 459 181 477 215
person 0.0012 474 155 500 231
person 0.0011 464 167 474 201
person 0.0010 463 179 486 220
bicycle 0.0034 260 231 285 269
bicycle 0.0022 265 244 283 271
bicycle 0.0017 153 213 179 229
bicycle 0.0010 267 232 297 269
car 0.2234 1 210 79 253
car 0.0786 0 207 65 234
car 0.0571 44 216 78 231
car 0.0326 0 221 16 241
car 0.0323 0 226 15 251
car 0.0225 24 211 82 234
car 0.0198 0 209 15 230
car 0.0140 230 228 284 276
car 0.0094 25 211 58 229
car 0.0082 0 220 49 259
car 0.0081 -4 223 71 274
car 0.0062 260 231 285 269
car 0.0055 1 208 128 262
car 0.0054 0 208 20 262
car 0.0052 4 205 123 236
car 0.0047 0 217 25 245
car 0.0046 248 232 348 273
car 0.0043 473 153 498 209
car 0.0042 32 218 76 241
car 0.0041 248 230 486 283
car 0.0038 0 207 27 233
car 0.0034 264 230 283 247
car 0.0034 270 234 403 277
car 0.0031 74 223 112 236
car 0.0029 243 221 354 252
car 0.0028 36 225 84 252
car 0.0028 476 158 494 184
car 0.0027 7 217 157 248
car 0.0022 255 226 288 254
car 0.0020 22 215 119 230
car 0.0020 0 227 26 272
car 0.0018 483 162 501 203
car 0.0018 58 218 188 242
car 0.0015 -3 189 285 267
car 0.0014 0 203 48 226
car 0.0013 67 222 154 239
car 0.0013 267 232 297 269
car 0.0013 485 178 500 205
car 0.0013 472 232 500 285
car 0.0013 227 242 261 275
car 0.0012 -4 326 171 371
car 0.0010 245 241 283 275
car 0.0010 447 236 499 281
car 0.0010 373 240 459 275
car 0.0010 0 217 46 240
bus 0.0030 1 134 113 218
bus 0.0013 473 152 497 192
bus 0.0010 483 154 501 190
train 0.5338 -7 123 491 232
train 0.1018 1 134 113 218
train 0.0209 113 125 405 198
train 0.0096 0 114 292 208
train 0.0072 471 151 498 194
train 0.0068 94 171 426 216
train 0.0058 0 137 85 191
train 0.0055 121 120 290 190
train 0.0043 212 111 491 209
train 0.0043 0 133 19 220
train 0.0039 -27 164 516 268
train 0.0037 98 180 310 212
train 0.0033 0 208 91 264
train 0.0032 -3 131 198 226
train 0.0025 245 190 490 275
train 0.0024 180 123 526 268
train 0.0023 -3 189 285 267
train 0.0022 -1 153 66 239
train 0.0022 275 175 392 219
train 0.0022 252 232 457 276
train 0.0021 7 140 75 168
train 0.0020 473 152 494 177
train 0.0017 -36 173 326 221
train 0.0014 2 209 81 235
train 0.0014 476 158 494 184
train 0.0014 207 217 469 260
train 0.0012 474 155 500 231
train 0.0011 380 128 479 194
train 0.0011 0 151 15 194
train 0.0011 391 133 495 238
train 0.0011 101 140 309 211
train 0.0010 483 160 500 204
