person 0.9973 318 4 494 323
person 0.9713 151 91 332 333
person 0.9614 37 133 184 331
person 0.8706 241 59 418 334
person 0.0386 150 216 215 325
person 0.0125 192 245 217 328
person 0.0099 148 98 217 333
person 0.0047 265 183 367 331
person 0.0045 174 243 224 332
person 0.0040 103 135 227 330
person 0.0036 243 63 331 194
person 0.0026 154 174 242 335
person 0.0024 6 167 102 325
person 0.0023 263 199 300 258
person 0.0021 189 240 209 297
person 0.0021 214 55 348 262
person 0.0020 78 240 202 323
person 0.0019 206 139 351 328
person 0.0018 249 167 313 296
person 0.0014 338 118 448 316
person 0.0013 486 25 500 328
person 0.0013 193 246 239 331
person 0.0011 295 168 438 329
person 0.0011 179 235 310 328
person 0.0010 254 60 331 138
bottle 0.0030 132 242 145 253
bottle 0.0019 163 96 214 173
bottle 0.0015 163 118 170 127
chair 0.0031 284 245 357 325
sofa 0.0011 37 134 184 331
