person 0.9901 98 45 301 306
person 0.0498 0 177 99 297
person 0.0195 0 104 16 180
person 0.0160 0 97 9 171
person 0.0093 0 115 7 150
person 0.0033 387 28 413 46
person 0.0024 0 125 11 194
person 0.0023 0 113 55 173
person 0.0022 0 124 17 220
person 0.0021 0 150 19 317
person 0.0017 0 95 5 134
person 0.0015 -1 110 69 309
person 0.0012 0 154 13 206
person 0.0010 -2 97 106 176
bottle 0.8165 464 238 501 333
bottle 0.1160 80 138 86 162
bottle 0.0625 57 141 71 159
bottle 0.0411 52 142 59 157
bottle 0.0261 64 139 75 161
bottle 0.0161 344 278 401 332
bottle 0.0135 484 239 500 292
bottle 0.0130 80 138 86 152
bottle 0.0115 474 217 500 291
bottle 0.0060 311 173 326 208
bottle 0.0034 52 139 76 161
bottle 0.0032 399 235 484 329
bottle 0.0031 113 281 170 332
bottle 0.0031 485 223 500 274
bottle 0.0029 487 225 500 247
bottle 0.0026 458 189 498 320
bottle 0.0017 94 162 108 178
bottle 0.0017 466 189 500 272
bottle 0.0017 313 189 324 208
bottle 0.0015 463 219 491 297
bottle 0.0014 0 301 8 331
bottle 0.0014 97 170 123 191
bottle 0.0013 68 293 116 331
bottle 0.0012 47 139 63 161
bottle 0.0010 69 311 115 332
chair 0.9517 -2 185 103 313
chair 0.9288 8 154 74 184
chair 0.8330 14 174 113 262
chair 0.3297 0 120 16 192
chair 0.3266 142 126 167 153
chair 0.1953 88 126 165 177
chair 0.0821 0 129 60 186
chair 0.0793 98 153 138 174
chair 0.0447 98 54 302 326
chair 0.0354 77 147 138 176
chair 0.0261 89 156 133 190
chair 0.0233 0 111 10 176
chair 0.0206 126 124 168 158
chair 0.0196 0 241 87 311
chair 0.0152 -7 131 122 289
chair 0.0138 79 143 141 162
chair 0.0132 166 97 184 144
chair 0.0121 57 141 71 159
chair 0.0105 98 145 159 179
chair 0.0104 130 127 150 155
chair 0.0102 98 162 127 181
chair 0.0100 52 142 59 157
chair 0.0084 0 183 13 193
chair 0.0082 0 109 26 178
chair 0.0078 13 146 53 159
chair 0.0075 116 154 140 173
chair 0.0071 8 150 39 173
chair 0.0069 0 115 7 150
chair 0.0064 0 124 17 304
chair 0.0059 0 154 13 206
chair 0.0056 0 179 14 201
chair 0.0053 13 149 329 332
chair 0.0051 466 163 500 237
chair 0.0047 0 129 26 214
chair 0.0045 81 162 99 180
chair 0.0043 16 132 167 188
chair 0.0039 0 172 11 190
chair 0.0038 0 215 66 338
chair 0.0036 0 261 60 324
chair 0.0034 52 139 76 161
chair 0.0033 0 163 72 196
chair 0.0033 2 296 55 331
chair 0.0032 64 139 75 161
chair 0.0030 9 133 74 171
chair 0.0029 94 162 108 178
chair 0.0028 0 182 26 194
chair 0.0027 8 143 38 163
chair 0.0026 0 178 13 222
chair 0.0025 10 147 115 176
chair 0.0025 121 159 134 177
chair 0.0024 -1 110 69 309
chair 0.0024 466 189 500 272
chair 0.0023 68 124 152 163
chair 0.0023 1 177 47 199
chair 0.0022 113 143 144 162
chair 0.0022 156 93 180 145
chair 0.0020 141 119 267 156
chair 0.0019 140 116 299 196
chair 0.0019 78 130 170 216
chair 0.0016 30 147 54 157
chair 0.0015 119 122 200 182
chair 0.0015 0 222 20 323
chair 0.0015 0 270 10 306
chair 0.0014 55 58 435 285
chair 0.0014 149 116 209 155
chair 0.0014 42 79 303 191
chair 0.0014 -2 97 106 176
chair 0.0014 24 110 155 171
chair 0.0013 137 136 165 163
chair 0.0013 6 171 115 191
chair 0.0013 108 155 147 183
chair 0.0013 47 139 63 161
chair 0.0013 0 160 26 202
chair 0.0013 152 119 183 149
chair 0.0013 96 167 124 194
chair 0.0012 134 126 196 155
chair 0.0012 -4 106 188 315
chair 0.0012 162 123 177 143
chair 0.0012 -2 187 89 251
chair 0.0011 169 123 184 142
chair 0.0011 -3 90 272 249
chair 0.0010 -7 252 357 334
chair 0.0010 242 238 272 277
chair 0.0010 466 199 499 241
chair 0.0010 0 171 9 266
chair 0.0010 70 162 93 179
chair 0.0010 297 15 496 254
chair 0.0010 136 86 358 258
chair 0.0010 0 208 9 326
sofa 0.0749 0 120 16 192
sofa 0.0276 0 129 60 186
sofa 0.0063 301 5 498 250
sofa 0.0059 7 150 75 178
sofa 0.0058 10 173 112 260
sofa 0.0033 -1 129 125 193
sofa 0.0029 0 118 16 276
sofa 0.0026 0 111 10 176
sofa 0.0020 0 129 26 214
sofa 0.0017 -1 112 97 279
sofa 0.0014 -2 185 103 313
sofa 0.0013 0 103 25 182
pottedplant 0.0088 311 174 326 207
pottedplant 0.0047 96 167 124 194
pottedplant 0.0035 104 177 118 198
pottedplant 0.0033 99 172 122 205
pottedplant 0.0011 0 78 9 169
diningtable 0.2064 4 252 486 334
diningtable 0.0854 77 147 138 176
diningtable 0.0539 112 278 172 333
diningtable 0.0423 0 277 349 338
diningtable 0.0404 10 173 112 260
diningtable 0.0397 40 145 124 176
diningtable 0.0382 16 132 167 188
diningtable 0.0265 79 143 141 162
diningtable 0.0223 96 167 124 194
diningtable 0.0202 -7 131 122 289
diningtable 0.0166 97 260 187 331
diningtable 0.0162 42 279 224 336
diningtable 0.0157 207 271 301 317
diningtable 0.0148 3 149 130 197
diningtable 0.0143 98 54 302 326
diningtable 0.0140 7 150 75 178
diningtable 0.0138 0 183 13 193
diningtable 0.0126 209 277 269 309
diningtable 0.0121 70 149 92 169
diningtable 0.0119 9 163 488 334
diningtable 0.0114 88 154 134 191
diningtable 0.0112 62 145 102 176
diningtable 0.0094 80 162 100 180
diningtable 0.0094 99 172 122 205
diningtable 0.0090 204 278 448 332
diningtable 0.0088 88 126 165 177
diningtable 0.0079 55 138 86 163
diningtable 0.0075 -4 106 188 315
diningtable 0.0074 78 138 87 163
diningtable 0.0066 136 280 313 332
diningtable 0.0065 104 177 118 198
diningtable 0.0061 0 118 16 276
diningtable 0.0059 75 151 105 171
diningtable 0.0055 61 152 85 166
diningtable 0.0054 0 179 14 201
diningtable 0.0054 -2 185 103 313
diningtable 0.0052 21 208 302 335
diningtable 0.0045 54 141 129 166
diningtable 0.0041 310 281 429 333
diningtable 0.0039 64 139 75 161
diningtable 0.0037 295 273 367 311
diningtable 0.0032 92 164 129 212
diningtable 0.0031 281 290 350 330
diningtable 0.0031 68 137 94 165
diningtable 0.0030 0 178 13 222
diningtable 0.0028 -1 122 65 267
diningtable 0.0028 61 139 151 213
diningtable 0.0028 2 130 63 174
diningtable 0.0027 79 156 124 182
diningtable 0.0025 98 153 138 174
diningtable 0.0024 0 172 11 190
diningtable 0.0024 0 182 26 194
diningtable 0.0023 0 125 11 194
diningtable 0.0023 7 158 158 227
diningtable 0.0023 282 267 384 326
diningtable 0.0023 55 140 72 160
diningtable 0.0023 13 146 53 159
diningtable 0.0023 98 162 127 181
diningtable 0.0018 0 154 13 206
diningtable 0.0017 315 240 490 333
diningtable 0.0016 60 159 106 181
diningtable 0.0015 73 132 149 158
diningtable 0.0014 -6 129 89 188
diningtable 0.0014 -4 117 179 170
diningtable 0.0014 1 177 47 199
diningtable 0.0013 173 211 345 331
diningtable 0.0013 95 175 110 187
diningtable 0.0012 131 286 193 332
diningtable 0.0012 160 266 491 351
diningtable 0.0011 0 115 7 150
diningtable 0.0011 77 297 207 350
diningtable 0.0011 52 284 151 333
diningtable 0.0010 6 171 115 191
