person 0.0011 483 189 500 358
bottle 0.0017 485 255 500 322
bottle 0.0013 486 283 500 315
bottle 0.0010 41 245 90 298
chair 0.0681 -1 230 124 373
chair 0.0240 478 161 500 304
chair 0.0133 315 314 422 375
chair 0.0108 483 189 500 358
chair 0.0073 -1 228 58 374
chair 0.0055 2 185 186 365
chair 0.0051 485 231 500 327
chair 0.0042 488 188 500 311
chair 0.0037 486 281 500 316
chair 0.0036 481 282 500 375
chair 0.0035 60 262 189 369
chair 0.0026 0 218 59 291
chair 0.0023 313 239 500 370
chair 0.0018 41 245 90 298
chair 0.0017 451 156 500 306
chair 0.0017 481 144 500 217
chair 0.0016 476 223 499 313
chair 0.0014 2 95 110 364
chair 0.0013 24 232 107 313
chair 0.0012 489 236 500 302
chair 0.0012 490 163 500 202
chair 0.0012 320 302 499 372
chair 0.0011 0 331 54 372
sofa 0.9548 21 113 481 280
sofa 0.0173 0 232 188 372
sofa 0.0060 -1 198 119 349
sofa 0.0041 483 189 500 358
sofa 0.0029 315 314 422 375
sofa 0.0027 12 247 479 370
sofa 0.0018 0 211 57 330
pottedplant 0.0099 481 282 500 375
pottedplant 0.0016 490 163 500 202
pottedplant 0.0012 483 189 500 358
diningtable 0.1261 0 232 188 372
diningtable 0.0133 318 318 496 370
diningtable 0.0116 6 189 122 361
diningtable 0.0110 478 161 500 304
diningtable 0.0078 24 232 107 313
diningtable 0.0066 452 154 499 299
diningtable 0.0047 41 245 90 298
diningtable 0.0047 448 158 500 203
diningtable 0.0030 -1 228 58 374
diningtable 0.0028 0 280 123 374
diningtable 0.0019 314 239 501 369
diningtable 0.0019 56 255 144 332
diningtable 0.0014 12 247 479 370
diningtable 0.0013 483 189 500 358
diningtable 0.0010 481 144 500 217
