person 0.9841 59 174 229 369
person 0.0134 103 256 185 371
person 0.0081 45 184 58 203
person 0.0028 39 144 50 149
person 0.0018 47 190 60 208
person 0.0012 335 222 343 236
person 0.0010 270 277 333 332
person 0.0010 0 38 20 314
bicycle 0.0021 312 228 447 311
car 0.0428 318 231 442 315
car 0.0017 487 240 499 261
car 0.0014 322 238 435 282
car 0.0012 480 242 496 260
car 0.0012 318 229 348 317
boat 0.2198 39 144 50 149
boat 0.0510 240 270 338 335
boat 0.0444 312 228 447 311
boat 0.0285 77 178 237 365
boat 0.0216 38 145 51 156
boat 0.0158 -3 171 523 357
boat 0.0136 37 301 233 371
boat 0.0093 328 180 436 254
boat 0.0069 52 252 464 358
boat 0.0060 45 184 58 203
boat 0.0050 0 15 61 291
boat 0.0042 278 243 464 343
boat 0.0038 -16 61 525 320
boat 0.0037 103 256 185 371
boat 0.0036 44 144 56 148
boat 0.0033 35 144 52 161
boat 0.0033 69 298 438 374
boat 0.0031 47 190 60 208
boat 0.0029 88 143 95 150
boat 0.0023 164 297 239 374
boat 0.0016 35 140 53 151
boat 0.0015 179 187 481 340
boat 0.0014 145 260 266 369
boat 0.0013 36 148 49 174
boat 0.0012 90 147 96 154
boat 0.0012 236 203 413 328
boat 0.0010 -2 274 105 365
boat 0.0010 30 140 41 150
bird 0.0011 335 222 343 236
cat 0.0048 272 277 331 332
cat 0.0017 348 302 444 375
dog 0.9911 343 304 443 375
dog 0.3602 240 270 338 335
dog 0.0807 274 272 329 329
dog 0.0041 132 244 440 362
dog 0.0029 320 251 347 328
dog 0.0020 253 273 313 308
dog 0.0018 275 284 286 297
dog 0.0017 247 268 279 331
dog 0.0015 274 284 290 308
dog 0.0015 290 266 351 330
dog 0.0014 273 288 291 326
dog 0.0011 343 311 397 375
dog 0.0010 -8 178 567 351
horse 0.0013 249 268 337 333
sheep 0.0027 250 275 336 334
cow 0.0039 254 275 335 335
bottle 0.0607 49 251 57 281
bottle 0.0040 58 265 71 278
bottle 0.0035 64 267 76 276
bottle 0.0031 44 250 62 281
chair 0.5425 119 254 177 372
chair 0.4508 212 294 241 374
chair 0.2912 438 257 500 372
chair 0.2462 312 228 447 311
chair 0.1329 158 297 243 373
chair 0.0867 37 301 233 371
chair 0.0737 60 198 229 386
chair 0.0307 117 297 164 373
chair 0.0285 0 235 23 279
chair 0.0264 98 229 123 307
chair 0.0231 318 229 348 317
chair 0.0217 215 296 240 337
chair 0.0200 166 310 225 362
chair 0.0186 28 253 190 374
chair 0.0172 240 270 338 335
chair 0.0126 71 287 176 372
chair 0.0123 135 261 229 367
chair 0.0105 69 232 130 305
chair 0.0103 0 234 57 279
chair 0.0086 107 230 130 310
chair 0.0083 190 307 241 378
chair 0.0073 278 243 464 343
chair 0.0069 0 232 15 270
chair 0.0062 55 247 117 298
chair 0.0061 69 331 95 370
chair 0.0061 82 222 165 372
chair 0.0061 436 152 499 366
chair 0.0049 317 253 328 306
chair 0.0046 92 319 200 372
chair 0.0041 80 236 120 284
chair 0.0039 82 326 96 369
chair 0.0038 158 330 207 372
chair 0.0036 78 254 123 302
chair 0.0036 104 237 117 301
chair 0.0034 362 239 419 264
chair 0.0033 115 227 207 363
chair 0.0030 -1 225 94 283
chair 0.0030 365 264 421 315
chair 0.0030 225 295 245 323
chair 0.0030 -2 274 105 365
chair 0.0025 337 184 438 287
chair 0.0025 78 264 101 275
chair 0.0024 67 265 95 276
chair 0.0024 246 271 282 328
chair 0.0022 64 267 76 276
chair 0.0021 163 323 212 352
chair 0.0021 0 251 8 283
chair 0.0021 52 252 464 358
chair 0.0020 0 191 21 283
chair 0.0020 47 281 124 374
chair 0.0020 57 328 108 371
chair 0.0020 376 231 497 374
chair 0.0019 53 324 161 372
chair 0.0019 48 333 93 368
chair 0.0019 59 260 105 279
chair 0.0019 274 272 329 329
chair 0.0018 215 331 237 375
chair 0.0017 100 276 117 303
chair 0.0017 91 277 114 302
chair 0.0017 160 334 193 352
chair 0.0017 0 220 10 260
chair 0.0017 370 240 387 262
chair 0.0016 69 298 438 374
chair 0.0016 103 231 117 268
chair 0.0015 12 240 32 276
chair 0.0014 93 241 112 276
chair 0.0014 -2 166 65 307
chair 0.0013 63 256 78 267
chair 0.0013 286 223 346 331
chair 0.0013 58 249 107 273
chair 0.0012 487 240 499 261
chair 0.0012 56 204 119 310
chair 0.0011 310 250 335 322
chair 0.0011 194 328 218 363
chair 0.0011 -3 171 523 357
chair 0.0011 322 238 435 282
chair 0.0010 88 262 115 297
chair 0.0010 -1 327 34 372
chair 0.0010 0 240 12 293
chair 0.0010 253 273 313 308
chair 0.0010 0 359 34 374
chair 0.0010 61 262 79 279
sofa 0.1781 438 256 500 373
sofa 0.0052 241 268 329 330
sofa 0.0033 317 223 456 314
sofa 0.0025 435 151 499 378
pottedplant 0.3128 330 184 434 217
pottedplant 0.0709 331 181 443 245
pottedplant 0.0178 333 181 411 207
pottedplant 0.0074 339 183 379 203
pottedplant 0.0053 358 185 400 203
pottedplant 0.0046 383 187 436 213
pottedplant 0.0045 363 190 395 210
pottedplant 0.0037 365 184 431 205
pottedplant 0.0037 361 188 436 229
pottedplant 0.0035 413 189 427 201
pottedplant 0.0028 363 197 395 225
pottedplant 0.0026 317 223 456 314
pottedplant 0.0024 391 186 427 203
pottedplant 0.0017 350 200 410 237
pottedplant 0.0016 328 184 396 234
pottedplant 0.0014 361 205 399 233
pottedplant 0.0014 47 190 60 208
pottedplant 0.0013 332 185 371 213
pottedplant 0.0012 437 260 499 372
pottedplant 0.0012 401 189 434 208
diningtable 0.8657 -1 280 103 371
diningtable 0.0198 160 334 193 352
diningtable 0.0105 60 198 229 386
diningtable 0.0080 326 231 448 314
diningtable 0.0038 156 328 218 359
diningtable 0.0036 -4 212 113 318
diningtable 0.0024 23 277 147 375
diningtable 0.0024 52 276 91 303
diningtable 0.0022 437 260 499 372
diningtable 0.0022 37 301 233 371
diningtable 0.0017 96 321 234 373
diningtable 0.0014 103 256 185 371
diningtable 0.0013 119 287 171 373
diningtable 0.0013 158 336 197 373
diningtable 0.0010 0 282 31 374
