person 0.1585 338 197 406 236
person 0.0084 368 201 391 227
person 0.0065 354 202 388 225
person 0.0042 376 198 399 229
person 0.0031 343 204 377 224
person 0.0029 341 205 361 224
person 0.0029 369 197 392 213
person 0.0023 378 197 396 212
person 0.0020 364 193 396 218
person 0.0018 324 217 339 232
person 0.0017 361 199 382 213
person 0.0013 319 217 328 230
person 0.0012 37 233 47 253
person 0.0012 347 191 395 223
bicycle 0.0211 324 217 339 232
bicycle 0.0046 340 204 412 239
bicycle 0.0036 319 217 328 230
bicycle 0.0013 324 225 339 234
bicycle 0.0010 387 214 410 235
car 0.0020 337 202 408 240
motorbike 0.9398 340 201 409 239
motorbike 0.0450 324 217 339 232
motorbike 0.0074 334 208 371 237
motorbike 0.0065 327 211 354 233
motorbike 0.0061 371 204 407 235
motorbike 0.0039 368 201 391 227
motorbike 0.0038 354 202 388 225
motorbike 0.0036 360 211 398 236
motorbike 0.0035 387 214 410 235
motorbike 0.0034 337 217 408 242
motorbike 0.0033 324 225 339 234
motorbike 0.0021 343 204 377 224
motorbike 0.0018 319 217 328 230
motorbike 0.0017 341 205 361 224
motorbike 0.0017 376 198 399 229
motorbike 0.0010 320 206 358 237
bird 0.0011 37 233 47 253
chair 0.6479 119 202 156 266
