bicycle 0.0012 21 218 50 253
bird 0.0012 0 219 12 236
cat 0.9842 173 57 257 103
cat 0.0025 146 30 305 236
cat 0.0022 172 60 209 98
cat 0.0015 118 47 273 135
cat 0.0014 175 79 204 98
dog 0.0029 167 57 260 102
bottle 0.0660 233 156 266 212
bottle 0.0564 202 400 220 433
bottle 0.0042 206 401 230 435
bottle 0.0032 202 411 226 440
bottle 0.0031 262 437 279 460
bottle 0.0027 250 403 266 428
bottle 0.0025 212 398 227 416
bottle 0.0023 234 308 259 356
bottle 0.0021 231 395 249 420
bottle 0.0017 200 403 210 430
bottle 0.0017 247 260 266 286
bottle 0.0015 -2 48 286 292
bottle 0.0014 201 160 218 213
bottle 0.0014 218 159 239 212
bottle 0.0011 145 157 291 440
bottle 0.0010 220 236 238 290
chair 0.3847 6 282 167 502
chair 0.2601 9 278 83 478
chair 0.1795 32 447 182 501
chair 0.0044 -1 463 79 501
chair 0.0034 5 298 48 486
chair 0.0030 -8 453 131 500
chair 0.0023 12 391 186 503
sofa 0.0168 -1 451 174 500
sofa 0.0022 6 282 167 502
sofa 0.0010 8 280 83 477
pottedplant 0.0024 167 57 260 102
pottedplant 0.0023 262 437 280 461
diningtable 0.0215 -1 451 174 500
