person 0.9692 341 3 367 83
person 0.8920 282 119 308 142
person 0.7885 281 0 310 44
person 0.7319 327 -2 352 48
person 0.0579 328 -11 354 85
person 0.0553 254 121 273 140
person 0.0238 3 -2 495 105
person 0.0189 326 -1 341 40
person 0.0135 297 0 312 13
person 0.0122 328 0 352 20
person 0.0119 281 0 292 37
person 0.0111 322 126 339 142
person 0.0099 178 107 443 206
person 0.0098 336 3 365 47
person 0.0078 309 122 336 142
person 0.0076 1 -5 496 48
person 0.0073 336 134 351 144
person 0.0059 290 117 310 135
person 0.0058 298 120 326 142
person 0.0055 281 0 304 15
person 0.0054 1 -26 483 347
person 0.0050 320 -1 500 92
person 0.0050 279 0 291 14
person 0.0044 471 0 484 3
person 0.0043 292 -1 313 18
person 0.0042 326 0 338 15
person 0.0042 491 -1 499 3
person 0.0040 477 0 496 3
person 0.0037 278 124 292 141
person 0.0036 258 119 286 141
person 0.0035 262 1 284 11
person 0.0031 354 1 400 8
person 0.0029 331 21 349 50
person 0.0026 115 12 127 17
person 0.0024 236 123 257 139
person 0.0024 277 0 296 46
person 0.0023 353 14 367 39
person 0.0020 435 0 456 3
person 0.0019 92 12 104 18
person 0.0018 349 15 367 59
person 0.0017 426 0 449 3
person 0.0017 243 0 324 43
person 0.0016 333 130 350 142
person 0.0015 335 1 364 15
person 0.0015 434 1 456 6
person 0.0015 349 33 367 78
person 0.0014 455 285 500 332
person 0.0014 376 1 402 7
person 0.0013 299 1 320 34
person 0.0013 291 0 342 44
person 0.0013 323 -4 344 77
person 0.0013 159 1 176 15
person 0.0013 366 -5 497 47
person 0.0011 302 0 323 11
person 0.0011 387 1 412 7
person 0.0011 419 0 437 3
person 0.0011 252 -6 491 50
person 0.0010 342 14 362 60
person 0.0010 -24 3 316 75
bicycle 0.0010 289 1 311 46
car 0.9980 177 109 423 204
car 0.0565 41 0 87 20
car 0.0228 217 0 259 12
car 0.0159 -1 0 45 21
car 0.0152 136 0 176 16
car 0.0086 354 1 400 8
car 0.0082 455 285 500 332
car 0.0082 85 0 134 18
car 0.0064 41 0 133 19
car 0.0064 176 0 218 14
car 0.0051 302 0 323 11
car 0.0040 491 -1 499 3
car 0.0038 312 1 327 10
car 0.0028 -3 -2 92 21
car 0.0028 14 26 475 290
car 0.0025 454 210 500 340
car 0.0021 477 0 496 3
car 0.0015 282 114 315 147
car 0.0013 464 254 501 330
car 0.0012 471 0 484 3
car 0.0011 297 0 312 13
car 0.0010 354 0 400 5
bus 0.0025 -1 0 45 21
bus 0.0022 42 0 87 20
