person 0.9293 250 -1 406 352
person 0.6661 128 123 273 374
person 0.0077 243 33 389 207
person 0.0049 256 4 385 91
person 0.0034 67 101 340 340
person 0.0028 210 85 427 301
person 0.0017 480 89 500 150
person 0.0015 265 69 362 140
person 0.0012 276 99 345 132
person 0.0010 236 14 355 129
bottle 0.0099 485 55 499 77
bottle 0.0061 480 89 500 150
bottle 0.0050 461 44 474 69
bottle 0.0033 451 106 487 142
bottle 0.0018 475 127 498 157
bottle 0.0016 487 64 499 84
bottle 0.0013 272 158 291 191
bottle 0.0010 467 6 482 27
chair 0.9440 349 143 483 361
chair 0.8421 50 227 185 373
chair 0.8421 441 161 500 379
chair 0.7856 365 124 425 224
chair 0.6005 51 111 120 244
chair 0.4738 47 150 86 243
chair 0.0973 368 146 456 239
chair 0.0602 49 115 94 201
chair 0.0430 166 319 266 374
chair 0.0274 76 243 279 372
chair 0.0203 223 326 268 374
chair 0.0162 69 109 99 182
chair 0.0162 404 147 475 240
chair 0.0155 350 228 446 364
chair 0.0147 396 130 439 235
chair 0.0135 386 123 427 202
chair 0.0103 468 168 499 374
chair 0.0098 47 154 63 231
chair 0.0090 376 122 404 189
chair 0.0081 406 143 449 221
chair 0.0065 103 144 264 366
chair 0.0065 450 229 500 349
chair 0.0052 342 114 467 261
chair 0.0049 50 114 144 337
chair 0.0045 445 124 500 271
chair 0.0043 476 155 500 274
chair 0.0038 54 104 116 186
chair 0.0037 292 62 429 295
chair 0.0037 351 142 433 282
chair 0.0037 82 179 117 209
chair 0.0037 477 287 500 373
chair 0.0034 50 223 119 375
chair 0.0029 173 255 267 374
chair 0.0028 19 103 104 341
chair 0.0025 60 309 270 371
chair 0.0023 67 127 197 237
chair 0.0022 417 124 488 305
chair 0.0021 475 127 498 157
chair 0.0018 382 154 484 273
chair 0.0016 355 125 404 198
chair 0.0014 491 165 500 258
chair 0.0014 63 154 118 229
chair 0.0014 381 122 400 170
chair 0.0013 112 116 335 324
chair 0.0013 488 116 500 229
chair 0.0011 52 113 90 156
chair 0.0011 76 167 174 224
chair 0.0011 406 110 458 208
chair 0.0011 33 87 162 231
chair 0.0011 489 255 499 377
chair 0.0011 60 124 102 220
chair 0.0011 75 103 86 127
chair 0.0010 471 119 499 246
chair 0.0010 -3 61 120 240
chair 0.0010 384 102 436 181
sofa 0.0010 441 156 500 375
pottedplant 0.5629 411 75 464 135
pottedplant 0.1406 414 79 489 148
pottedplant 0.1361 480 89 500 150
pottedplant 0.1289 451 106 487 142
pottedplant 0.0203 485 83 501 131
pottedplant 0.0058 416 90 458 155
pottedplant 0.0041 482 31 500 136
pottedplant 0.0039 449 88 499 143
pottedplant 0.0035 405 55 493 239
pottedplant 0.0022 434 104 458 128
pottedplant 0.0022 427 106 465 142
pottedplant 0.0020 471 44 500 162
pottedplant 0.0018 475 118 500 159
pottedplant 0.0013 403 86 470 186
pottedplant 0.0010 404 147 475 240
pottedplant 0.0010 444 97 468 131
diningtable 0.6614 111 105 310 374
diningtable 0.3310 81 118 347 246
diningtable 0.0138 206 171 350 370
diningtable 0.0123 359 145 494 367
diningtable 0.0077 127 146 314 285
diningtable 0.0048 250 -4 403 328
diningtable 0.0047 122 112 282 210
diningtable 0.0038 223 160 338 231
diningtable 0.0026 177 141 300 216
diningtable 0.0024 215 167 307 218
diningtable 0.0021 121 158 194 203
diningtable 0.0019 141 121 262 164
diningtable 0.0019 177 83 410 280
diningtable 0.0018 270 157 291 199
diningtable 0.0015 219 131 344 298
diningtable 0.0015 135 164 177 199
diningtable 0.0013 440 110 500 363
diningtable 0.0013 446 241 501 374
diningtable 0.0013 226 152 294 207
diningtable 0.0013 178 65 474 384
diningtable 0.0013 119 230 284 369
diningtable 0.0011 95 94 232 225
diningtable 0.0010 103 202 381 380
diningtable 0.0010 292 62 429 295
