person 0.0100 0 27 20 284
person 0.0014 400 0 491 53
bicycle 0.9824 15 3 494 324
bicycle 0.0044 0 123 50 293
bicycle 0.0032 0 0 110 307
bicycle 0.0028 0 103 21 286
bicycle 0.0017 1 171 91 300
bicycle 0.0013 0 180 26 284
bicycle 0.0012 1 64 212 327
bicycle 0.0010 118 110 446 294
car 0.0131 402 0 488 52
train 0.0028 1 -3 504 290
bottle 0.0381 169 276 184 309
bottle 0.0204 173 269 200 309
bottle 0.0111 159 2 199 46
bottle 0.0039 187 276 201 310
bottle 0.0032 180 267 194 289
bottle 0.0031 250 183 281 238
bottle 0.0031 487 0 500 53
bottle 0.0031 370 93 384 137
bottle 0.0030 176 6 198 45
bottle 0.0024 177 261 197 296
bottle 0.0020 157 22 197 47
bottle 0.0019 145 194 174 238
bottle 0.0017 180 1 198 33
bottle 0.0015 155 25 179 46
bottle 0.0015 164 12 192 43
bottle 0.0013 206 0 236 44
bottle 0.0012 51 148 57 174
bottle 0.0011 317 110 325 118
chair 0.0142 0 63 20 290
chair 0.0087 55 7 493 326
chair 0.0037 395 90 500 163
chair 0.0036 389 101 501 233
chair 0.0014 482 179 500 252
chair 0.0013 277 82 307 120
chair 0.0012 440 92 500 243
chair 0.0011 0 97 49 292
sofa 0.0276 16 62 495 326
sofa 0.0028 0 63 20 290
sofa 0.0015 201 121 452 287
pottedplant 0.0010 389 0 488 51
diningtable 0.0057 389 101 501 233
diningtable 0.0049 397 126 501 190
diningtable 0.0029 -4 -5 509 291
diningtable 0.0027 399 98 501 171
diningtable 0.0021 0 63 20 290
diningtable 0.0012 396 144 499 163
diningtable 0.0011 445 133 499 217
tvmonitor 0.0518 387 0 495 53
tvmonitor 0.0049 482 179 500 252
tvmonitor 0.0023 487 0 500 53
