person 0.9839 220 120 299 377
person 0.7200 422 192 504 339
person 0.1075 444 98 499 146
person 0.0966 85 142 95 164
person 0.0773 371 206 500 372
person 0.0267 36 155 50 171
person 0.0236 441 52 500 323
person 0.0126 50 173 62 189
person 0.0121 474 101 500 149
person 0.0059 444 51 501 170
person 0.0040 447 109 466 138
person 0.0039 451 114 477 154
person 0.0031 435 214 497 405
person 0.0030 93 146 103 166
person 0.0027 38 186 50 215
person 0.0025 456 301 481 374
person 0.0025 484 101 500 130
person 0.0024 477 235 500 355
person 0.0023 64 144 75 161
person 0.0020 46 189 58 211
person 0.0020 415 136 500 304
person 0.0018 441 275 496 356
person 0.0016 474 64 500 292
person 0.0016 451 111 479 135
person 0.0015 483 115 501 153
person 0.0014 475 59 500 148
person 0.0014 86 142 92 151
person 0.0014 474 105 500 126
person 0.0014 485 132 500 152
person 0.0013 125 120 372 391
person 0.0013 57 144 70 162
person 0.0013 447 108 464 126
person 0.0012 35 145 49 164
person 0.0012 395 37 501 345
person 0.0012 480 153 500 319
person 0.0011 479 304 500 368
person 0.0010 492 183 500 316
person 0.0010 471 177 501 406
cat 0.0021 444 98 499 146
dog 0.0025 444 98 499 146
bottle 0.9721 456 301 481 374
bottle 0.6610 429 313 450 374
bottle 0.1381 99 245 107 271
bottle 0.0869 492 334 500 374
bottle 0.0630 105 244 114 270
bottle 0.0607 477 329 496 366
bottle 0.0455 469 302 482 332
bottle 0.0362 425 298 466 376
bottle 0.0309 397 341 415 375
bottle 0.0285 449 112 466 156
bottle 0.0236 464 301 483 352
bottle 0.0236 456 302 478 332
bottle 0.0205 447 308 461 366
bottle 0.0187 479 304 500 368
bottle 0.0175 430 312 448 340
bottle 0.0172 488 325 500 370
bottle 0.0135 430 306 447 327
bottle 0.0111 436 311 455 363
bottle 0.0105 121 269 135 292
bottle 0.0085 474 325 483 367
bottle 0.0071 494 354 500 374
bottle 0.0071 451 303 464 330
bottle 0.0066 444 117 451 153
bottle 0.0062 456 333 477 376
bottle 0.0060 469 316 483 373
bottle 0.0054 474 357 484 374
bottle 0.0054 489 300 500 316
bottle 0.0051 453 119 474 151
bottle 0.0046 380 280 491 385
bottle 0.0045 397 331 416 364
bottle 0.0043 457 302 473 315
bottle 0.0036 482 309 501 329
bottle 0.0034 368 262 386 313
bottle 0.0030 444 300 468 334
bottle 0.0030 445 280 490 351
bottle 0.0029 485 132 500 152
bottle 0.0028 458 130 472 153
bottle 0.0027 97 260 105 274
bottle 0.0027 448 334 459 372
bottle 0.0024 468 300 482 317
bottle 0.0024 456 355 478 374
bottle 0.0024 439 299 453 314
bottle 0.0023 436 303 456 329
bottle 0.0020 449 301 466 317
bottle 0.0018 450 296 481 320
bottle 0.0018 485 294 500 323
bottle 0.0017 434 332 455 374
bottle 0.0017 366 262 387 366
bottle 0.0016 477 356 494 375
bottle 0.0016 361 209 476 370
bottle 0.0016 448 110 465 136
bottle 0.0015 102 237 118 267
bottle 0.0015 110 244 126 271
bottle 0.0014 432 303 444 316
bottle 0.0013 395 333 408 362
bottle 0.0013 444 98 499 146
bottle 0.0012 441 293 473 322
bottle 0.0011 468 286 483 308
bottle 0.0011 121 261 134 281
bottle 0.0011 468 135 481 149
bottle 0.0010 475 113 499 153
bottle 0.0010 462 296 488 322
bottle 0.0010 445 99 470 147
bottle 0.0010 443 302 496 386
chair 0.9582 113 262 213 375
chair 0.4696 0 248 65 372
chair 0.1917 364 210 473 369
chair 0.0808 0 324 65 376
chair 0.0421 400 205 503 328
chair 0.0182 22 275 41 295
chair 0.0144 -1 286 101 372
chair 0.0114 0 265 14 332
chair 0.0070 0 255 20 368
chair 0.0052 47 267 202 369
chair 0.0048 -1 177 88 373
chair 0.0046 380 280 491 385
chair 0.0041 425 300 453 377
chair 0.0032 126 275 194 338
chair 0.0030 0 275 10 375
chair 0.0030 0 273 13 305
chair 0.0025 77 248 218 343
chair 0.0024 367 253 386 362
chair 0.0023 396 338 421 374
chair 0.0019 1 270 46 349
chair 0.0017 426 184 500 394
chair 0.0016 415 296 476 377
chair 0.0015 1 250 129 337
chair 0.0014 64 349 104 376
chair 0.0014 146 262 213 330
chair 0.0014 8 270 174 321
chair 0.0013 -1 311 66 432
chair 0.0013 367 304 459 363
chair 0.0012 0 229 24 327
chair 0.0012 368 262 387 313
chair 0.0012 370 331 390 373
chair 0.0011 7 271 42 302
chair 0.0010 177 270 218 355
chair 0.0010 111 227 186 278
sofa 0.5725 365 203 499 374
sofa 0.1672 0 282 65 375
sofa 0.0171 0 335 65 376
sofa 0.0116 418 189 500 328
sofa 0.0030 380 280 491 385
sofa 0.0024 0 167 65 373
sofa 0.0023 -1 311 66 432
sofa 0.0019 -3 317 92 379
sofa 0.0014 0 255 20 368
sofa 0.0011 425 300 453 377
pottedplant 0.0042 482 309 501 329
pottedplant 0.0033 477 281 501 345
pottedplant 0.0012 479 304 500 368
diningtable 0.1862 3 265 192 365
diningtable 0.0961 426 311 452 376
diningtable 0.0774 376 300 499 377
diningtable 0.0275 415 296 476 377
diningtable 0.0208 8 270 174 321
diningtable 0.0148 78 269 209 378
diningtable 0.0087 0 335 65 376
diningtable 0.0049 361 336 510 396
diningtable 0.0048 390 204 505 420
diningtable 0.0036 455 307 482 378
diningtable 0.0034 -2 228 202 311
diningtable 0.0025 396 338 421 374
diningtable 0.0018 0 283 64 374
diningtable 0.0015 101 233 194 286
diningtable 0.0015 58 244 196 306
diningtable 0.0015 479 304 500 368
diningtable 0.0012 249 296 492 376
diningtable 0.0010 402 360 450 374
diningtable 0.0010 80 246 339 376
tvmonitor 0.0178 111 234 186 283
tvmonitor 0.0031 22 275 41 295
tvmonitor 0.0016 444 98 499 146
