person 0.0022 75 132 89 140
car 0.0061 46 134 129 261
car 0.0046 344 119 358 126
car 0.0040 347 135 376 151
car 0.0033 75 132 89 140
car 0.0028 313 138 333 153
car 0.0026 346 118 376 151
car 0.0025 58 135 116 208
car 0.0024 296 137 312 155
car 0.0024 307 135 375 152
car 0.0019 295 123 377 152
car 0.0018 350 109 368 124
car 0.0017 296 137 329 154
car 0.0011 312 136 347 153
car 0.0010 349 116 368 129
aeroplane 0.0036 46 134 129 261
train 0.0016 46 134 129 261
bird 0.0012 75 132 89 140
cat 0.0022 364 165 462 290
dog 0.9295 365 161 460 284
dog 0.0053 315 155 481 308
dog 0.0029 296 137 312 155
sheep 0.0036 296 137 312 155
sheep 0.0013 313 138 333 153
chair 0.0200 240 256 500 373
chair 0.0013 363 165 463 290
sofa 0.3658 248 256 493 375
sofa 0.0073 236 152 498 378
sofa 0.0031 363 165 463 290
sofa 0.0024 384 245 500 377
sofa 0.0022 279 227 473 326
sofa 0.0021 239 280 393 373
sofa 0.0016 315 155 481 308
sofa 0.0011 363 163 500 384
tvmonitor 0.0014 46 136 131 257
