person 0.8985 134 -4 267 206
person 0.5943 283 0 462 91
person 0.0715 258 0 304 48
person 0.0586 379 0 483 88
person 0.0361 297 0 384 36
person 0.0128 0 162 14 262
person 0.0121 0 49 17 268
person 0.0086 243 -2 306 83
person 0.0072 353 5 445 89
person 0.0056 289 0 418 51
person 0.0051 0 12 25 232
person 0.0050 225 3 346 75
person 0.0041 251 0 390 92
person 0.0037 477 -1 500 58
person 0.0032 259 0 288 38
person 0.0031 491 0 500 58
person 0.0029 0 154 15 355
person 0.0027 127 0 285 69
person 0.0027 204 -1 320 132
person 0.0025 271 0 333 39
person 0.0025 174 37 306 163
person 0.0021 333 11 425 45
person 0.0020 450 0 500 61
person 0.0018 275 1 307 36
person 0.0018 494 12 500 66
person 0.0016 0 70 9 237
person 0.0014 99 -2 392 216
person 0.0013 129 0 264 41
person 0.0011 368 0 458 60
person 0.0011 124 -1 169 38
person 0.0010 0 135 21 271
person 0.0010 86 42 168 167
cat 0.0135 0 165 15 263
cat 0.0047 0 84 15 269
cat 0.0010 0 154 15 355
dog 0.9871 129 14 339 373
dog 0.0384 0 165 15 263
dog 0.0189 0 84 15 269
dog 0.0082 0 154 15 355
dog 0.0012 0 131 24 300
cow 0.0012 135 32 339 365
bottle 0.0506 493 34 500 79
bottle 0.0029 494 12 500 66
bottle 0.0028 126 0 169 23
bottle 0.0013 464 44 500 272
chair 0.0142 318 67 478 308
chair 0.0085 261 2 403 80
chair 0.0032 491 0 500 58
chair 0.0030 477 -1 500 58
chair 0.0019 352 0 459 91
chair 0.0016 293 0 383 39
chair 0.0015 456 40 499 276
chair 0.0012 494 12 500 66
chair 0.0011 450 0 500 73
chair 0.0010 133 -4 272 175
sofa 0.0036 457 41 498 276
sofa 0.0013 352 0 459 91
pottedplant 0.0997 457 41 498 276
pottedplant 0.0072 403 6 499 289
pottedplant 0.0031 464 -14 501 221
pottedplant 0.0021 482 0 500 76
pottedplant 0.0015 447 -3 500 154
pottedplant 0.0013 449 0 499 78
pottedplant 0.0012 493 24 499 128
pottedplant 0.0011 493 34 500 79
pottedplant 0.0010 420 71 493 243
diningtable 0.0050 318 67 477 307
