person 0.8383 187 20 339 337
person 0.6881 137 -5 370 175
person 0.0223 272 139 386 237
person 0.0147 0 50 88 233
person 0.0108 186 47 332 190
person 0.0099 254 112 381 316
person 0.0098 0 30 17 97
person 0.0073 0 23 52 371
person 0.0050 0 156 32 243
person 0.0043 0 40 62 88
person 0.0040 0 26 25 212
person 0.0035 0 50 12 100
person 0.0030 0 -1 55 210
person 0.0027 -1 83 36 311
person 0.0018 0 146 26 325
person 0.0017 0 43 11 147
person 0.0014 0 17 24 77
person 0.0010 0 25 12 71
bicycle 0.3697 171 146 396 372
bicycle 0.0188 181 216 333 371
bicycle 0.0035 264 250 384 358
bicycle 0.0020 423 153 453 213
bicycle 0.0015 219 194 297 357
bicycle 0.0010 213 291 356 370
motorbike 0.0214 170 145 397 373
motorbike 0.0013 181 216 333 371
bird 0.0013 302 156 323 172
cat 0.0016 272 139 386 237
dog 0.0113 272 139 386 237
dog 0.0033 188 25 362 346
horse 0.0017 188 126 400 384
bottle 0.0030 60 300 112 371
chair 0.0216 170 145 397 373
chair 0.0099 -1 54 89 226
chair 0.0071 0 156 32 243
chair 0.0064 4 45 61 89
chair 0.0038 0 153 22 359
chair 0.0027 0 23 52 371
chair 0.0023 0 74 29 282
chair 0.0019 328 175 420 295
chair 0.0014 20 52 65 78
chair 0.0013 0 30 17 97
chair 0.0012 0 161 9 281
chair 0.0011 188 22 362 347
chair 0.0011 184 166 294 353
chair 0.0010 302 256 379 340
diningtable 0.0030 0 50 88 233
diningtable 0.0029 0 156 32 243
diningtable 0.0014 0 153 22 359
diningtable 0.0012 0 53 30 225
diningtable 0.0011 -1 48 54 330
diningtable 0.0011 149 100 369 373
