person 0.0013 244 4 326 161
bottle 0.8903 192 241 281 294
bottle 0.0362 113 254 162 295
bottle 0.0129 240 249 288 290
bottle 0.0053 112 251 132 292
bottle 0.0027 177 260 226 292
bottle 0.0025 185 246 318 354
bottle 0.0025 254 250 278 291
bottle 0.0024 262 241 304 277
bottle 0.0015 180 252 251 302
bottle 0.0011 60 -19 440 384
bottle 0.0011 446 329 500 375
chair 0.1426 165 6 259 215
chair 0.0410 446 329 500 375
chair 0.0084 161 3 249 126
chair 0.0072 447 229 500 374
chair 0.0012 438 292 499 382
chair 0.0011 95 5 274 232
sofa 0.0010 445 328 500 375
diningtable 0.0017 33 269 225 368
diningtable 0.0015 445 328 500 375
tvmonitor 0.9629 373 0 500 94
tvmonitor 0.9219 0 16 117 346
tvmonitor 0.0028 81 93 195 220
