person 0.9908 62 14 366 332
person 0.0512 66 230 72 248
person 0.0360 12 228 20 245
person 0.0337 17 231 23 247
person 0.0287 62 223 68 238
person 0.0243 81 232 96 261
person 0.0185 65 222 71 238
person 0.0176 12 225 19 237
person 0.0164 30 239 38 259
person 0.0156 78 233 89 261
person 0.0131 62 225 69 247
person 0.0115 80 233 88 246
person 0.0091 82 232 95 247
person 0.0078 67 239 73 251
person 0.0068 9 274 16 297
person 0.0042 29 252 36 258
person 0.0037 64 224 74 251
person 0.0035 17 239 24 251
person 0.0033 30 234 38 245
person 0.0033 58 275 66 293
person 0.0029 10 224 22 250
person 0.0024 17 225 23 237
person 0.0023 78 250 86 262
person 0.0018 58 273 66 286
person 0.0018 -2 205 104 267
person 0.0017 15 226 25 251
person 0.0016 0 277 9 293
person 0.0015 60 219 70 242
person 0.0010 24 284 36 310
person 0.0010 8 273 16 286
car 0.0014 50 37 435 351
boat 0.0043 50 37 435 351
boat 0.0021 1 188 508 321
boat 0.0012 149 220 353 325
bird 0.0077 12 225 19 237
bird 0.0062 12 228 20 245
bird 0.0043 17 231 23 247
bird 0.0042 -1 202 109 293
bird 0.0028 66 230 72 248
bird 0.0022 9 274 16 297
bird 0.0020 62 223 68 238
bird 0.0017 30 239 38 259
bird 0.0017 80 233 88 246
bird 0.0015 65 222 71 238
bird 0.0014 82 232 95 247
bird 0.0014 17 239 24 251
bird 0.0014 29 252 36 258
bird 0.0013 30 234 38 245
bird 0.0012 11 242 20 250
bird 0.0012 67 239 73 251
chair 0.0067 339 233 497 338
sofa 0.0300 340 233 497 338
sofa 0.0203 -5 207 518 335
sofa 0.0193 149 220 353 325
sofa 0.0035 50 37 435 351
sofa 0.0031 317 227 437 331
sofa 0.0013 208 220 465 330
