person 0.2418 78 217 86 238
person 0.1385 30 219 41 242
person 0.0842 96 223 106 238
person 0.0754 87 223 96 237
person 0.0496 58 224 68 237
person 0.0485 41 204 50 236
person 0.0425 31 212 40 233
person 0.0422 33 222 46 240
person 0.0403 42 203 50 220
person 0.0351 70 223 77 236
person 0.0205 104 219 112 239
person 0.0186 50 224 60 237
person 0.0125 45 203 55 236
person 0.0099 105 214 111 229
person 0.0097 167 178 191 249
person 0.0074 187 185 214 247
person 0.0068 97 107 353 270
person 0.0060 26 206 44 241
person 0.0054 98 215 106 230
person 0.0053 287 123 303 147
person 0.0049 2 209 19 234
person 0.0045 18 210 29 233
person 0.0037 41 202 60 237
person 0.0027 72 215 92 240
person 0.0024 149 179 187 249
person 0.0021 261 150 288 203
person 0.0020 65 212 79 234
person 0.0019 128 212 138 229
person 0.0018 111 221 125 239
person 0.0018 56 209 71 236
person 0.0018 0 201 12 224
person 0.0017 14 204 32 237
person 0.0014 257 129 274 162
person 0.0013 84 218 99 239
person 0.0013 292 126 307 146
person 0.0011 375 193 385 208
person 0.0011 34 199 53 226
person 0.0011 128 215 136 244
person 0.0010 28 190 42 229
person 0.0010 0 212 16 248
person 0.0010 29 198 40 223
bicycle 0.1392 33 222 46 240
bicycle 0.1153 30 219 41 242
bicycle 0.0285 58 224 68 237
bicycle 0.0273 50 224 60 237
bicycle 0.0124 96 223 106 238
bicycle 0.0085 32 231 40 242
bicycle 0.0056 87 223 96 237
bicycle 0.0044 70 223 77 236
bicycle 0.0036 35 231 44 242
bicycle 0.0035 78 217 86 238
bicycle 0.0031 43 220 63 239
bicycle 0.0021 110 94 396 274
bicycle 0.0017 41 204 50 236
bicycle 0.0010 31 212 40 233
car 0.9612 0 212 16 248
car 0.0062 2 206 20 238
car 0.0055 0 201 12 224
car 0.0038 113 103 394 275
car 0.0027 0 198 25 226
car 0.0027 96 223 106 238
car 0.0022 0 192 15 234
car 0.0017 78 217 86 238
car 0.0015 87 223 96 237
car 0.0014 70 223 77 236
car 0.0011 0 189 8 215
car 0.0010 104 219 112 239
car 0.0010 30 219 41 242
motorbike 0.0625 30 219 41 242
motorbike 0.0258 33 222 46 240
motorbike 0.0077 58 224 68 237
motorbike 0.0049 87 223 96 237
motorbike 0.0049 96 223 106 238
motorbike 0.0043 78 217 86 238
motorbike 0.0033 50 224 60 237
motorbike 0.0026 70 223 77 236
motorbike 0.0023 32 231 40 242
motorbike 0.0013 31 212 40 233
motorbike 0.0010 41 204 50 236
bus 0.9839 105 98 381 275
bus 0.0013 0 212 16 248
train 0.0045 110 94 396 274
horse 0.0042 110 94 396 274
bottle 0.0014 261 150 288 203
tvmonitor 0.0015 103 104 380 274
