person 0.9253 13 43 82 197
person 0.6636 41 0 79 53
person 0.6328 108 0 137 64
person 0.6037 51 -13 296 501
person 0.4642 0 83 17 191
person 0.3732 14 -1 319 194
person 0.3647 0 0 30 24
person 0.3604 75 27 112 103
person 0.3405 267 21 303 87
person 0.3377 89 1 116 51
person 0.3036 86 54 125 107
person 0.2247 71 36 97 123
person 0.2047 84 47 158 200
person 0.1459 290 62 321 103
person 0.1181 50 39 77 83
person 0.0888 317 60 332 105
person 0.0730 51 36 80 129
person 0.0538 136 31 164 73
person 0.0450 83 0 103 28
person 0.0382 -15 0 285 117
person 0.0378 85 52 152 117
person 0.0357 72 0 96 30
person 0.0356 65 45 134 124
person 0.0315 94 53 130 91
person 0.0314 321 27 331 78
person 0.0278 57 29 108 132
person 0.0173 286 80 308 101
person 0.0172 85 -3 148 69
person 0.0141 104 151 137 199
person 0.0141 74 47 91 113
person 0.0133 35 2 142 181
person 0.0132 68 53 133 188
person 0.0112 105 52 126 77
person 0.0111 65 0 101 48
person 0.0101 68 14 172 126
person 0.0096 49 0 301 60
person 0.0087 111 58 161 108
person 0.0081 277 5 294 24
person 0.0078 0 75 31 184
person 0.0078 113 26 193 101
person 0.0075 65 0 88 32
person 0.0073 85 42 104 82
person 0.0072 83 0 105 14
person 0.0068 297 60 319 89
person 0.0067 119 19 163 75
person 0.0066 73 0 95 14
person 0.0062 100 0 120 47
person 0.0058 -6 0 8 24
person 0.0050 26 0 48 10
person 0.0047 32 46 55 74
person 0.0047 81 30 107 75
person 0.0044 80 10 111 54
person 0.0044 13 0 58 24
person 0.0040 87 60 106 101
person 0.0040 12 0 160 62
person 0.0039 65 0 85 11
person 0.0039 10 159 39 177
person 0.0038 106 0 135 30
person 0.0037 54 -5 218 101
person 0.0037 34 44 52 64
person 0.0036 62 6 135 99
person 0.0036 101 66 327 417
person 0.0034 286 64 310 99
person 0.0034 92 0 115 12
person 0.0033 -14 23 284 318
person 0.0031 -1 -1 112 115
person 0.0029 102 -1 121 12
person 0.0028 118 0 195 58
person 0.0026 126 43 162 78
person 0.0026 107 57 134 81
person 0.0026 79 54 113 123
person 0.0025 35 0 56 8
person 0.0024 138 39 335 222
person 0.0023 -6 0 84 26
person 0.0023 305 77 321 104
person 0.0023 -2 29 196 215
person 0.0023 18 43 67 84
person 0.0023 69 0 281 27
person 0.0023 5 0 47 14
person 0.0022 64 45 87 132
person 0.0020 76 0 120 34
person 0.0020 98 86 148 207
person 0.0020 83 153 127 197
person 0.0019 133 2 342 108
person 0.0019 3 0 70 47
person 0.0018 41 0 71 8
person 0.0018 131 -1 155 35
person 0.0018 91 49 112 77
person 0.0017 62 19 108 81
person 0.0017 53 0 77 9
person 0.0016 54 56 73 87
person 0.0015 106 147 124 194
person 0.0014 85 16 271 156
person 0.0014 120 128 269 391
person 0.0013 229 6 331 105
person 0.0013 142 0 164 7
person 0.0013 34 0 80 12
person 0.0013 147 0 175 7
person 0.0013 -9 62 48 192
person 0.0012 -10 0 10 12
motorbike 0.9543 92 80 339 502
motorbike 0.0037 0 82 32 193
motorbike 0.0027 208 92 336 498
motorbike 0.0024 127 169 260 384
motorbike 0.0013 10 159 39 177
aeroplane 0.0056 61 -5 292 217
dog 0.0021 10 159 39 177
