person 0.9615 309 120 500 377
person 0.9606 142 144 303 373
person 0.9237 38 132 161 375
person 0.8399 400 0 499 296
person 0.8234 258 25 376 333
person 0.4855 39 48 173 220
person 0.3671 149 43 292 201
person 0.1610 184 28 413 353
person 0.0625 57 26 512 364
person 0.0403 0 42 12 312
person 0.0374 143 36 333 320
person 0.0325 8 39 176 339
person 0.0262 328 39 500 258
person 0.0241 236 31 395 205
person 0.0153 0 102 7 282
person 0.0096 473 103 500 160
person 0.0068 0 73 5 234
person 0.0067 399 2 501 128
person 0.0063 12 41 349 234
person 0.0052 0 33 21 360
person 0.0051 477 19 500 299
person 0.0043 35 111 288 367
person 0.0037 439 15 500 376
person 0.0033 347 111 448 204
person 0.0032 484 68 500 365
person 0.0029 276 24 460 196
person 0.0024 476 55 500 151
person 0.0019 341 57 488 183
person 0.0019 492 14 500 140
person 0.0017 217 17 519 294
person 0.0016 363 113 498 280
person 0.0015 493 123 500 223
person 0.0015 467 62 501 217
person 0.0015 0 47 60 380
person 0.0015 449 73 498 172
person 0.0014 316 7 498 150
person 0.0014 484 6 500 122
person 0.0012 492 101 500 283
person 0.0011 0 154 31 359
person 0.0010 0 183 8 294
bottle 0.0340 473 101 500 147
bottle 0.0057 476 55 500 151
bottle 0.0037 489 101 500 134
bottle 0.0019 493 46 500 145
bottle 0.0019 495 78 500 133
chair 0.0323 0 268 34 367
chair 0.0226 285 0 340 23
chair 0.0093 0 226 46 376
chair 0.0088 0 42 175 317
chair 0.0080 287 0 312 23
chair 0.0065 182 21 376 97
chair 0.0057 281 19 390 94
chair 0.0056 315 0 341 23
chair 0.0034 0 102 7 282
chair 0.0033 0 84 13 346
chair 0.0033 0 153 28 359
chair 0.0030 0 55 5 215
chair 0.0025 39 44 174 205
chair 0.0024 -1 317 33 374
chair 0.0019 -1 99 56 357
chair 0.0017 356 40 400 93
chair 0.0016 491 264 500 333
chair 0.0014 127 1 190 37
sofa 0.8407 -20 29 525 366
sofa 0.2031 130 139 343 376
sofa 0.0733 184 28 413 353
sofa 0.0520 0 42 175 317
sofa 0.0380 140 47 299 194
sofa 0.0349 258 25 372 343
sofa 0.0257 182 21 376 97
sofa 0.0189 50 27 384 282
sofa 0.0113 166 19 390 184
sofa 0.0105 0 84 13 346
sofa 0.0086 14 23 478 120
sofa 0.0086 9 20 351 183
sofa 0.0070 0 47 60 380
sofa 0.0039 309 108 501 374
sofa 0.0038 0 153 28 359
sofa 0.0034 234 26 484 208
sofa 0.0033 0 102 7 282
sofa 0.0020 41 43 197 204
sofa 0.0020 -6 220 507 377
sofa 0.0018 28 72 309 368
sofa 0.0014 399 -4 501 284
sofa 0.0013 345 63 485 253
sofa 0.0013 0 183 51 367
sofa 0.0011 0 73 5 234
sofa 0.0011 -6 132 146 376
sofa 0.0010 347 111 448 204
diningtable 0.0293 -1 263 35 370
diningtable 0.0125 0 174 49 370
