person 0.4510 406 247 429 283
person 0.0373 195 88 213 117
person 0.0254 446 253 462 282
person 0.0248 394 237 434 282
person 0.0058 50 167 60 197
person 0.0042 447 248 460 271
person 0.0040 442 243 457 274
person 0.0036 378 251 399 280
person 0.0034 194 85 205 108
person 0.0030 417 250 431 282
person 0.0026 320 125 326 143
person 0.0024 392 250 405 280
person 0.0023 188 90 212 142
person 0.0021 377 239 419 280
person 0.0021 436 240 460 279
person 0.0021 494 254 500 283
person 0.0018 430 254 448 282
person 0.0016 53 159 66 202
person 0.0016 227 87 242 105
person 0.0016 6 52 387 284
person 0.0016 373 251 389 280
person 0.0014 421 251 456 282
person 0.0012 398 245 461 285
person 0.0012 288 129 299 154
person 0.0010 359 245 435 283
car 0.0043 403 239 428 282
car 0.0018 337 228 474 283
train 0.9888 -3 51 354 286
train 0.0021 337 228 474 283
