person 0.9599 4 111 359 371
person 0.0233 10 102 98 222
person 0.0140 3 248 364 376
person 0.0088 305 324 361 366
person 0.0038 0 182 213 367
person 0.0038 203 320 369 372
person 0.0035 22 106 76 171
person 0.0033 197 261 361 372
person 0.0019 0 75 102 295
person 0.0015 -1 203 68 339
person 0.0015 34 305 368 371
person 0.0013 9 73 179 235
person 0.0011 21 121 43 166
person 0.0010 245 267 312 319
car 0.0052 263 26 393 205
car 0.0023 265 52 340 168
dog 0.0010 305 324 361 366
chair 0.0578 2 249 360 370
chair 0.0461 3 129 358 371
chair 0.0211 307 325 359 363
chair 0.0091 0 190 204 363
chair 0.0060 -2 314 199 371
chair 0.0056 1 257 176 374
chair 0.0042 -1 203 68 339
chair 0.0023 245 267 312 319
chair 0.0020 203 320 369 372
chair 0.0015 197 261 361 371
chair 0.0010 -1 201 69 272
sofa 0.4698 0 246 363 371
sofa 0.0302 0 190 204 363
sofa 0.0264 -2 314 199 371
sofa 0.0261 20 123 371 373
sofa 0.0188 1 257 176 374
sofa 0.0090 -1 203 68 339
sofa 0.0080 305 324 361 366
sofa 0.0074 203 320 369 372
sofa 0.0065 -18 322 379 377
sofa 0.0037 310 316 499 371
sofa 0.0025 197 261 361 371
sofa 0.0015 -1 201 69 272
sofa 0.0014 -14 337 177 375
diningtable 0.0013 362 314 497 368
tvmonitor 0.0047 4 5 263 225
tvmonitor 0.0024 263 26 393 205
tvmonitor 0.0014 6 3 196 48
tvmonitor 0.0013 10 64 186 238
tvmonitor 0.0010 265 52 340 168
