person 0.0045 80 68 86 85
person 0.0041 487 90 500 98
person 0.0035 210 126 238 159
person 0.0032 236 73 285 92
person 0.0032 295 140 327 168
person 0.0031 484 75 501 97
person 0.0025 268 136 294 168
person 0.0019 173 140 202 162
person 0.0015 448 78 463 95
person 0.0014 93 98 449 303
person 0.0013 293 121 333 168
person 0.0012 235 133 255 155
person 0.0011 419 65 449 94
person 0.0011 481 90 496 97
person 0.0011 225 132 246 155
person 0.0010 392 64 399 91
car 0.9985 68 105 432 297
car 0.6748 232 73 281 93
car 0.3352 309 82 338 93
car 0.1957 333 81 347 97
car 0.1499 408 66 447 96
car 0.0648 484 75 501 97
car 0.0467 308 83 321 92
car 0.0309 487 90 500 98
car 0.0108 481 90 496 97
car 0.0057 268 79 282 92
car 0.0053 480 71 496 86
car 0.0051 448 76 484 96
car 0.0047 462 78 488 96
car 0.0036 232 79 243 91
car 0.0025 478 66 499 92
car 0.0025 448 78 463 95
car 0.0023 484 84 501 103
car 0.0019 423 87 447 97
car 0.0017 343 49 393 108
car 0.0014 406 57 448 79
car 0.0014 411 61 442 72
car 0.0013 447 57 488 98
car 0.0012 441 80 456 94
car 0.0010 276 80 284 91
car 0.0010 381 64 440 93
car 0.0010 471 88 483 97
motorbike 0.0020 236 73 285 92
aeroplane 0.0012 233 72 283 92
bus 0.0052 403 63 450 95
bus 0.0035 233 73 279 93
bus 0.0030 343 49 393 108
bus 0.0022 484 75 501 97
boat 0.0010 233 72 283 92
