person 0.0017 131 167 141 178
car 0.0576 195 173 214 192
car 0.0102 72 163 108 181
car 0.0059 154 174 186 185
car 0.0037 150 178 163 185
car 0.0026 95 121 143 142
car 0.0022 144 177 156 184
car 0.0012 195 172 213 178
car 0.0012 107 169 116 177
car 0.0011 130 177 149 184
bus 0.0040 95 121 143 142
boat 0.0019 94 121 144 143
cat 0.0120 349 259 393 280
dog 0.0356 349 259 394 280
bottle 0.0078 261 146 268 156
bottle 0.0072 358 132 366 152
bottle 0.0019 268 148 273 155
bottle 0.0016 294 116 306 133
bottle 0.0010 408 137 422 151
bottle 0.0010 242 148 249 157
chair 0.2490 387 227 500 329
chair 0.1475 -2 225 135 328
chair 0.0131 446 225 498 336
chair 0.0093 62 277 452 334
chair 0.0030 195 178 214 196
chair 0.0025 4 237 444 328
chair 0.0021 0 168 129 306
chair 0.0019 453 226 499 252
chair 0.0015 342 223 491 295
chair 0.0014 8 226 115 291
chair 0.0013 -1 222 48 332
chair 0.0013 468 223 500 311
chair 0.0012 215 153 279 228
chair 0.0012 455 235 478 248
chair 0.0012 0 205 128 273
chair 0.0010 203 210 214 228
chair 0.0010 398 188 499 287
sofa 0.5937 30 246 453 330
sofa 0.4177 -2 225 135 328
sofa 0.3911 387 227 500 329
sofa 0.0142 446 225 498 336
sofa 0.0115 168 225 324 287
sofa 0.0070 -15 186 460 322
sofa 0.0065 88 280 478 330
sofa 0.0029 397 230 493 290
sofa 0.0017 -17 222 279 331
sofa 0.0017 346 222 483 286
sofa 0.0017 477 221 500 324
sofa 0.0016 0 199 128 278
sofa 0.0013 0 223 52 328
sofa 0.0011 0 222 24 330
sofa 0.0010 8 226 115 291
pottedplant 0.0014 436 134 459 151
pottedplant 0.0010 419 212 455 245
diningtable 0.1649 168 225 324 287
diningtable 0.0166 68 189 419 318
diningtable 0.0031 183 215 309 265
diningtable 0.0029 83 207 203 270
diningtable 0.0013 30 246 453 330
tvmonitor 0.9842 213 154 279 227
tvmonitor 0.0095 357 195 405 228
tvmonitor 0.0010 345 187 441 241
