car 0.0011 493 72 499 85
car 0.0010 492 77 500 90
cat 0.0015 98 153 200 327
dog 0.0252 -1 163 117 331
dog 0.0052 93 159 205 334
dog 0.0015 243 153 363 340
dog 0.0011 74 97 224 297
dog 0.0010 0 64 27 325
sheep 0.9771 239 151 365 326
sheep 0.9548 339 66 499 358
sheep 0.9395 206 133 280 298
sheep 0.8967 286 73 414 283
sheep 0.8133 98 153 200 327
sheep 0.6394 99 105 221 279
sheep 0.4575 -1 154 120 325
sheep 0.4169 -2 93 113 179
sheep 0.1503 0 64 27 325
sheep 0.1253 0 78 106 284
sheep 0.1211 27 84 102 117
sheep 0.0973 17 80 228 242
sheep 0.0865 14 83 93 106
sheep 0.0757 -3 57 100 114
sheep 0.0540 0 61 31 94
sheep 0.0454 -2 76 50 211
sheep 0.0316 -1 63 34 177
sheep 0.0215 0 66 54 322
sheep 0.0188 287 82 356 152
sheep 0.0151 120 86 370 308
sheep 0.0142 18 73 108 127
sheep 0.0128 27 50 466 329
sheep 0.0113 375 192 499 329
sheep 0.0104 0 58 28 80
sheep 0.0103 343 72 441 285
sheep 0.0080 0 63 10 89
sheep 0.0065 0 62 42 129
sheep 0.0062 0 57 9 80
sheep 0.0059 492 77 500 90
sheep 0.0051 6 73 38 97
sheep 0.0048 493 72 499 85
sheep 0.0046 285 79 391 201
sheep 0.0046 0 103 25 241
sheep 0.0043 477 98 500 332
sheep 0.0039 0 98 10 247
sheep 0.0039 -1 35 35 94
sheep 0.0038 474 225 500 320
sheep 0.0035 2 69 187 166
sheep 0.0034 22 91 100 138
sheep 0.0031 0 73 90 102
sheep 0.0031 99 101 221 179
sheep 0.0028 380 200 447 271
sheep 0.0026 -8 134 209 325
sheep 0.0025 437 222 500 326
sheep 0.0025 336 160 454 306
sheep 0.0025 4 86 83 124
sheep 0.0025 0 113 6 289
sheep 0.0023 351 180 405 290
sheep 0.0021 4 82 60 146
sheep 0.0021 445 62 500 334
sheep 0.0017 197 269 249 304
sheep 0.0016 -4 11 499 222
sheep 0.0016 0 63 13 128
sheep 0.0016 -36 82 299 361
sheep 0.0014 55 77 280 164
sheep 0.0012 406 93 501 305
sheep 0.0012 184 139 324 319
sheep 0.0012 368 166 460 264
sheep 0.0012 57 85 103 112
sheep 0.0011 26 94 79 116
sheep 0.0010 2 64 63 108
sheep 0.0010 293 76 424 155
cow 0.0067 98 153 200 327
cow 0.0054 338 63 500 361
cow 0.0044 206 133 280 298
cow 0.0037 239 151 365 326
cow 0.0019 -2 153 114 324
cow 0.0018 74 97 224 297
cow 0.0018 286 73 414 283
