person 0.8261 -4 0 273 331
person 0.7676 161 70 492 338
person 0.0253 0 0 31 153
person 0.0146 0 -1 24 278
person 0.0083 0 4 52 235
person 0.0077 0 1 8 146
person 0.0029 272 81 506 278
person 0.0029 366 81 498 335
person 0.0018 0 -3 106 329
person 0.0014 0 40 7 204
person 0.0013 13 -13 493 286
person 0.0012 53 47 125 113
person 0.0010 8 152 483 329
car 0.0031 9 0 493 332
boat 0.0033 9 0 493 332
chair 0.0584 0 0 47 169
chair 0.0384 0 13 56 334
chair 0.0199 51 17 128 100
chair 0.0172 -4 -3 328 331
chair 0.0128 37 -1 314 175
chair 0.0096 56 21 123 46
chair 0.0091 240 5 313 115
chair 0.0083 0 6 27 233
chair 0.0071 24 0 154 173
chair 0.0070 56 50 122 110
chair 0.0069 0 0 105 327
chair 0.0068 366 82 498 333
chair 0.0045 0 1 8 146
chair 0.0031 55 0 148 49
chair 0.0027 0 2 31 130
chair 0.0025 227 77 497 330
chair 0.0025 158 2 364 113
chair 0.0019 58 8 205 98
chair 0.0018 3 -6 177 263
chair 0.0017 101 0 187 88
chair 0.0013 54 -5 454 129
chair 0.0010 0 38 17 346
sofa 0.0069 6 0 496 333
sofa 0.0013 366 82 498 333
