person 0.2791 1 167 20 203
person 0.0030 0 166 15 185
person 0.0023 246 262 263 298
person 0.0022 0 195 7 208
person 0.0015 0 191 26 248
person 0.0014 493 192 500 217
person 0.0011 0 168 45 198
car 0.0014 10 187 40 200
boat 0.0020 25 180 479 354
bottle 0.5879 248 262 262 298
bottle 0.0355 161 197 169 224
bottle 0.0055 251 261 261 281
bottle 0.0039 158 196 174 225
bottle 0.0038 0 169 21 209
bottle 0.0029 493 192 500 217
bottle 0.0026 241 267 254 292
bottle 0.0024 148 214 183 230
bottle 0.0020 218 269 290 302
bottle 0.0013 0 195 7 208
chair 0.9429 151 285 249 375
chair 0.7730 0 217 60 371
chair 0.6369 95 194 107 233
chair 0.5830 108 214 150 281
chair 0.4974 248 212 280 271
chair 0.4405 131 256 172 367
chair 0.4026 25 181 477 347
chair 0.3109 278 249 329 300
chair 0.3102 338 215 372 289
chair 0.2848 413 214 461 243
chair 0.2625 317 205 346 266
chair 0.2480 45 201 79 314
chair 0.1917 366 208 388 231
chair 0.1792 318 205 340 221
chair 0.1713 362 227 393 289
chair 0.1704 279 216 313 256
chair 0.1611 408 249 488 325
chair 0.1530 267 249 381 335
chair 0.1222 379 232 415 312
chair 0.1178 33 213 72 335
chair 0.1142 451 218 478 247
chair 0.1124 473 216 500 258
chair 0.0927 402 212 430 234
chair 0.0808 144 233 270 289
chair 0.0801 422 216 478 249
chair 0.0692 317 206 342 234
chair 0.0662 376 208 404 232
chair 0.0657 180 209 215 237
chair 0.0642 193 215 219 240
chair 0.0638 452 216 499 292
chair 0.0615 420 217 479 289
chair 0.0582 223 196 496 331
chair 0.0493 260 212 307 273
chair 0.0490 18 209 335 310
chair 0.0478 131 193 149 225
chair 0.0469 406 251 449 322
chair 0.0468 120 254 301 367
chair 0.0465 127 186 448 284
chair 0.0441 41 204 62 220
chair 0.0438 131 188 149 200
chair 0.0435 322 214 356 285
chair 0.0413 307 210 339 256
chair 0.0388 182 228 473 382
chair 0.0375 472 218 500 325
chair 0.0342 182 270 322 330
chair 0.0334 0 258 22 370
chair 0.0321 387 236 435 315
chair 0.0305 19 186 44 198
chair 0.0293 150 236 214 281
chair 0.0284 363 210 391 262
chair 0.0284 -6 192 214 342
chair 0.0255 285 206 388 294
chair 0.0252 0 204 24 261
chair 0.0247 43 195 61 206
chair 0.0235 23 193 324 269
chair 0.0234 447 216 488 256
chair 0.0219 356 218 424 297
chair 0.0215 132 196 164 224
chair 0.0210 250 212 276 247
chair 0.0206 494 195 500 221
chair 0.0200 264 215 335 286
chair 0.0194 44 199 79 235
chair 0.0193 377 210 409 263
chair 0.0182 245 205 264 238
chair 0.0179 335 204 469 321
chair 0.0178 298 215 347 284
chair 0.0173 383 218 439 289
chair 0.0168 383 229 412 274
chair 0.0157 106 209 130 232
chair 0.0156 230 301 420 371
chair 0.0155 387 211 441 254
chair 0.0144 449 236 500 345
chair 0.0144 459 248 494 289
chair 0.0135 115 220 179 275
chair 0.0134 49 228 71 350
chair 0.0134 0 199 46 257
chair 0.0128 142 219 188 237
chair 0.0127 302 203 494 267
chair 0.0123 41 208 61 231
chair 0.0119 156 219 197 241
chair 0.0119 0 212 20 297
chair 0.0118 405 240 469 298
chair 0.0118 206 245 262 275
chair 0.0115 173 198 185 222
chair 0.0107 29 206 70 265
chair 0.0107 179 207 212 216
chair 0.0106 321 220 342 277
chair 0.0106 358 357 478 375
chair 0.0106 0 195 7 208
chair 0.0105 370 221 408 283
chair 0.0105 175 203 202 219
chair 0.0103 100 196 144 231
chair 0.0101 5 185 44 202
chair 0.0100 279 215 305 226
chair 0.0097 0 252 9 380
chair 0.0092 406 215 465 262
chair 0.0092 169 199 209 221
chair 0.0091 473 253 499 302
chair 0.0091 279 257 328 334
chair 0.0084 162 195 194 225
sofa 0.0517 410 214 460 245
sofa 0.0090 422 216 478 249
sofa 0.0080 383 211 445 256
sofa 0.0044 398 209 432 235
sofa 0.0039 400 215 471 293
sofa 0.0028 409 214 486 265
sofa 0.0019 369 209 413 266
sofa 0.0017 378 217 446 293
sofa 0.0015 242 308 492 370
sofa 0.0010 338 204 446 277
pottedplant 0.3549 159 163 216 221
pottedplant 0.3471 255 179 307 219
pottedplant 0.0767 346 143 376 210
pottedplant 0.0439 275 89 287 102
pottedplant 0.0353 -1 168 17 209
pottedplant 0.0330 245 178 280 211
pottedplant 0.0185 245 190 262 214
pottedplant 0.0163 281 181 307 202
pottedplant 0.0153 244 185 271 239
pottedplant 0.0139 149 182 164 200
pottedplant 0.0089 4 162 54 197
pottedplant 0.0088 159 165 196 200
pottedplant 0.0081 216 157 344 232
pottedplant 0.0081 201 194 214 212
pottedplant 0.0079 243 143 307 215
pottedplant 0.0078 116 0 283 233
pottedplant 0.0078 245 146 303 180
pottedplant 0.0075 149 171 165 197
pottedplant 0.0071 253 185 275 215
pottedplant 0.0068 157 169 183 197
pottedplant 0.0065 192 165 219 217
pottedplant 0.0065 18 173 46 194
pottedplant 0.0064 255 180 294 205
pottedplant 0.0061 16 82 29 96
pottedplant 0.0061 174 194 201 213
pottedplant 0.0058 351 177 386 215
pottedplant 0.0056 277 183 309 216
pottedplant 0.0055 169 199 209 221
pottedplant 0.0053 154 200 215 238
pottedplant 0.0052 179 207 212 216
pottedplant 0.0051 124 5 269 87
pottedplant 0.0051 131 188 149 200
pottedplant 0.0049 134 187 162 200
pottedplant 0.0047 243 171 306 199
pottedplant 0.0047 154 181 203 225
pottedplant 0.0042 150 172 189 209
pottedplant 0.0042 184 197 206 211
pottedplant 0.0038 0 185 48 216
pottedplant 0.0037 158 182 178 203
pottedplant 0.0037 271 191 318 244
pottedplant 0.0036 0 195 7 208
pottedplant 0.0036 244 184 306 237
pottedplant 0.0031 138 184 178 221
pottedplant 0.0030 493 192 500 217
pottedplant 0.0030 218 37 259 86
pottedplant 0.0028 245 205 264 238
pottedplant 0.0027 473 216 500 258
pottedplant 0.0025 273 67 289 103
pottedplant 0.0024 84 153 332 238
pottedplant 0.0022 246 262 263 298
pottedplant 0.0022 26 157 59 199
pottedplant 0.0021 5 185 44 202
pottedplant 0.0021 128 155 163 200
pottedplant 0.0020 246 178 280 192
pottedplant 0.0020 157 190 176 218
pottedplant 0.0019 181 209 214 237
pottedplant 0.0019 175 203 202 219
pottedplant 0.0019 348 173 372 212
pottedplant 0.0018 349 142 372 186
pottedplant 0.0018 82 110 486 276
pottedplant 0.0017 19 186 44 198
pottedplant 0.0017 172 177 202 207
pottedplant 0.0016 293 184 308 215
pottedplant 0.0016 57 191 81 310
pottedplant 0.0015 265 299 297 329
pottedplant 0.0015 142 169 160 198
pottedplant 0.0015 223 168 307 259
pottedplant 0.0015 170 167 205 197
pottedplant 0.0014 171 194 185 213
pottedplant 0.0014 473 215 500 367
pottedplant 0.0013 239 178 345 254
pottedplant 0.0013 152 196 180 225
pottedplant 0.0013 0 188 12 215
pottedplant 0.0013 161 197 169 224
pottedplant 0.0012 159 155 215 196
pottedplant 0.0012 141 159 181 201
pottedplant 0.0012 30 117 320 268
pottedplant 0.0012 184 165 210 201
pottedplant 0.0011 34 172 52 194
pottedplant 0.0011 207 262 285 298
pottedplant 0.0011 275 300 286 314
pottedplant 0.0011 162 195 194 225
pottedplant 0.0011 349 190 367 212
pottedplant 0.0010 349 158 367 204
pottedplant 0.0010 270 195 310 227
pottedplant 0.0010 138 204 188 235
pottedplant 0.0010 161 193 171 214
pottedplant 0.0010 114 160 215 236
diningtable 0.5206 147 236 261 281
diningtable 0.3979 197 273 311 305
diningtable 0.2459 140 219 189 238
diningtable 0.2033 182 270 322 330
diningtable 0.1957 0 194 47 247
diningtable 0.1690 138 204 188 235
diningtable 0.1286 148 214 183 230
diningtable 0.1213 161 235 250 249
diningtable 0.0780 145 225 220 248
diningtable 0.0755 16 189 484 342
diningtable 0.0743 0 195 45 223
diningtable 0.0670 19 186 44 198
diningtable 0.0582 416 225 478 272
diningtable 0.0501 136 214 194 246
diningtable 0.0485 43 195 61 206
diningtable 0.0479 340 211 365 226
diningtable 0.0468 304 221 324 242
diningtable 0.0454 136 195 179 227
diningtable 0.0450 2 194 44 210
diningtable 0.0422 410 214 460 245
diningtable 0.0422 206 245 262 275
diningtable 0.0324 0 199 28 219
diningtable 0.0317 152 199 215 240
diningtable 0.0308 41 204 62 220
diningtable 0.0298 -1 196 64 318
diningtable 0.0288 196 245 314 309
diningtable 0.0286 47 198 77 206
diningtable 0.0286 42 201 80 220
diningtable 0.0276 0 202 32 257
diningtable 0.0274 162 244 284 296
diningtable 0.0270 458 247 495 289
diningtable 0.0261 366 208 388 231
diningtable 0.0257 0 202 6 216
diningtable 0.0251 180 209 215 237
diningtable 0.0244 179 207 212 216
diningtable 0.0230 317 206 342 234
diningtable 0.0208 234 269 275 302
diningtable 0.0198 279 215 305 226
diningtable 0.0189 128 218 172 241
diningtable 0.0185 129 222 307 256
diningtable 0.0183 451 226 500 317
diningtable 0.0181 404 238 452 259
diningtable 0.0181 191 215 220 241
diningtable 0.0179 -1 207 52 271
diningtable 0.0177 128 210 169 232
diningtable 0.0177 260 299 303 329
diningtable 0.0176 473 253 499 302
diningtable 0.0175 422 216 478 249
diningtable 0.0175 207 262 285 298
diningtable 0.0174 120 254 301 367
diningtable 0.0168 473 215 500 367
diningtable 0.0166 160 218 241 248
diningtable 0.0163 194 267 256 292
diningtable 0.0162 5 185 44 202
diningtable 0.0159 279 216 323 248
diningtable 0.0152 44 199 79 235
diningtable 0.0144 110 213 187 268
diningtable 0.0140 316 204 344 257
diningtable 0.0140 59 198 79 204
diningtable 0.0140 318 205 340 221
diningtable 0.0139 166 215 209 242
diningtable 0.0138 305 212 320 229
diningtable 0.0138 401 216 471 291
diningtable 0.0135 341 209 364 217
diningtable 0.0135 376 208 404 232
diningtable 0.0132 428 241 465 256
diningtable 0.0130 335 211 373 267
diningtable 0.0130 135 229 199 250
diningtable 0.0125 34 195 53 206
diningtable 0.0123 396 221 462 258
diningtable 0.0121 200 241 268 256
diningtable 0.0120 17 192 48 207
diningtable 0.0120 196 282 319 373
diningtable 0.0118 139 216 160 228
diningtable 0.0117 230 299 345 372
diningtable 0.0117 190 236 219 245
diningtable 0.0117 42 198 382 273
diningtable 0.0116 147 238 227 257
diningtable 0.0116 0 223 23 366
diningtable 0.0115 177 203 214 222
diningtable 0.0112 277 211 307 232
diningtable 0.0112 210 286 332 304
diningtable 0.0111 259 194 307 246
diningtable 0.0107 232 299 314 330
diningtable 0.0107 126 216 203 287
diningtable 0.0106 168 248 244 283
diningtable 0.0106 410 238 486 318
diningtable 0.0103 212 232 258 247
diningtable 0.0100 1 194 23 210
diningtable 0.0100 246 262 263 298
diningtable 0.0099 470 217 499 300
diningtable 0.0098 39 194 62 210
diningtable 0.0097 137 197 262 279
diningtable 0.0094 18 209 335 310
diningtable 0.0091 95 194 107 233
diningtable 0.0088 0 205 11 257
diningtable 0.0085 0 195 7 208
diningtable 0.0084 306 219 339 260
diningtable 0.0079 198 205 214 216
diningtable 0.0078 235 253 361 335
