person 0.0577 284 151 298 170
person 0.0130 256 154 272 167
person 0.0091 282 154 290 169
person 0.0081 294 149 306 169
person 0.0050 288 147 298 162
person 0.0044 268 153 280 168
person 0.0039 299 147 307 160
person 0.0030 0 253 14 339
person 0.0023 246 154 265 167
person 0.0015 463 35 472 61
person 0.0013 283 153 298 185
person 0.0012 242 142 288 183
car 0.9947 202 136 330 204
car 0.2162 0 245 15 334
car 0.0177 0 141 17 330
car 0.0043 0 217 22 330
car 0.0012 0 235 13 300
car 0.0012 99 53 140 73
motorbike 0.0014 0 242 14 330
bus 0.0065 435 15 500 36
bus 0.0024 0 225 15 330
bus 0.0011 448 16 485 31
bus 0.0010 439 15 471 34
train 0.0109 437 15 501 39
train 0.0018 438 13 500 61
