person 0.0019 103 50 118 76
bird 0.0226 103 50 118 76
bird 0.0053 88 41 95 49
bird 0.0013 76 39 85 49
chair 0.2640 363 132 445 212
chair 0.0434 358 119 385 158
chair 0.0262 360 123 425 155
chair 0.0168 382 135 419 153
chair 0.0040 16 139 451 366
chair 0.0038 312 130 349 139
chair 0.0037 305 131 444 194
chair 0.0029 441 241 501 369
chair 0.0020 439 317 501 373
chair 0.0018 373 133 445 175
chair 0.0016 359 119 382 135
chair 0.0011 321 122 390 157
sofa 0.9740 -4 138 451 369
sofa 0.1962 374 134 445 210
sofa 0.0070 441 241 501 369
sofa 0.0037 439 317 501 373
sofa 0.0036 305 131 444 194
sofa 0.0030 357 129 421 156
sofa 0.0024 -2 128 485 241
sofa 0.0019 381 135 419 153
sofa 0.0018 11 300 416 370
sofa 0.0014 358 119 385 158
