person 0.0188 164 261 172 276
person 0.0047 151 264 161 275
person 0.0025 162 256 170 270
person 0.0021 287 253 294 267
person 0.0017 332 262 346 272
person 0.0016 269 246 276 258
person 0.0015 173 263 185 274
person 0.0011 325 216 335 226
person 0.0010 328 262 339 272
car 0.0237 291 213 336 232
car 0.0116 140 237 152 246
car 0.0084 325 216 335 226
car 0.0073 102 231 140 246
car 0.0070 374 230 384 238
car 0.0062 121 233 139 245
car 0.0038 151 264 161 275
car 0.0031 68 234 92 243
car 0.0030 113 248 126 257
car 0.0027 376 214 387 226
car 0.0024 67 228 94 240
car 0.0024 152 237 159 245
car 0.0023 77 227 102 235
car 0.0021 410 217 426 230
car 0.0019 102 232 120 244
car 0.0018 103 229 121 240
car 0.0017 345 210 361 219
car 0.0015 106 229 149 241
car 0.0014 375 210 389 220
car 0.0014 215 217 233 229
car 0.0012 173 217 184 226
car 0.0012 321 214 338 230
car 0.0011 392 212 405 219
car 0.0011 129 235 151 246
car 0.0010 235 203 254 220
train 0.0023 113 227 318 285
boat 0.9470 299 259 485 291
boat 0.1950 92 265 123 280
boat 0.1343 125 266 137 277
boat 0.0885 95 270 122 283
boat 0.0843 70 266 91 278
boat 0.0641 129 264 148 277
boat 0.0505 60 264 87 278
boat 0.0333 67 272 90 283
boat 0.0285 151 264 161 275
boat 0.0262 142 263 156 276
boat 0.0231 122 272 138 282
boat 0.0224 38 261 66 281
boat 0.0198 53 262 69 275
boat 0.0196 120 263 156 278
boat 0.0180 39 274 65 281
boat 0.0165 78 266 104 277
boat 0.0137 123 273 154 282
boat 0.0132 81 258 129 285
boat 0.0101 109 265 129 278
boat 0.0094 64 264 117 280
boat 0.0092 111 273 125 283
boat 0.0092 48 261 75 279
boat 0.0092 191 279 298 295
boat 0.0085 131 229 353 287
boat 0.0081 90 263 149 280
boat 0.0080 164 261 172 276
boat 0.0080 179 264 305 295
boat 0.0078 135 261 162 277
boat 0.0065 299 230 485 292
boat 0.0061 118 270 161 284
boat 0.0057 75 257 176 286
boat 0.0048 125 284 134 290
boat 0.0043 102 257 119 269
boat 0.0043 24 256 153 286
boat 0.0041 44 257 92 283
boat 0.0041 75 271 108 284
boat 0.0040 122 255 135 270
boat 0.0038 56 248 436 303
boat 0.0037 92 258 110 270
boat 0.0033 120 269 140 285
boat 0.0031 148 261 165 276
boat 0.0031 74 252 89 272
boat 0.0028 35 261 52 279
boat 0.0025 173 263 185 274
boat 0.0025 128 258 149 270
boat 0.0024 99 269 140 285
boat 0.0024 30 257 73 284
boat 0.0024 14 250 175 301
boat 0.0023 62 254 82 271
boat 0.0022 45 273 77 282
boat 0.0020 159 259 175 277
boat 0.0020 135 274 162 282
boat 0.0017 87 249 129 277
boat 0.0017 62 249 98 276
boat 0.0016 32 224 309 283
boat 0.0016 113 251 148 274
boat 0.0015 54 258 68 269
boat 0.0014 111 253 128 266
boat 0.0014 34 269 88 284
boat 0.0013 173 271 282 290
boat 0.0013 291 212 338 235
boat 0.0013 68 234 92 243
boat 0.0013 67 228 94 240
boat 0.0013 88 253 116 273
boat 0.0013 142 260 174 277
boat 0.0012 298 259 488 325
boat 0.0011 43 193 443 302
boat 0.0011 113 248 126 257
boat 0.0011 294 157 495 271
boat 0.0011 81 255 100 269
boat 0.0011 142 256 157 270
bird 0.0015 164 261 172 276
bird 0.0012 125 266 137 277
bird 0.0010 151 264 161 275
