person 0.9740 164 52 503 374
person 0.0109 379 92 499 373
person 0.0066 448 99 499 370
person 0.0057 474 93 500 377
person 0.0044 457 64 474 88
person 0.0024 191 144 204 167
person 0.0023 445 62 468 89
person 0.0019 446 61 463 77
bottle 0.0066 137 313 161 336
bottle 0.0033 93 281 125 337
bottle 0.0030 11 294 48 357
bottle 0.0013 140 313 160 327
chair 0.0330 115 260 179 331
chair 0.0091 142 287 175 328
chair 0.0030 159 290 174 326
chair 0.0010 453 180 499 372
sofa 0.0027 117 262 177 329
sofa 0.0025 -11 274 182 352
sofa 0.0012 453 180 499 372
diningtable 0.1396 0 322 185 369
diningtable 0.0548 87 302 127 353
diningtable 0.0170 105 322 184 350
diningtable 0.0125 41 284 172 375
diningtable 0.0092 97 331 190 359
diningtable 0.0086 -11 274 182 352
diningtable 0.0049 67 315 187 353
diningtable 0.0038 92 282 124 340
diningtable 0.0036 1 344 177 382
diningtable 0.0022 98 328 161 345
diningtable 0.0017 8 306 131 360
diningtable 0.0015 72 334 169 353
diningtable 0.0013 91 334 128 354
diningtable 0.0012 58 330 146 359
diningtable 0.0010 20 346 142 362
diningtable 0.0010 77 272 138 353
tvmonitor 0.1404 117 262 177 329
tvmonitor 0.0057 450 176 501 373
tvmonitor 0.0037 385 162 499 372
tvmonitor 0.0018 142 287 175 328
