person 0.3691 174 35 239 208
person 0.1764 159 26 291 297
person 0.1385 402 137 410 150
person 0.0633 333 66 387 178
person 0.0264 380 127 398 160
person 0.0177 411 138 421 150
person 0.0120 392 134 406 149
person 0.0080 189 34 238 128
person 0.0068 380 137 393 163
person 0.0057 150 56 221 201
person 0.0047 384 125 399 141
person 0.0047 276 61 371 255
person 0.0043 170 68 266 245
person 0.0041 370 127 389 161
person 0.0036 423 139 437 151
person 0.0036 404 144 411 152
person 0.0032 361 71 391 172
person 0.0027 400 134 414 152
person 0.0027 191 42 295 209
person 0.0024 188 33 231 87
person 0.0023 361 119 382 164
person 0.0021 366 129 380 155
person 0.0017 367 103 388 163
person 0.0013 187 68 228 159
person 0.0011 428 142 439 156
person 0.0010 361 116 377 149
person 0.0010 385 119 395 131
person 0.0010 147 27 273 181
person 0.0010 294 64 333 105
bicycle 0.3449 380 137 393 163
bicycle 0.0095 380 127 398 160
bicycle 0.0056 380 189 419 231
bicycle 0.0037 402 137 410 150
bicycle 0.0029 370 127 389 161
bicycle 0.0018 380 152 392 165
bicycle 0.0013 333 66 387 179
bicycle 0.0013 404 144 411 152
bicycle 0.0012 423 142 437 155
bicycle 0.0012 392 134 406 149
car 0.5015 423 139 437 151
car 0.0421 428 142 439 156
car 0.0182 384 125 399 141
car 0.0117 402 137 410 150
car 0.0107 420 140 439 159
car 0.0086 411 138 421 150
car 0.0045 392 134 406 149
car 0.0038 425 137 442 152
car 0.0038 380 127 398 160
car 0.0035 410 144 424 153
car 0.0019 404 144 411 152
car 0.0015 406 135 426 152
car 0.0013 331 73 386 189
car 0.0013 400 134 414 152
car 0.0010 435 148 442 170
motorbike 0.9658 284 61 376 254
motorbike 0.9523 151 36 294 308
motorbike 0.1561 332 66 388 179
motorbike 0.1464 380 137 393 163
motorbike 0.0195 290 105 335 174
motorbike 0.0168 284 85 347 196
motorbike 0.0141 370 126 390 162
motorbike 0.0124 379 170 419 231
motorbike 0.0106 378 127 398 161
motorbike 0.0075 402 137 410 150
motorbike 0.0054 155 77 212 240
motorbike 0.0045 292 161 372 247
motorbike 0.0043 336 139 382 183
motorbike 0.0041 153 104 199 178
motorbike 0.0031 361 119 382 164
motorbike 0.0031 352 92 390 173
motorbike 0.0024 366 129 380 155
motorbike 0.0020 247 58 348 269
motorbike 0.0019 352 117 369 146
motorbike 0.0014 423 142 437 155
motorbike 0.0013 392 134 406 149
motorbike 0.0012 291 65 340 126
motorbike 0.0012 170 68 266 245
motorbike 0.0010 404 144 411 152
motorbike 0.0010 196 48 402 275
motorbike 0.0010 282 118 320 231
boat 0.0023 384 125 399 141
bird 0.0027 379 171 420 232
cat 0.0031 380 189 419 231
dog 0.0558 380 189 419 231
dog 0.0016 379 160 420 224
horse 0.0012 380 137 393 163
bottle 0.0050 380 189 419 231
pottedplant 0.0010 380 189 419 231
