person 0.9830 -5 60 204 372
person 0.9604 211 159 499 371
person 0.0066 479 121 500 387
person 0.0051 116 203 370 372
person 0.0027 -13 100 507 372
person 0.0014 481 251 500 372
person 0.0013 113 1 174 57
person 0.0011 -1 78 113 360
person 0.0011 432 153 502 358
person 0.0010 489 217 500 378
person 0.0010 -20 218 311 371
bottle 0.0975 55 12 80 58
bottle 0.0171 14 10 49 63
bottle 0.0111 113 1 174 57
bottle 0.0079 0 1 16 61
bottle 0.0078 103 38 115 58
bottle 0.0058 18 10 44 43
bottle 0.0052 50 236 95 340
bottle 0.0032 101 18 125 58
bottle 0.0030 124 15 165 58
bottle 0.0030 104 1 140 57
bottle 0.0030 84 2 121 57
bottle 0.0026 49 238 93 280
bottle 0.0020 162 0 191 57
bottle 0.0015 78 1 86 57
bottle 0.0015 15 39 47 61
chair 0.0881 134 211 520 372
chair 0.0095 170 202 351 355
chair 0.0031 1 70 200 387
chair 0.0019 434 221 500 370
chair 0.0018 479 287 500 373
chair 0.0010 310 174 491 359
sofa 0.4470 0 205 501 369
sofa 0.0209 213 159 498 371
sofa 0.0124 147 202 372 373
sofa 0.0076 -12 289 515 371
sofa 0.0048 1 70 200 387
sofa 0.0033 434 221 500 370
sofa 0.0022 481 212 500 373
sofa 0.0012 -19 222 285 371
sofa 0.0010 310 213 500 373
pottedplant 0.0157 13 10 49 63
pottedplant 0.0056 91 0 196 62
pottedplant 0.0025 117 2 177 58
pottedplant 0.0012 -6 3 105 63
