person 0.9937 2 325 58 456
person 0.9866 179 212 322 461
person 0.9544 130 325 187 413
person 0.6298 320 359 332 378
person 0.4786 338 358 355 381
person 0.1992 335 351 346 371
person 0.1889 305 360 317 377
person 0.1870 353 360 363 378
person 0.1772 363 361 372 379
person 0.1546 372 358 379 379
person 0.1508 334 355 348 380
person 0.1269 312 358 326 378
person 0.1089 311 349 322 375
person 0.0783 327 354 335 371
person 0.0766 338 352 351 370
person 0.0700 373 355 378 367
person 0.0571 306 351 318 372
person 0.0526 333 349 375 402
person 0.0392 312 349 320 357
person 0.0384 371 363 379 393
person 0.0374 360 363 376 396
person 0.0282 349 358 366 380
person 0.0255 349 354 364 365
person 0.0215 360 358 375 381
person 0.0211 301 344 372 406
person 0.0201 363 355 374 365
person 0.0191 336 365 360 390
person 0.0148 323 351 337 374
person 0.0125 296 361 307 376
person 0.0119 353 376 378 405
person 0.0090 142 352 186 424
person 0.0067 301 356 321 378
person 0.0065 158 280 385 473
person 0.0055 304 370 371 415
person 0.0054 264 332 368 415
person 0.0051 0 295 367 443
person 0.0044 237 328 372 481
person 0.0041 329 366 347 388
person 0.0041 320 364 335 389
person 0.0038 308 348 317 358
person 0.0037 336 370 377 414
person 0.0036 337 350 345 358
person 0.0036 318 359 360 398
person 0.0034 126 364 187 450
person 0.0031 351 355 379 400
person 0.0026 317 349 341 376
person 0.0025 128 327 165 389
person 0.0025 370 377 379 400
person 0.0021 292 338 343 385
person 0.0020 367 355 383 385
person 0.0019 296 354 307 369
person 0.0015 339 350 350 358
person 0.0011 372 350 378 357
person 0.0011 105 235 338 516
person 0.0011 157 358 190 401
person 0.0010 159 376 175 401
person 0.0010 370 351 380 372
bicycle 0.9924 161 315 368 498
bicycle 0.9471 1 381 58 472
bicycle 0.8253 129 368 182 448
bicycle 0.1548 336 370 377 414
bicycle 0.0605 54 387 98 434
bicycle 0.0597 353 379 378 415
bicycle 0.0476 2 325 59 455
bicycle 0.0277 333 349 375 402
bicycle 0.0257 304 370 371 415
bicycle 0.0131 53 416 71 436
bicycle 0.0126 142 352 186 424
bicycle 0.0121 370 377 379 400
bicycle 0.0110 56 418 78 434
bicycle 0.0102 336 363 361 391
bicycle 0.0096 330 383 376 435
bicycle 0.0092 300 346 379 446
bicycle 0.0088 49 400 72 435
bicycle 0.0077 163 233 320 471
bicycle 0.0075 50 395 65 419
bicycle 0.0067 41 418 58 457
bicycle 0.0066 21 403 39 450
bicycle 0.0056 360 363 376 396
bicycle 0.0050 159 376 175 401
bicycle 0.0047 15 332 359 477
bicycle 0.0042 334 375 363 401
bicycle 0.0041 33 395 62 457
bicycle 0.0041 167 376 180 400
bicycle 0.0040 156 385 172 411
bicycle 0.0040 145 381 167 417
bicycle 0.0029 371 363 379 393
bicycle 0.0029 66 399 92 434
bicycle 0.0028 128 320 185 435
bicycle 0.0028 51 385 89 414
bicycle 0.0026 47 398 58 416
bicycle 0.0026 351 355 379 400
bicycle 0.0024 313 358 366 400
bicycle 0.0023 315 390 363 443
bicycle 0.0023 159 391 211 486
bicycle 0.0021 307 382 352 417
bicycle 0.0019 144 369 211 453
bicycle 0.0019 50 389 65 411
bicycle 0.0018 30 407 49 446
bicycle 0.0018 160 371 186 403
bicycle 0.0018 322 395 353 420
bicycle 0.0017 233 329 379 414
bicycle 0.0017 41 391 59 446
bicycle 0.0016 78 400 96 434
bicycle 0.0016 367 375 381 402
bicycle 0.0015 353 360 363 378
bicycle 0.0014 45 393 59 422
bicycle 0.0013 336 404 357 432
bicycle 0.0013 315 390 340 410
bicycle 0.0013 147 375 167 403
bicycle 0.0013 0 388 18 430
bicycle 0.0013 329 366 347 388
bicycle 0.0012 334 395 361 421
bicycle 0.0012 155 392 172 424
bicycle 0.0011 45 387 57 411
bicycle 0.0011 155 366 176 394
bicycle 0.0011 65 387 89 409
bicycle 0.0011 135 399 157 435
bicycle 0.0011 66 378 315 499
bicycle 0.0010 369 380 378 413
bicycle 0.0010 65 417 87 435
bicycle 0.0010 251 329 376 489
bicycle 0.0010 331 402 365 450
bicycle 0.0010 14 407 30 446
bicycle 0.0010 330 385 368 410
bicycle 0.0010 161 393 207 444
bicycle 0.0010 319 389 356 410
car 0.0058 56 418 78 434
car 0.0054 53 416 71 436
car 0.0035 178 362 194 374
car 0.0034 336 363 361 392
car 0.0014 313 358 366 400
car 0.0012 339 359 374 401
car 0.0011 353 360 363 378
car 0.0011 349 354 364 365
car 0.0011 50 387 93 434
car 0.0010 185 363 199 371
motorbike 0.0036 154 308 384 494
motorbike 0.0027 353 376 378 405
motorbike 0.0024 336 370 377 414
motorbike 0.0022 3 372 56 467
motorbike 0.0019 336 365 360 390
motorbike 0.0013 333 349 375 402
boat 0.0019 339 359 374 401
bird 0.0012 371 261 378 267
horse 0.0010 56 387 97 434
bottle 0.0291 260 400 277 420
bottle 0.0109 266 391 279 404
bottle 0.0096 259 405 271 426
bottle 0.0084 243 402 257 432
bottle 0.0065 273 380 288 395
bottle 0.0051 231 408 248 446
bottle 0.0030 245 400 257 420
bottle 0.0024 275 373 289 389
bottle 0.0019 244 409 261 443
bottle 0.0018 253 402 274 430
bottle 0.0017 268 384 279 397
bottle 0.0014 256 392 267 404
bottle 0.0013 233 404 270 448
bottle 0.0012 284 370 297 386
