person 0.9708 234 103 498 370
person 0.9506 0 62 163 367
person 0.9017 75 82 349 373
person 0.1572 365 84 500 373
person 0.0741 484 20 499 297
person 0.0536 335 207 497 376
person 0.0416 473 36 500 392
person 0.0325 487 22 499 182
person 0.0247 446 45 499 348
person 0.0168 280 129 393 335
person 0.0125 212 0 268 81
person 0.0098 317 151 392 285
person 0.0090 205 0 229 59
person 0.0078 488 81 500 205
person 0.0073 313 128 430 267
person 0.0058 492 5 500 112
person 0.0047 485 117 500 227
person 0.0047 476 84 499 241
person 0.0047 45 -1 137 66
person 0.0033 201 5 288 121
person 0.0029 235 6 336 88
person 0.0027 492 42 500 96
person 0.0027 404 87 499 270
person 0.0027 1 58 494 331
person 0.0023 476 220 500 328
person 0.0022 398 247 501 376
person 0.0018 484 172 500 195
person 0.0017 193 122 315 249
person 0.0016 487 161 500 281
person 0.0016 237 -1 280 98
person 0.0015 209 106 379 267
person 0.0014 257 0 308 100
person 0.0014 136 106 298 278
person 0.0013 303 104 480 291
person 0.0013 486 -5 500 97
person 0.0012 182 1 228 54
person 0.0012 153 6 237 140
person 0.0012 478 4 500 201
person 0.0011 473 131 500 214
person 0.0011 1 78 91 351
person 0.0010 487 179 500 225
person 0.0010 317 148 348 283
dog 0.0012 486 29 500 212
bottle 0.0026 492 42 500 96
bottle 0.0025 492 5 500 112
bottle 0.0013 487 28 499 137
chair 0.9253 143 3 231 220
chair 0.1840 366 39 500 172
chair 0.1640 -3 63 149 368
chair 0.1300 105 2 168 215
chair 0.0703 332 171 373 257
chair 0.0651 -2 161 107 370
chair 0.0635 112 78 162 208
chair 0.0394 -1 100 61 360
chair 0.0390 231 120 518 380
chair 0.0382 88 83 392 371
chair 0.0364 23 12 164 207
chair 0.0322 0 44 34 81
chair 0.0321 317 158 362 280
chair 0.0296 369 42 496 112
chair 0.0216 218 126 272 194
chair 0.0214 0 68 54 139
chair 0.0191 260 155 301 213
chair 0.0180 -1 80 50 209
chair 0.0164 44 -2 138 64
chair 0.0111 112 2 172 124
chair 0.0109 225 111 360 260
chair 0.0104 368 24 501 363
chair 0.0101 330 149 415 246
chair 0.0101 47 0 153 134
chair 0.0095 193 122 315 249
chair 0.0085 486 27 499 251
chair 0.0066 0 43 32 155
chair 0.0058 0 107 20 364
chair 0.0049 0 40 118 176
chair 0.0046 487 28 499 137
chair 0.0042 0 124 9 221
chair 0.0040 175 94 322 211
chair 0.0039 365 74 501 239
chair 0.0037 223 136 335 223
chair 0.0036 205 0 229 59
chair 0.0034 309 176 396 289
chair 0.0033 0 104 17 215
chair 0.0032 0 123 14 186
chair 0.0030 164 66 224 162
chair 0.0030 145 2 221 82
chair 0.0029 113 66 166 143
chair 0.0027 0 237 59 366
chair 0.0026 0 28 23 69
chair 0.0025 490 44 500 109
chair 0.0025 19 231 490 368
chair 0.0025 -1 5 32 81
chair 0.0022 25 48 479 261
chair 0.0022 364 78 465 167
chair 0.0022 54 50 205 229
chair 0.0021 90 32 276 239
chair 0.0021 205 123 279 227
chair 0.0020 71 1 190 158
chair 0.0019 328 170 501 377
chair 0.0019 0 42 16 54
chair 0.0017 0 41 46 111
chair 0.0017 320 93 503 302
chair 0.0017 160 83 217 203
chair 0.0016 189 95 413 230
chair 0.0015 487 92 500 212
chair 0.0014 481 48 499 343
chair 0.0014 82 4 178 79
chair 0.0013 136 106 298 278
chair 0.0013 257 0 307 100
chair 0.0013 0 129 14 159
chair 0.0013 -4 306 105 372
chair 0.0012 406 84 500 316
chair 0.0012 339 185 367 236
chair 0.0011 203 124 398 199
chair 0.0011 0 119 25 266
chair 0.0011 143 3 183 47
chair 0.0010 175 121 377 312
chair 0.0010 0 41 17 73
chair 0.0010 114 135 158 210
chair 0.0010 8 56 160 146
chair 0.0010 493 -10 500 109
sofa 0.0855 367 39 500 173
sofa 0.0508 367 24 501 363
sofa 0.0350 235 119 497 375
sofa 0.0077 88 83 392 371
sofa 0.0059 365 74 501 239
sofa 0.0051 -3 63 149 368
sofa 0.0040 486 29 500 212
sofa 0.0040 313 128 430 267
sofa 0.0036 369 42 496 112
sofa 0.0024 -2 161 107 370
sofa 0.0017 19 231 490 368
sofa 0.0017 -1 100 61 360
sofa 0.0016 335 207 497 376
sofa 0.0011 320 93 503 302
sofa 0.0011 -1 47 52 169
sofa 0.0010 482 30 499 324
diningtable 0.0353 45 -1 137 66
diningtable 0.0160 0 68 54 139
diningtable 0.0134 23 12 164 207
diningtable 0.0061 0 40 118 176
diningtable 0.0061 47 0 153 134
diningtable 0.0047 0 45 34 115
diningtable 0.0026 -1 80 50 209
diningtable 0.0019 0 38 85 130
diningtable 0.0018 -2 59 149 342
diningtable 0.0017 487 22 499 182
diningtable 0.0015 8 56 160 146
diningtable 0.0012 105 2 168 215
diningtable 0.0012 484 20 499 297
diningtable 0.0010 0 42 33 77
diningtable 0.0010 0 51 23 186
