person 0.9811 383 61 500 378
person 0.9206 135 174 234 267
person 0.9128 7 173 209 370
person 0.8010 278 169 425 373
person 0.0494 297 171 336 259
person 0.0389 120 171 237 360
person 0.0214 485 48 500 390
person 0.0166 132 199 293 330
person 0.0164 303 171 336 224
person 0.0153 282 166 349 272
person 0.0101 139 229 222 290
person 0.0074 128 166 455 376
person 0.0074 411 195 454 266
person 0.0068 242 173 363 369
person 0.0062 157 237 202 283
person 0.0056 387 131 448 303
person 0.0055 208 244 453 374
person 0.0045 399 160 468 279
person 0.0036 404 189 466 364
person 0.0034 92 229 195 354
person 0.0029 416 206 446 256
person 0.0026 354 136 366 156
person 0.0022 447 70 500 366
person 0.0019 494 121 500 302
person 0.0018 422 230 450 269
person 0.0016 415 217 453 290
person 0.0015 166 258 312 361
person 0.0014 388 250 482 372
person 0.0014 390 185 445 240
person 0.0013 0 257 19 326
person 0.0013 305 181 321 222
person 0.0013 133 173 186 256
person 0.0011 493 196 500 379
person 0.0011 0 230 8 310
person 0.0011 129 179 355 280
person 0.0011 294 162 419 275
person 0.0011 474 120 500 388
person 0.0011 162 208 393 340
person 0.0010 143 229 259 317
car 0.0015 129 191 141 210
bottle 0.8644 235 222 254 284
bottle 0.0719 230 261 242 290
bottle 0.0270 410 176 452 261
bottle 0.0210 416 206 446 256
bottle 0.0145 391 180 438 224
bottle 0.0109 379 61 498 379
bottle 0.0100 399 160 468 279
bottle 0.0070 215 242 230 258
bottle 0.0064 236 251 254 287
bottle 0.0059 230 249 243 274
bottle 0.0051 385 137 411 188
bottle 0.0041 413 210 444 235
bottle 0.0037 229 232 245 285
bottle 0.0031 387 151 406 175
bottle 0.0027 390 164 406 183
bottle 0.0022 406 199 431 223
bottle 0.0019 387 150 428 207
bottle 0.0019 361 135 377 156
bottle 0.0018 237 221 249 243
bottle 0.0016 354 136 366 156
bottle 0.0016 418 201 438 225
bottle 0.0014 203 246 275 305
bottle 0.0014 183 206 296 302
bottle 0.0011 382 136 399 170
bottle 0.0010 157 237 202 283
bottle 0.0010 112 237 130 262
chair 0.8273 365 263 457 372
chair 0.5757 0 261 70 375
chair 0.2283 2 263 170 373
chair 0.1202 278 261 459 373
chair 0.0453 127 301 165 336
chair 0.0301 0 261 28 373
chair 0.0164 -1 313 31 378
chair 0.0163 0 261 12 317
chair 0.0155 213 297 298 374
chair 0.0154 412 236 424 267
chair 0.0154 272 318 337 376
chair 0.0081 133 296 162 320
chair 0.0066 131 236 151 266
chair 0.0054 166 258 312 361
chair 0.0047 0 260 23 318
chair 0.0040 136 304 161 314
chair 0.0037 14 189 204 387
chair 0.0033 -1 307 54 384
chair 0.0029 130 262 166 333
chair 0.0027 493 209 500 386
chair 0.0025 133 244 164 269
chair 0.0024 145 176 230 265
chair 0.0024 169 307 185 343
chair 0.0024 191 315 226 375
chair 0.0024 443 243 501 372
chair 0.0021 495 271 499 382
chair 0.0021 -1 263 14 372
chair 0.0021 151 301 220 364
chair 0.0020 82 251 281 353
chair 0.0019 0 315 12 374
chair 0.0019 375 234 498 375
chair 0.0018 219 316 273 375
chair 0.0016 479 252 500 372
chair 0.0016 168 306 205 347
chair 0.0015 408 215 464 370
chair 0.0015 0 217 18 337
chair 0.0014 0 290 10 323
chair 0.0013 266 294 356 373
chair 0.0013 0 351 32 379
chair 0.0013 399 232 422 268
chair 0.0012 0 230 8 310
chair 0.0011 265 185 418 390
chair 0.0010 421 231 453 287
chair 0.0010 160 307 176 341
chair 0.0010 453 294 495 371
chair 0.0010 131 224 148 259
sofa 0.0015 366 267 458 379
sofa 0.0014 0 315 29 375
sofa 0.0014 0 261 28 373
pottedplant 0.1267 136 173 165 229
pottedplant 0.0247 140 135 176 223
pottedplant 0.0178 144 173 167 215
pottedplant 0.0157 33 187 57 221
pottedplant 0.0065 0 261 28 373
pottedplant 0.0061 133 174 186 255
pottedplant 0.0054 139 194 161 227
pottedplant 0.0054 134 195 163 244
pottedplant 0.0051 -1 263 14 372
pottedplant 0.0033 151 137 166 165
pottedplant 0.0032 163 249 196 285
pottedplant 0.0026 369 42 505 417
pottedplant 0.0024 202 254 233 297
pottedplant 0.0024 138 208 157 232
pottedplant 0.0018 125 159 171 239
pottedplant 0.0016 147 199 165 222
pottedplant 0.0016 408 215 464 370
pottedplant 0.0014 127 185 147 217
pottedplant 0.0013 136 165 229 240
pottedplant 0.0012 123 181 157 242
pottedplant 0.0012 129 191 141 210
pottedplant 0.0012 0 290 10 323
pottedplant 0.0012 0 257 19 326
pottedplant 0.0011 148 132 171 195
pottedplant 0.0010 29 184 63 236
diningtable 0.6757 135 265 303 341
diningtable 0.1561 202 254 233 297
diningtable 0.1115 191 252 246 302
diningtable 0.0747 132 229 294 321
diningtable 0.0712 138 291 294 307
diningtable 0.0292 189 290 302 372
diningtable 0.0162 180 246 294 309
diningtable 0.0118 177 253 393 372
diningtable 0.0095 126 300 164 336
diningtable 0.0091 189 273 282 304
diningtable 0.0086 103 175 331 336
diningtable 0.0056 152 294 298 315
diningtable 0.0055 11 249 235 369
diningtable 0.0050 147 290 226 309
diningtable 0.0037 134 291 273 372
diningtable 0.0036 232 221 255 287
diningtable 0.0032 136 304 161 314
diningtable 0.0029 133 296 162 320
diningtable 0.0029 124 269 242 317
diningtable 0.0028 266 170 417 373
diningtable 0.0028 168 274 246 299
diningtable 0.0027 -1 286 30 376
diningtable 0.0026 228 308 330 370
diningtable 0.0018 154 281 200 295
diningtable 0.0017 19 169 269 380
diningtable 0.0015 229 261 243 291
diningtable 0.0015 217 317 293 373
diningtable 0.0014 143 173 248 273
diningtable 0.0014 188 219 256 295
diningtable 0.0012 -1 263 14 372
diningtable 0.0011 0 261 12 317
diningtable 0.0011 119 250 171 338
diningtable 0.0011 120 171 237 360
diningtable 0.0010 62 210 261 337
diningtable 0.0010 219 277 272 297
diningtable 0.0010 1 269 67 379
tvmonitor 0.0024 -1 313 31 378
