person 0.9860 87 67 178 333
person 0.9843 161 80 240 338
person 0.9833 239 64 327 337
person 0.9755 305 53 398 330
person 0.8626 207 61 259 334
person 0.0167 211 59 255 183
person 0.0072 479 125 499 346
person 0.0069 194 77 254 218
person 0.0043 452 247 501 352
person 0.0039 112 73 388 349
person 0.0037 450 121 500 348
person 0.0031 216 95 252 154
person 0.0022 489 245 500 332
person 0.0017 493 157 500 304
person 0.0015 176 106 201 146
person 0.0015 180 123 198 165
person 0.0013 165 95 200 181
person 0.0012 172 124 232 235
person 0.0010 99 97 159 256
person 0.0010 412 59 421 68
boat 0.0058 450 122 460 126
boat 0.0010 241 72 328 344
boat 0.0010 458 122 473 126
bird 0.3788 452 310 500 350
bird 0.0608 452 274 500 352
bird 0.0119 453 308 497 327
bird 0.0078 486 305 500 349
bird 0.0057 490 244 500 295
bird 0.0054 482 253 501 336
bird 0.0050 451 187 501 344
bird 0.0043 491 204 500 314
bird 0.0028 492 245 500 276
bird 0.0016 451 313 485 324
bird 0.0015 487 286 500 330
bird 0.0014 487 339 500 353
bird 0.0014 412 59 421 68
bird 0.0013 478 164 499 344
bird 0.0011 450 122 460 126
bird 0.0010 474 306 499 327
bird 0.0010 471 241 500 354
cat 0.0011 452 310 500 350
dog 0.0060 452 310 500 351
bottle 0.0138 314 200 325 218
bottle 0.0130 366 168 388 202
bottle 0.0058 359 170 381 196
bottle 0.0044 357 174 368 188
bottle 0.0024 293 349 312 359
bottle 0.0023 370 162 386 186
bottle 0.0017 192 180 218 203
bottle 0.0017 202 177 215 192
bottle 0.0017 365 150 393 198
bottle 0.0013 170 183 187 207
bottle 0.0011 291 167 300 180
bottle 0.0010 180 184 210 205
bottle 0.0010 362 177 384 203
