person 0.9834 49 32 271 389
person 0.9554 204 95 295 376
person 0.8882 0 62 85 373
person 0.7992 267 105 411 376
person 0.7906 371 103 501 373
person 0.3149 396 9 500 158
person 0.0837 478 50 500 380
person 0.0503 447 21 500 372
person 0.0434 124 86 190 345
person 0.0361 -1 166 60 364
person 0.0359 399 10 500 305
person 0.0241 467 14 500 301
person 0.0115 450 11 499 209
person 0.0084 0 227 31 364
person 0.0080 0 278 45 377
person 0.0079 452 9 500 107
person 0.0079 206 93 293 225
person 0.0069 229 158 285 383
person 0.0066 129 144 173 338
person 0.0064 0 122 24 348
person 0.0054 468 59 500 184
person 0.0047 492 142 500 299
person 0.0046 272 290 393 374
person 0.0038 223 114 286 286
person 0.0038 0 68 70 253
person 0.0035 491 77 500 248
person 0.0030 13 248 72 371
person 0.0030 151 96 431 379
person 0.0023 -14 70 210 367
person 0.0022 297 35 497 357
person 0.0018 123 73 308 378
person 0.0018 493 191 500 347
person 0.0016 275 238 430 371
person 0.0015 395 84 443 166
person 0.0015 135 159 169 268
person 0.0013 238 166 350 342
person 0.0012 263 110 376 291
person 0.0012 92 150 249 357
person 0.0011 228 282 262 370
person 0.0010 492 3 499 131
person 0.0010 348 60 477 236
bottle 0.0025 394 166 401 183
bottle 0.0020 202 87 291 351
bottle 0.0012 313 166 331 196
chair 0.0783 68 292 107 374
chair 0.0412 271 242 315 299
chair 0.0297 271 296 392 374
chair 0.0036 228 282 262 370
chair 0.0028 270 250 318 339
chair 0.0024 380 157 396 188
chair 0.0019 263 229 408 373
chair 0.0017 256 246 327 371
chair 0.0015 493 169 500 311
chair 0.0013 83 292 257 374
chair 0.0012 478 50 500 380
chair 0.0011 42 293 138 374
chair 0.0011 363 294 397 316
chair 0.0010 251 202 305 343
chair 0.0010 134 145 181 341
sofa 0.0172 271 296 392 374
sofa 0.0028 263 229 408 373
sofa 0.0011 206 105 293 388
