person 0.9844 470 276 500 342
person 0.6742 410 280 420 309
person 0.4414 302 284 318 306
person 0.2538 124 263 153 289
person 0.1070 147 254 168 287
person 0.0964 289 273 314 301
person 0.0830 369 282 387 297
person 0.0606 129 260 148 284
person 0.0464 312 279 334 300
person 0.0382 135 263 162 291
person 0.0245 322 288 335 306
person 0.0154 152 261 180 293
person 0.0137 493 304 500 326
person 0.0134 264 289 280 304
person 0.0128 492 296 500 317
person 0.0120 292 276 335 305
person 0.0091 258 290 272 304
person 0.0081 120 262 143 281
person 0.0076 291 272 308 292
person 0.0064 490 285 500 315
person 0.0064 265 265 278 276
person 0.0062 149 249 165 275
person 0.0060 110 255 150 296
person 0.0057 268 272 330 307
person 0.0055 -1 147 202 330
person 0.0046 262 268 284 285
person 0.0044 469 302 482 333
person 0.0039 236 289 251 304
person 0.0038 259 287 286 305
person 0.0035 470 309 481 327
person 0.0032 492 279 500 299
person 0.0031 491 293 500 338
person 0.0028 255 262 289 292
person 0.0028 405 276 418 307
person 0.0026 199 262 208 276
person 0.0026 278 271 293 288
person 0.0025 224 288 245 304
person 0.0025 189 266 366 331
person 0.0024 123 265 158 306
person 0.0024 151 277 168 295
person 0.0020 180 277 193 300
person 0.0019 3 34 489 336
person 0.0018 246 289 264 303
person 0.0018 198 243 316 302
person 0.0016 154 276 181 296
person 0.0016 268 273 302 302
person 0.0015 253 276 292 301
person 0.0015 273 289 291 305
person 0.0015 318 298 341 311
person 0.0015 282 268 307 295
person 0.0014 170 279 188 297
person 0.0014 445 272 502 342
person 0.0014 472 275 497 302
person 0.0013 117 265 128 289
person 0.0013 492 313 499 339
person 0.0013 224 261 496 330
person 0.0012 161 262 192 295
person 0.0012 193 259 204 278
person 0.0012 348 300 357 315
person 0.0011 262 257 306 301
person 0.0011 284 286 305 305
person 0.0010 190 286 206 306
person 0.0010 168 266 186 292
person 0.0010 169 260 183 279
person 0.0010 106 209 394 331
bicycle 0.0016 187 312 209 340
car 0.9691 195 283 361 341
car 0.0064 471 276 499 323
car 0.0044 200 279 231 302
car 0.0031 310 282 335 308
car 0.0031 491 288 500 312
car 0.0020 312 298 336 312
car 0.0015 197 286 214 304
car 0.0014 493 304 500 326
car 0.0013 306 294 339 318
car 0.0012 187 287 214 340
motorbike 0.0021 187 312 209 340
motorbike 0.0016 492 296 500 317
aeroplane 0.0037 197 239 315 304
bus 0.9974 -1 158 204 359
bus 0.0302 198 243 316 302
bus 0.0151 427 269 501 318
bus 0.0028 180 281 349 340
train 0.0135 427 269 501 318
train 0.0021 208 237 321 286
train 0.0011 0 144 202 337
boat 0.0023 210 239 320 296
dog 0.0016 470 312 483 338
pottedplant 0.0022 369 282 387 297
