person 0.8158 184 10 463 309
person 0.1060 33 16 528 354
person 0.0051 131 0 186 16
person 0.0031 39 40 308 342
person 0.0014 72 0 109 72
person 0.0011 67 0 212 67
cat 0.0166 51 60 211 181
cat 0.0064 49 47 287 319
cat 0.0020 113 56 202 119
cat 0.0014 5 11 506 364
cat 0.0012 72 0 109 72
dog 0.4741 46 44 289 322
dog 0.0774 51 60 211 181
dog 0.0462 38 40 475 385
dog 0.0074 110 54 206 146
dog 0.0049 72 0 109 72
dog 0.0010 25 146 315 367
chair 0.1108 11 12 504 364
chair 0.0561 67 0 212 67
chair 0.0253 72 0 109 72
chair 0.0056 74 4 253 118
chair 0.0028 211 249 499 374
chair 0.0020 39 40 308 342
chair 0.0020 108 44 213 126
chair 0.0018 0 0 12 56
sofa 0.7001 11 12 504 364
sofa 0.0124 151 16 444 299
sofa 0.0123 27 39 264 348
sofa 0.0104 211 249 499 374
sofa 0.0104 287 14 501 364
sofa 0.0059 76 -1 243 82
sofa 0.0051 22 70 153 364
sofa 0.0020 73 0 110 71
sofa 0.0018 96 255 411 353
sofa 0.0010 13 224 505 380
