person 0.8670 159 222 179 249
person 0.1478 156 238 168 250
person 0.1398 156 234 183 256
person 0.1083 153 223 186 257
person 0.0300 289 241 316 266
person 0.0260 153 235 174 253
person 0.0199 170 237 186 255
person 0.0136 192 216 201 232
person 0.0113 163 247 194 259
person 0.0084 169 222 186 248
person 0.0071 194 213 201 224
person 0.0059 163 218 177 240
person 0.0045 148 248 177 261
person 0.0043 254 74 260 87
person 0.0041 185 217 195 234
person 0.0040 77 252 84 260
person 0.0038 239 82 253 97
person 0.0035 147 212 322 268
person 0.0030 1 87 9 118
person 0.0030 0 100 8 118
person 0.0019 173 216 187 238
person 0.0018 178 250 197 259
person 0.0015 292 257 316 267
person 0.0014 181 220 195 248
person 0.0012 169 213 190 244
person 0.0012 239 67 253 95
car 0.0027 289 241 316 266
car 0.0019 0 100 8 118
car 0.0015 6 105 25 115
boat 0.6391 289 241 316 266
boat 0.2880 164 42 198 255
boat 0.2356 149 245 187 260
boat 0.0903 157 233 182 255
boat 0.0371 156 46 229 267
boat 0.0180 148 225 325 268
boat 0.0166 151 56 321 263
boat 0.0153 153 223 186 257
boat 0.0078 163 247 194 259
boat 0.0062 178 250 197 259
boat 0.0045 105 43 213 272
boat 0.0030 153 235 174 253
boat 0.0027 144 242 201 265
boat 0.0023 292 257 316 267
boat 0.0022 156 238 168 250
boat 0.0022 166 235 188 256
boat 0.0017 145 187 324 264
boat 0.0012 149 256 175 264
boat 0.0011 148 254 192 267
boat 0.0011 164 249 312 275
boat 0.0011 287 261 308 268
boat 0.0010 148 250 160 260
boat 0.0010 77 252 84 260
bird 0.1940 77 252 84 260
bird 0.0137 74 252 82 260
