person 0.0022 136 261 178 299
person 0.0014 133 268 168 314
car 0.0014 133 268 168 314
bird 0.0055 134 273 166 302
dog 0.0011 49 217 127 276
dog 0.0011 80 155 108 185
dog 0.0010 207 160 238 209
horse 0.0029 457 151 498 189
horse 0.0021 80 155 108 184
horse 0.0017 56 187 91 217
horse 0.0012 21 193 50 224
sheep 0.0035 207 160 238 209
sheep 0.0034 40 214 126 268
sheep 0.0019 482 156 501 188
sheep 0.0019 80 155 108 185
sheep 0.0019 457 147 498 185
sheep 0.0013 55 186 91 217
sheep 0.0013 20 192 50 226
cow 0.9843 44 216 125 268
cow 0.9773 207 160 238 209
cow 0.8928 80 156 107 184
cow 0.8859 55 186 91 217
cow 0.8319 457 151 498 189
cow 0.5372 21 193 50 225
cow 0.1429 482 155 500 188
cow 0.0359 54 190 76 216
cow 0.0308 456 149 480 180
cow 0.0185 45 187 94 231
cow 0.0184 7 184 116 262
cow 0.0169 459 149 492 164
cow 0.0158 458 160 476 183
cow 0.0117 21 188 83 220
cow 0.0116 494 141 500 168
cow 0.0088 3 157 114 231
cow 0.0068 458 150 477 163
cow 0.0066 471 158 499 202
cow 0.0035 37 211 68 233
cow 0.0035 12 140 250 236
cow 0.0033 399 140 419 151
cow 0.0030 476 166 499 192
cow 0.0026 14 98 494 284
cow 0.0026 31 196 72 224
cow 0.0023 -1 140 129 306
cow 0.0019 63 184 94 207
cow 0.0019 11 177 21 189
cow 0.0019 491 128 500 182
cow 0.0016 485 157 500 225
cow 0.0015 476 144 499 245
cow 0.0015 38 203 84 238
cow 0.0013 22 164 146 274
cow 0.0012 22 200 62 240
cow 0.0012 465 143 500 170
cow 0.0012 4 114 191 269
cow 0.0012 461 169 492 189
cow 0.0012 20 193 33 213
cow 0.0011 96 135 489 240
cow 0.0010 1 68 122 237
cow 0.0010 70 242 93 259
cow 0.0010 479 123 500 310
