person 0.0049 161 207 206 304
car 0.0045 11 -6 484 361
boat 0.0012 19 235 479 348
bottle 0.5828 258 200 293 307
bottle 0.5549 157 221 203 305
bottle 0.4414 219 206 254 307
bottle 0.1078 284 205 357 306
bottle 0.0263 106 200 390 327
bottle 0.0154 284 207 357 252
bottle 0.0119 240 202 308 311
bottle 0.0039 291 258 346 306
bottle 0.0023 321 207 358 301
bottle 0.0016 189 232 221 307
bottle 0.0012 197 256 219 306
sofa 0.0076 13 8 484 293
diningtable 0.0049 19 235 479 348
diningtable 0.0021 106 200 390 327
diningtable 0.0011 34 292 469 355
tvmonitor 0.0010 13 9 485 290
