person 0.8447 30 113 293 492
person 0.7218 57 230 230 483
person 0.0129 288 194 375 475
person 0.0039 212 125 373 473
person 0.0022 -1 186 93 483
person 0.0015 0 227 93 367
bottle 0.0372 320 175 352 243
bottle 0.0010 98 429 132 470
chair 0.1943 46 126 313 495
chair 0.0299 289 240 374 508
chair 0.0149 3 198 85 383
chair 0.0140 1 241 86 502
chair 0.0096 317 393 376 426
chair 0.0089 298 392 374 499
chair 0.0082 184 106 328 491
chair 0.0067 0 343 55 383
chair 0.0028 0 352 67 500
chair 0.0027 53 245 234 493
chair 0.0027 319 167 372 244
chair 0.0027 60 116 338 326
chair 0.0020 319 179 350 248
chair 0.0018 1 152 96 221
chair 0.0014 59 388 305 498
chair 0.0014 213 401 302 500
chair 0.0012 -1 314 60 430
chair 0.0012 1 336 55 366
sofa 0.6404 46 126 313 495
sofa 0.0753 294 248 375 497
sofa 0.0239 60 116 338 326
sofa 0.0233 184 106 328 491
sofa 0.0113 2 231 84 497
sofa 0.0079 -1 217 94 378
sofa 0.0065 300 391 377 498
sofa 0.0064 250 145 373 482
sofa 0.0047 213 401 302 500
sofa 0.0030 60 216 234 495
sofa 0.0030 -2 155 100 247
sofa 0.0028 59 388 305 498
sofa 0.0022 -1 211 92 242
sofa 0.0020 223 394 380 499
sofa 0.0016 -1 206 92 268
sofa 0.0015 0 352 67 500
sofa 0.0010 59 344 231 484
sofa 0.0010 0 141 163 496
sofa 0.0010 186 287 325 498
diningtable 0.1063 312 231 375 273
diningtable 0.0558 3 198 85 383
diningtable 0.0314 -1 211 92 242
diningtable 0.0157 319 179 350 248
diningtable 0.0086 304 208 372 280
diningtable 0.0080 -1 206 92 268
diningtable 0.0054 317 173 371 264
diningtable 0.0053 288 143 374 420
diningtable 0.0050 2 231 84 497
diningtable 0.0030 1 157 94 255
diningtable 0.0024 -1 348 51 387
diningtable 0.0013 294 248 375 497
diningtable 0.0011 312 225 376 328
