person 0.0334 237 0 374 196
person 0.0037 83 -2 375 205
person 0.0029 81 24 381 475
person 0.0015 216 -19 372 344
car 0.0911 1 -5 377 260
car 0.0175 -15 -16 387 503
car 0.0024 11 -3 364 136
car 0.0014 -1 0 140 45
car 0.0014 3 -1 222 109
car 0.0013 2 1 230 219
boat 0.0019 -15 -16 387 503
dog 0.9929 99 132 371 455
bottle 0.0022 237 -1 279 70
bottle 0.0012 232 -2 281 135
chair 0.0293 -8 -15 381 500
chair 0.0084 1 -5 377 260
chair 0.0022 237 0 374 196
sofa 0.1517 -15 -16 387 503
sofa 0.0362 1 -5 377 260
sofa 0.0025 92 132 375 490
sofa 0.0021 250 -2 374 187
