person 0.9635 235 86 492 375
person 0.0344 21 146 213 242
person 0.0135 215 204 221 215
person 0.0107 -15 117 517 339
person 0.0092 0 202 5 223
person 0.0078 65 196 75 209
person 0.0071 76 194 87 209
person 0.0067 57 195 68 209
person 0.0063 422 204 455 216
person 0.0050 159 154 175 167
person 0.0031 115 165 124 176
person 0.0029 124 164 134 176
person 0.0028 108 166 116 176
person 0.0024 427 204 470 222
person 0.0021 217 206 237 221
person 0.0019 87 192 98 209
person 0.0017 126 158 136 172
person 0.0014 11 214 18 223
person 0.0013 97 166 106 177
person 0.0012 60 180 67 189
person 0.0011 428 202 444 207
car 0.9580 401 206 458 234
car 0.6702 427 204 470 222
car 0.1120 221 204 247 221
car 0.0219 217 206 237 221
car 0.0096 422 204 455 216
car 0.0081 192 207 198 216
car 0.0074 228 202 257 220
car 0.0053 215 204 221 215
car 0.0028 19 145 215 244
car 0.0026 11 214 18 223
car 0.0021 208 200 221 209
car 0.0020 0 208 5 229
car 0.0018 218 211 235 226
car 0.0014 407 205 448 219
car 0.0013 222 210 245 225
car 0.0012 215 199 261 226
car 0.0012 457 203 469 221
car 0.0012 197 202 218 220
car 0.0010 248 203 256 217
car 0.0010 428 202 444 207
bus 0.9986 13 144 200 245
train 0.0029 27 144 206 246
