person 0.6955 260 49 363 174
person 0.6423 202 60 240 111
person 0.0095 139 41 177 79
person 0.0086 369 140 388 160
person 0.0060 244 46 427 191
person 0.0027 144 58 169 76
person 0.0026 210 93 239 114
person 0.0023 141 59 159 76
person 0.0020 105 6 149 38
person 0.0014 89 147 254 296
car 0.0017 230 278 259 307
aeroplane 0.0013 -6 232 128 264
bird 0.0065 106 6 135 36
bird 0.0022 103 6 155 39
cat 0.0010 105 6 149 38
dog 0.0078 105 6 149 38
horse 0.0017 105 6 149 38
cow 0.0013 105 6 149 38
bottle 0.0202 348 296 392 373
chair 0.7371 -2 293 256 372
chair 0.0131 82 284 196 339
chair 0.0025 5 294 105 372
chair 0.0023 0 292 25 374
chair 0.0015 0 229 122 273
chair 0.0011 17 291 468 374
chair 0.0011 0 292 55 374
tvmonitor 0.9906 0 102 116 223
tvmonitor 0.0623 144 150 259 249
tvmonitor 0.0312 262 47 364 183
tvmonitor 0.0201 253 49 477 191
tvmonitor 0.0029 4 24 493 280
tvmonitor 0.0028 479 98 500 208
tvmonitor 0.0020 471 68 501 291
tvmonitor 0.0019 72 119 277 283
