person 0.0062 425 108 448 136
person 0.0057 422 111 437 134
person 0.0030 357 118 379 145
person 0.0021 122 134 139 151
person 0.0017 492 142 499 201
person 0.0014 64 126 77 143
person 0.0014 120 115 141 150
person 0.0011 0 113 8 132
bicycle 0.0069 0 137 10 166
bicycle 0.0022 0 129 10 194
bicycle 0.0017 0 121 26 182
bicycle 0.0016 19 118 49 146
bicycle 0.0013 0 122 12 162
bicycle 0.0011 0 105 50 199
car 0.0200 492 149 499 213
car 0.0107 72 29 498 296
car 0.0086 492 134 499 189
car 0.0052 491 98 499 207
car 0.0045 487 124 500 227
bus 0.8559 72 29 498 296
bus 0.0237 0 92 90 245
bus 0.0033 491 98 499 207
bus 0.0019 32 84 320 263
bus 0.0011 492 149 499 213
train 0.0028 0 91 90 255
boat 0.0016 0 92 90 245
boat 0.0011 30 33 497 293
dog 0.0013 187 247 296 294
horse 0.0066 41 177 88 202
horse 0.0056 0 89 91 297
horse 0.0019 0 93 17 301
horse 0.0017 2 115 84 188
horse 0.0012 40 171 91 252
horse 0.0010 42 123 85 181
horse 0.0010 0 106 50 215
sheep 0.0014 41 177 88 202
cow 0.0113 41 177 88 202
cow 0.0017 0 92 91 292
cow 0.0011 40 171 91 252
