person 0.8810 0 105 252 355
person 0.0723 138 48 177 73
person 0.0432 156 144 255 254
person 0.0126 10 -6 497 394
person 0.0022 5 153 416 369
person 0.0019 57 79 370 310
person 0.0015 364 72 500 372
person 0.0013 -2 40 252 161
person 0.0011 137 48 224 81
person 0.0011 42 250 456 372
car 0.0024 11 -7 495 390
boat 0.0027 11 -7 495 390
dog 0.9280 240 135 492 373
dog 0.0020 71 82 496 378
chair 0.0755 364 72 500 372
chair 0.0046 238 106 496 367
chair 0.0029 10 -6 497 394
chair 0.0026 -2 40 252 162
chair 0.0018 42 250 456 372
chair 0.0015 -2 36 256 352
sofa 0.1949 364 72 500 372
sofa 0.1065 -2 40 252 162
sofa 0.0987 -2 36 256 352
sofa 0.0859 10 -6 497 394
sofa 0.0236 238 106 496 367
sofa 0.0077 42 250 456 372
sofa 0.0074 57 79 370 310
sofa 0.0030 159 145 254 252
sofa 0.0021 0 146 420 369
sofa 0.0019 -2 12 502 215
sofa 0.0013 86 44 322 165
sofa 0.0011 -2 30 110 130
sofa 0.0010 364 49 500 231
