person 0.9841 197 111 295 368
person 0.0332 346 194 357 205
person 0.0158 98 171 106 178
person 0.0114 106 172 114 179
person 0.0095 88 171 96 179
person 0.0094 461 168 472 181
person 0.0079 146 171 155 179
person 0.0068 116 170 123 178
person 0.0064 0 186 4 220
person 0.0060 365 170 377 180
person 0.0052 173 171 278 294
person 0.0049 426 176 432 183
person 0.0049 0 192 7 227
person 0.0044 355 169 364 180
person 0.0044 41 194 47 209
person 0.0043 471 168 481 180
person 0.0041 166 169 172 178
person 0.0039 346 169 355 180
person 0.0035 71 171 78 178
person 0.0035 453 168 463 181
person 0.0034 151 170 160 179
person 0.0033 441 168 452 180
person 0.0033 135 171 144 180
person 0.0032 478 169 489 178
person 0.0032 377 170 387 180
person 0.0031 0 182 6 259
person 0.0029 112 229 123 251
person 0.0026 95 228 112 256
person 0.0025 422 169 433 181
person 0.0022 415 176 424 182
person 0.0022 346 188 356 203
person 0.0020 0 168 10 178
person 0.0020 463 174 472 184
person 0.0020 0 171 6 216
person 0.0019 0 45 10 53
person 0.0019 411 171 426 180
person 0.0018 74 171 87 179
person 0.0017 443 176 452 183
person 0.0017 381 170 395 180
person 0.0016 347 175 355 184
person 0.0016 9 175 22 184
person 0.0016 329 170 337 178
person 0.0015 317 172 327 180
person 0.0015 126 170 135 178
person 0.0014 491 169 500 181
person 0.0014 177 167 225 254
person 0.0014 0 171 9 190
person 0.0013 432 167 444 181
person 0.0013 135 176 143 182
person 0.0013 37 170 49 176
person 0.0013 170 171 180 180
person 0.0012 5 170 23 180
person 0.0012 108 208 130 253
person 0.0011 433 176 443 182
person 0.0011 305 171 317 180
person 0.0010 46 171 57 178
car 0.1016 141 151 156 159
car 0.0333 490 174 500 184
car 0.0259 491 169 500 181
car 0.0191 478 169 489 178
car 0.0147 159 158 173 166
car 0.0130 155 158 167 165
car 0.0124 476 161 489 167
car 0.0123 136 152 145 158
car 0.0117 120 158 135 166
car 0.0090 170 156 185 165
car 0.0085 466 158 488 167
car 0.0076 134 158 145 164
car 0.0076 395 176 417 182
car 0.0060 141 158 157 163
car 0.0055 0 160 21 166
car 0.0046 183 159 194 166
car 0.0042 447 159 464 166
car 0.0041 345 162 357 168
car 0.0041 111 159 132 166
car 0.0040 491 157 500 171
car 0.0040 146 171 155 179
car 0.0038 151 170 160 179
car 0.0036 74 160 86 166
car 0.0035 461 168 472 181
car 0.0034 65 160 80 167
car 0.0033 55 159 67 166
car 0.0031 365 170 377 180
car 0.0031 381 170 395 180
car 0.0031 377 170 387 180
car 0.0031 113 151 142 161
car 0.0030 471 168 481 180
car 0.0030 395 172 420 180
car 0.0029 276 168 287 177
car 0.0029 20 161 31 167
car 0.0028 164 151 176 159
car 0.0027 86 159 112 167
car 0.0027 104 159 116 165
car 0.0027 479 174 490 184
car 0.0026 450 159 484 167
car 0.0026 135 171 144 180
car 0.0026 167 151 185 161
car 0.0025 435 161 459 168
car 0.0024 188 159 202 167
car 0.0021 84 161 102 167
car 0.0020 370 160 387 166
car 0.0019 317 172 327 180
car 0.0019 441 168 452 180
car 0.0019 166 169 172 178
car 0.0019 153 153 166 160
car 0.0018 453 168 463 181
car 0.0018 390 161 404 167
car 0.0018 109 150 134 159
car 0.0018 346 169 355 180
car 0.0017 430 161 447 167
car 0.0017 489 164 500 184
car 0.0015 392 171 408 180
car 0.0014 25 162 39 168
car 0.0014 35 162 48 169
car 0.0013 355 169 364 180
car 0.0013 365 159 378 165
car 0.0012 383 161 397 167
car 0.0012 415 176 424 182
car 0.0011 411 171 426 180
car 0.0011 331 168 351 180
car 0.0010 331 160 354 167
aeroplane 0.0536 0 45 10 53
aeroplane 0.0032 155 86 162 91
aeroplane 0.0029 476 161 489 167
aeroplane 0.0024 491 157 500 171
aeroplane 0.0021 491 169 500 181
aeroplane 0.0016 -1 160 15 168
aeroplane 0.0013 0 41 12 55
aeroplane 0.0012 0 44 10 66
bus 0.0011 141 151 156 159
boat 0.0301 490 174 500 184
boat 0.0274 86 159 112 167
boat 0.0190 -1 160 15 168
boat 0.0177 491 169 500 181
boat 0.0164 395 176 417 182
boat 0.0150 170 156 185 165
boat 0.0118 167 151 185 161
boat 0.0111 0 168 10 178
boat 0.0109 188 159 202 167
boat 0.0104 293 157 310 168
boat 0.0100 74 160 86 166
boat 0.0098 183 159 194 166
boat 0.0095 159 158 173 166
boat 0.0083 395 172 420 180
boat 0.0081 84 161 102 167
boat 0.0078 0 171 9 190
boat 0.0073 141 151 156 159
boat 0.0071 317 172 327 180
boat 0.0067 466 158 488 167
boat 0.0067 476 161 489 167
boat 0.0060 478 169 489 178
boat 0.0060 120 158 135 166
boat 0.0055 65 160 80 167
boat 0.0051 319 175 327 182
boat 0.0051 55 159 67 166
boat 0.0047 279 169 306 181
boat 0.0043 276 168 287 177
boat 0.0043 294 150 310 161
boat 0.0041 104 159 116 165
boat 0.0041 365 170 377 180
boat 0.0041 111 159 132 166
boat 0.0040 293 169 313 181
boat 0.0038 0 45 10 53
boat 0.0037 155 86 162 91
boat 0.0037 381 170 395 180
boat 0.0036 345 162 357 168
boat 0.0036 305 171 317 180
boat 0.0036 491 157 500 171
boat 0.0035 98 171 106 178
boat 0.0034 0 171 6 216
boat 0.0034 155 158 167 165
boat 0.0033 392 171 408 180
boat 0.0032 70 115 89 169
boat 0.0031 88 171 96 179
boat 0.0031 20 161 31 167
boat 0.0031 170 171 180 180
boat 0.0030 377 170 387 180
boat 0.0029 415 176 424 182
boat 0.0028 88 151 111 161
boat 0.0027 346 194 357 205
boat 0.0026 109 150 134 159
boat 0.0026 164 151 176 159
boat 0.0026 390 161 404 167
boat 0.0025 411 171 426 180
boat 0.0024 0 186 4 220
boat 0.0023 461 168 472 181
boat 0.0022 35 162 48 169
boat 0.0022 166 169 172 178
boat 0.0022 450 159 484 167
boat 0.0021 199 158 214 167
boat 0.0021 113 151 142 161
boat 0.0021 194 147 203 157
boat 0.0020 71 171 78 178
boat 0.0020 426 176 432 183
boat 0.0020 47 160 61 167
boat 0.0020 193 143 202 150
boat 0.0020 441 168 452 180
boat 0.0019 370 160 387 166
boat 0.0019 383 161 397 167
boat 0.0019 447 159 464 166
boat 0.0018 276 162 289 170
boat 0.0018 0 157 23 169
boat 0.0017 281 159 307 169
boat 0.0017 171 176 182 181
boat 0.0017 453 168 463 181
boat 0.0017 5 170 23 180
boat 0.0016 166 154 186 167
boat 0.0016 284 175 301 182
boat 0.0016 489 164 500 184
boat 0.0016 25 162 39 168
boat 0.0016 0 165 13 182
boat 0.0015 422 169 433 181
boat 0.0015 74 171 87 179
boat 0.0015 61 113 103 167
boat 0.0015 315 159 330 167
boat 0.0015 134 158 145 164
boat 0.0015 106 172 114 179
boat 0.0015 435 161 459 168
boat 0.0014 432 167 444 181
boat 0.0014 183 149 193 159
boat 0.0014 365 159 378 165
boat 0.0014 282 166 320 182
boat 0.0014 141 158 157 163
boat 0.0014 479 174 490 184
boat 0.0014 430 161 447 167
boat 0.0013 471 168 481 180
boat 0.0013 72 156 114 168
boat 0.0013 395 161 421 167
boat 0.0013 11 141 162 181
boat 0.0012 347 147 354 159
bird 0.2718 0 45 10 53
bird 0.1419 0 194 5 225
bird 0.1374 155 86 162 91
bird 0.1060 346 194 357 205
bird 0.0172 41 194 47 209
bird 0.0162 169 52 173 57
bird 0.0115 109 87 113 91
bird 0.0105 0 44 10 66
bird 0.0077 0 182 6 259
bird 0.0075 0 171 6 216
bird 0.0070 0 41 12 55
bird 0.0058 0 171 9 190
bird 0.0051 0 168 10 178
bird 0.0047 252 95 258 99
bird 0.0044 9 175 22 184
bird 0.0043 106 172 114 179
bird 0.0038 0 43 10 90
bird 0.0036 0 192 12 227
bird 0.0034 0 24 9 54
bird 0.0033 155 90 161 94
bird 0.0031 98 171 106 178
bird 0.0029 109 89 113 95
bird 0.0027 319 175 327 182
bird 0.0023 0 163 18 232
bird 0.0022 135 176 143 182
bird 0.0021 346 188 356 203
bird 0.0021 107 175 114 181
bird 0.0021 116 170 123 178
bird 0.0018 88 171 96 179
bird 0.0015 145 176 154 182
bird 0.0014 71 171 78 178
bird 0.0014 5 170 23 180
bird 0.0013 4 202 18 220
bird 0.0013 0 4 7 53
bird 0.0011 168 49 173 54
bird 0.0010 316 190 324 197
bird 0.0010 15 175 30 185
bird 0.0010 1 191 22 230
bird 0.0010 88 176 97 181
dog 0.0083 346 194 357 205
dog 0.0067 0 194 5 225
dog 0.0017 0 182 6 259
sheep 0.0062 0 194 5 225
cow 0.0032 0 194 5 225
bottle 0.8332 207 269 222 313
bottle 0.0140 205 222 225 329
bottle 0.0021 199 126 292 373
bottle 0.0020 198 253 214 285
bottle 0.0015 205 243 223 298
bottle 0.0013 197 266 215 290
