person 0.9146 447 298 462 351
person 0.6420 482 313 500 374
person 0.1499 485 312 500 342
person 0.0378 489 310 500 328
person 0.0267 487 334 500 374
person 0.0204 448 298 462 321
person 0.0160 490 354 500 374
person 0.0135 443 300 456 348
person 0.0044 120 228 135 239
person 0.0024 441 294 497 368
person 0.0023 115 232 128 242
person 0.0022 493 294 500 322
person 0.0019 481 272 500 360
person 0.0018 249 240 497 373
person 0.0015 436 289 470 349
person 0.0014 116 225 129 241
person 0.0013 422 304 431 332
person 0.0012 0 118 12 355
person 0.0011 395 300 497 372
person 0.0010 446 299 454 318
aeroplane 0.0090 102 59 493 381
aeroplane 0.0047 144 187 446 361
train 0.0031 97 9 493 380
train 0.0024 144 187 446 361
train 0.0012 0 131 13 373
boat 0.0072 97 9 493 380
bird 0.0022 120 228 135 239
bird 0.0012 115 232 128 242
dog 0.0013 490 354 500 374
