person 0.7825 195 187 272 367
person 0.4278 153 189 184 260
person 0.0209 45 57 67 102
person 0.0182 151 187 188 327
person 0.0103 182 201 212 245
person 0.0083 240 219 250 231
person 0.0067 182 212 201 240
person 0.0053 194 197 267 285
person 0.0043 129 91 139 108
person 0.0041 243 221 271 296
person 0.0040 95 106 108 118
person 0.0038 180 219 203 251
person 0.0034 200 212 256 261
person 0.0034 259 210 269 237
person 0.0033 252 213 267 235
person 0.0030 154 199 203 270
person 0.0029 91 105 110 138
person 0.0027 203 209 211 220
person 0.0026 261 208 268 226
person 0.0025 225 213 268 334
person 0.0022 246 226 267 265
person 0.0021 313 183 331 332
person 0.0019 105 113 115 142
person 0.0018 183 193 249 250
person 0.0016 256 208 272 262
person 0.0015 1 117 11 124
person 0.0015 157 188 181 229
person 0.0013 201 211 216 238
person 0.0013 238 219 258 250
person 0.0012 249 216 268 254
person 0.0011 158 214 181 254
person 0.0011 234 220 246 231
person 0.0011 235 208 245 226
person 0.0010 23 111 32 125
person 0.0010 289 176 331 492
person 0.0010 238 215 255 236
bicycle 0.0078 236 144 293 194
bicycle 0.0017 158 218 270 383
bicycle 0.0016 169 299 191 347
bicycle 0.0015 158 242 200 346
car 0.0040 246 235 271 289
car 0.0018 257 239 274 287
car 0.0013 194 189 271 341
motorbike 0.7674 158 218 270 383
motorbike 0.0422 157 230 230 358
motorbike 0.0404 158 242 200 346
motorbike 0.0359 239 140 293 195
motorbike 0.0129 246 235 271 289
motorbike 0.0088 257 239 274 287
motorbike 0.0043 167 282 191 348
motorbike 0.0029 151 187 188 327
motorbike 0.0025 194 189 271 341
motorbike 0.0021 238 220 274 299
motorbike 0.0018 253 230 284 294
motorbike 0.0015 242 209 269 276
motorbike 0.0015 142 230 178 323
motorbike 0.0013 266 248 292 301
motorbike 0.0013 157 216 200 293
motorbike 0.0011 239 157 277 194
motorbike 0.0011 255 184 295 298
motorbike 0.0010 227 221 275 371
bus 0.0012 287 176 332 493
pottedplant 0.0019 41 10 87 79
pottedplant 0.0012 57 17 94 67
