chair 0.9541 361 20 427 135
chair 0.8692 428 17 501 229
chair 0.0938 107 69 460 368
chair 0.0203 480 28 500 242
chair 0.0153 420 18 489 133
chair 0.0122 427 24 447 53
chair 0.0092 488 70 500 235
chair 0.0072 420 19 474 56
chair 0.0065 159 2 239 90
chair 0.0054 358 23 430 67
chair 0.0049 346 20 474 194
chair 0.0042 445 17 471 39
chair 0.0041 417 24 440 56
chair 0.0039 410 25 458 97
chair 0.0029 448 16 468 27
chair 0.0023 431 23 445 40
chair 0.0022 430 21 461 53
chair 0.0020 426 20 466 115
chair 0.0017 440 82 499 263
chair 0.0016 356 22 464 104
chair 0.0016 483 19 500 105
chair 0.0015 483 85 499 306
chair 0.0015 49 59 240 378
chair 0.0014 395 24 440 129
chair 0.0014 418 38 435 58
chair 0.0014 412 53 457 138
chair 0.0013 489 23 500 169
chair 0.0011 368 54 452 139
chair 0.0011 420 19 492 77
chair 0.0010 450 20 499 131
sofa 0.9648 32 67 455 367
sofa 0.0048 49 59 240 378
sofa 0.0015 50 54 425 220
diningtable 0.1408 421 13 497 233
diningtable 0.0504 356 21 461 138
diningtable 0.0470 420 18 489 133
diningtable 0.0453 418 40 434 57
diningtable 0.0362 418 18 485 61
diningtable 0.0335 416 24 449 62
diningtable 0.0235 417 48 434 60
diningtable 0.0178 410 25 458 97
diningtable 0.0147 417 39 436 71
diningtable 0.0094 398 13 500 73
diningtable 0.0084 427 24 447 53
diningtable 0.0083 358 23 461 62
diningtable 0.0077 480 28 500 242
diningtable 0.0059 387 22 482 106
diningtable 0.0049 416 29 437 107
diningtable 0.0031 408 36 433 60
diningtable 0.0030 419 32 457 140
diningtable 0.0030 385 8 496 155
diningtable 0.0029 396 38 441 74
diningtable 0.0022 400 47 468 145
diningtable 0.0019 397 22 439 114
diningtable 0.0019 339 23 487 206
diningtable 0.0016 401 24 438 54
diningtable 0.0016 412 39 444 134
diningtable 0.0014 426 20 466 115
diningtable 0.0011 410 25 429 53
tvmonitor 0.0091 -1 48 101 200
tvmonitor 0.0025 0 2 59 48
tvmonitor 0.0024 0 27 65 49
tvmonitor 0.0010 0 38 68 57
