person 0.9916 0 79 29 161
person 0.2363 255 125 314 163
person 0.0060 0 97 6 119
person 0.0058 -1 81 11 156
person 0.0058 117 142 154 171
person 0.0045 290 141 314 166
person 0.0034 367 78 371 83
person 0.0030 312 74 317 81
person 0.0025 2 97 24 136
person 0.0023 -1 98 7 136
person 0.0018 279 137 306 157
person 0.0017 0 87 6 109
person 0.0015 281 135 320 161
person 0.0014 455 78 459 84
person 0.0011 141 142 152 153
person 0.0010 266 138 324 172
person 0.0010 278 144 310 164
boat 0.0010 262 160 322 171
bird 0.0093 256 125 313 163
bird 0.0068 116 142 155 170
bird 0.0027 141 142 152 153
bird 0.0020 312 74 317 81
cat 0.0113 116 142 155 170
cat 0.0020 40 133 103 175
cat 0.0011 256 125 313 163
dog 0.9756 30 134 104 174
dog 0.9089 117 142 155 172
dog 0.7786 254 126 315 162
dog 0.0445 141 142 152 153
dog 0.0108 119 140 154 156
dog 0.0079 266 138 324 172
dog 0.0061 257 131 292 155
dog 0.0049 256 127 269 140
dog 0.0027 35 143 173 177
dog 0.0018 43 151 100 176
dog 0.0015 279 137 306 157
dog 0.0013 141 144 152 161
dog 0.0013 116 166 157 177
dog 0.0012 87 148 154 177
dog 0.0011 291 141 311 156
dog 0.0010 47 168 94 178
dog 0.0010 114 133 151 164
dog 0.0010 259 127 307 149
horse 0.0244 256 125 313 163
horse 0.0033 40 133 103 175
horse 0.0019 117 142 154 171
sheep 0.0242 256 125 313 163
sheep 0.0072 40 133 103 175
sheep 0.0020 113 143 152 170
cow 0.0226 256 125 313 163
cow 0.0018 40 133 103 175
cow 0.0017 117 142 154 171
