person 0.9797 1 1 249 371
person 0.6707 253 3 495 373
person 0.0309 18 4 546 380
person 0.0013 0 178 22 369
person 0.0010 0 7 63 367
dog 0.9491 194 133 396 372
dog 0.0078 33 121 473 382
chair 0.0150 2 35 217 351
chair 0.0078 0 18 100 360
chair 0.0075 425 8 468 85
chair 0.0055 271 4 474 84
chair 0.0053 2 9 214 191
chair 0.0036 1 51 496 378
chair 0.0025 0 291 19 374
chair 0.0025 0 0 64 42
chair 0.0022 9 13 85 179
chair 0.0021 0 0 27 35
chair 0.0020 0 3 11 52
chair 0.0018 407 -26 500 342
chair 0.0016 0 336 22 375
chair 0.0016 266 10 482 149
chair 0.0015 473 3 500 79
chair 0.0014 251 3 497 375
chair 0.0013 0 210 22 375
chair 0.0012 250 0 294 6
chair 0.0011 218 2 250 9
chair 0.0010 146 0 225 13
sofa 0.7835 -8 1 509 386
sofa 0.0252 190 116 395 363
sofa 0.0050 11 19 492 191
sofa 0.0046 2 35 217 351
sofa 0.0040 251 3 497 375
sofa 0.0021 0 8 92 383
sofa 0.0018 94 8 485 118
sofa 0.0018 47 100 457 341
sofa 0.0017 0 246 20 375
sofa 0.0015 261 3 487 195
sofa 0.0015 407 -26 500 342
sofa 0.0014 270 9 475 106
sofa 0.0013 24 218 307 369
sofa 0.0011 2 9 214 191
sofa 0.0010 0 101 61 369
sofa 0.0010 0 180 97 367
sofa 0.0010 0 99 20 373
sofa 0.0010 425 8 468 85
pottedplant 0.0131 0 0 64 42
pottedplant 0.0039 0 0 25 48
pottedplant 0.0023 17 0 68 18
pottedplant 0.0020 -1 0 65 85
pottedplant 0.0017 0 1 59 213
pottedplant 0.0010 1 -1 84 25
diningtable 0.0033 58 6 453 71
diningtable 0.0015 2 10 506 130
