person 0.9656 175 167 240 276
person 0.1004 142 165 295 276
person 0.0280 207 56 243 115
person 0.0096 133 174 224 280
person 0.0046 211 56 236 98
person 0.0022 212 56 225 75
person 0.0022 207 59 227 112
person 0.0013 126 179 189 265
bird 0.0041 290 26 348 61
bird 0.0031 222 74 246 114
bird 0.0017 207 56 243 115
cat 0.0018 204 57 242 114
dog 0.0116 204 57 242 114
dog 0.0063 222 74 246 114
dog 0.0032 214 82 242 112
horse 0.0119 204 57 242 114
horse 0.0065 222 74 246 114
horse 0.0024 214 82 242 112
bottle 0.0398 213 236 223 259
bottle 0.0172 217 237 230 259
bottle 0.0052 218 235 227 249
bottle 0.0032 212 235 224 249
bottle 0.0024 491 237 500 281
bottle 0.0022 230 241 244 259
bottle 0.0018 205 235 230 261
bottle 0.0015 241 242 248 256
chair 0.4444 36 238 183 371
chair 0.2744 406 262 425 360
chair 0.0922 157 169 255 288
chair 0.0567 90 163 353 287
chair 0.0470 406 262 425 309
chair 0.0453 404 242 500 367
chair 0.0358 0 328 71 376
chair 0.0316 0 298 93 377
chair 0.0284 63 239 111 279
chair 0.0198 0 351 85 378
chair 0.0153 406 261 449 368
chair 0.0138 125 190 190 276
chair 0.0079 56 230 87 243
chair 0.0074 0 244 65 378
chair 0.0048 403 235 428 276
chair 0.0046 478 244 499 376
chair 0.0040 465 330 501 373
chair 0.0035 218 219 237 240
chair 0.0034 138 226 184 278
chair 0.0032 489 224 500 353
chair 0.0031 0 321 29 376
chair 0.0024 411 294 423 360
chair 0.0022 468 290 500 374
chair 0.0021 190 216 225 264
chair 0.0020 179 232 266 265
chair 0.0019 455 227 500 374
chair 0.0019 487 280 500 372
chair 0.0018 0 346 31 378
chair 0.0017 0 244 24 378
chair 0.0016 171 232 184 268
chair 0.0013 38 232 107 286
chair 0.0013 0 334 98 423
chair 0.0010 201 233 215 245
chair 0.0010 125 195 172 240
chair 0.0010 120 210 321 311
sofa 0.9130 134 167 347 279
sofa 0.7942 36 238 183 371
sofa 0.1118 175 167 240 276
sofa 0.0589 0 328 71 376
sofa 0.0482 0 298 93 377
sofa 0.0241 0 351 85 378
sofa 0.0172 406 259 426 359
sofa 0.0165 0 244 66 379
sofa 0.0157 404 242 500 367
sofa 0.0137 406 262 425 309
sofa 0.0050 0 321 29 376
sofa 0.0049 170 209 313 297
sofa 0.0047 188 244 312 315
sofa 0.0044 61 239 111 279
sofa 0.0039 179 232 266 265
sofa 0.0028 0 244 24 378
sofa 0.0027 407 258 446 361
sofa 0.0024 0 334 98 423
sofa 0.0018 0 320 169 377
sofa 0.0018 125 176 243 284
sofa 0.0018 181 228 330 278
sofa 0.0015 0 346 127 384
sofa 0.0015 0 346 31 378
sofa 0.0012 481 217 499 373
sofa 0.0010 0 299 48 375
pottedplant 0.7469 390 139 442 209
pottedplant 0.0146 481 217 499 373
pottedplant 0.0099 416 160 447 229
pottedplant 0.0072 455 227 500 374
pottedplant 0.0047 474 290 499 374
pottedplant 0.0047 489 224 500 353
pottedplant 0.0046 484 208 500 303
pottedplant 0.0041 391 139 431 172
pottedplant 0.0038 491 236 500 281
pottedplant 0.0032 465 330 501 373
pottedplant 0.0030 416 159 435 207
pottedplant 0.0027 400 137 454 246
pottedplant 0.0024 404 242 500 367
pottedplant 0.0021 407 167 433 215
pottedplant 0.0021 408 153 429 193
pottedplant 0.0020 378 100 457 221
pottedplant 0.0019 419 176 432 210
pottedplant 0.0014 387 159 440 285
pottedplant 0.0013 227 241 245 259
pottedplant 0.0012 426 147 449 216
pottedplant 0.0012 403 115 485 344
pottedplant 0.0011 214 236 231 260
pottedplant 0.0010 437 129 462 229
diningtable 0.1947 183 245 311 329
diningtable 0.0124 174 228 309 276
diningtable 0.0090 209 249 260 267
diningtable 0.0061 179 247 272 270
diningtable 0.0029 142 174 341 286
diningtable 0.0028 160 205 334 321
diningtable 0.0026 205 235 230 261
diningtable 0.0025 224 240 246 260
diningtable 0.0015 406 262 425 360
diningtable 0.0013 173 167 240 289
diningtable 0.0012 179 232 266 265
tvmonitor 0.0054 113 175 327 287
tvmonitor 0.0046 490 60 500 153
tvmonitor 0.0012 489 224 500 353
