person 0.6558 92 0 480 395
person 0.0038 489 194 500 213
person 0.0032 146 5 436 245
person 0.0032 447 184 500 228
person 0.0027 0 207 177 400
person 0.0019 469 190 500 215
person 0.0019 18 76 348 391
person 0.0014 469 191 500 261
person 0.0012 487 181 500 213
person 0.0011 451 185 499 209
car 0.0056 447 184 500 227
boat 0.0031 450 187 499 219
bird 0.0730 447 184 500 227
bird 0.0223 453 186 498 207
bird 0.0068 431 186 478 231
bird 0.0063 436 136 500 247
bird 0.0061 469 190 500 215
bird 0.0045 489 194 500 213
bird 0.0033 429 170 502 204
bird 0.0028 424 182 491 208
bird 0.0026 471 166 500 221
bird 0.0022 449 189 484 218
bird 0.0018 469 191 500 261
bird 0.0018 445 187 487 203
bird 0.0014 487 181 500 213
bird 0.0013 445 188 470 222
bird 0.0012 453 179 498 196
bird 0.0011 438 178 501 283
cat 0.9520 68 76 375 392
cat 0.0094 -1 181 178 398
cat 0.0024 447 184 500 227
cat 0.0019 72 83 258 342
cat 0.0015 1 302 173 398
cat 0.0014 4 200 119 369
dog 0.0024 -1 181 178 398
dog 0.0013 447 184 500 227
chair 0.0020 50 11 439 396
chair 0.0010 0 208 176 400
sofa 0.0155 46 9 442 397
sofa 0.0013 0 207 177 400
pottedplant 0.0010 447 184 500 227
