person 0.0196 288 4 491 245
person 0.0024 376 68 420 136
person 0.0019 387 82 431 153
person 0.0018 397 88 419 137
pottedplant 0.9005 10 2 266 295
pottedplant 0.0159 232 65 276 301
pottedplant 0.0046 0 134 13 299
pottedplant 0.0032 228 74 266 142
pottedplant 0.0026 0 153 6 288
pottedplant 0.0019 12 89 186 297
pottedplant 0.0017 181 64 265 301
pottedplant 0.0016 229 103 260 297
pottedplant 0.0015 130 66 271 146
pottedplant 0.0013 52 58 195 222
pottedplant 0.0010 1 157 43 192
diningtable 0.0024 26 339 471 373
diningtable 0.0024 -3 237 497 371
tvmonitor 0.9811 271 8 502 287
