person 0.9423 38 118 88 228
person 0.6477 405 117 428 172
person 0.5394 453 111 475 139
person 0.4997 452 112 478 163
person 0.3388 432 114 464 159
person 0.1211 298 151 340 194
person 0.1136 434 115 456 138
person 0.1009 423 117 455 165
person 0.0513 407 116 425 138
person 0.0414 398 125 431 192
person 0.0183 455 110 473 126
person 0.0175 452 119 499 172
person 0.0151 409 129 461 196
person 0.0148 488 118 500 152
person 0.0142 437 113 473 142
person 0.0119 475 119 498 150
person 0.0115 253 133 335 236
person 0.0109 384 130 413 160
person 0.0081 401 127 419 161
person 0.0055 446 122 469 161
person 0.0052 378 125 447 202
person 0.0049 300 151 322 177
person 0.0047 389 112 473 180
person 0.0044 269 145 334 201
person 0.0043 476 116 497 137
person 0.0030 8 121 83 203
person 0.0030 407 115 446 156
person 0.0029 465 115 483 135
person 0.0028 457 111 490 142
person 0.0026 383 130 400 156
person 0.0025 402 96 425 132
person 0.0024 465 122 485 146
person 0.0022 403 121 420 146
person 0.0018 286 140 396 229
person 0.0018 38 120 88 170
person 0.0016 492 103 500 129
person 0.0015 302 171 339 192
person 0.0014 37 129 45 142
person 0.0013 0 199 8 377
person 0.0013 292 149 316 178
person 0.0013 413 110 458 141
person 0.0012 418 124 436 144
person 0.0011 298 152 313 173
person 0.0011 294 150 368 214
person 0.0010 475 128 500 180
bicycle 0.0061 0 256 12 377
bicycle 0.0051 488 128 500 179
bicycle 0.0014 488 118 500 152
bicycle 0.0010 475 128 500 180
bicycle 0.0010 0 169 17 382
car 0.0047 0 246 13 375
car 0.0025 489 114 500 138
car 0.0023 488 124 500 164
car 0.0012 451 113 485 167
car 0.0010 474 121 500 167
motorbike 0.9925 82 164 210 286
motorbike 0.9559 -4 175 104 299
motorbike 0.9543 186 161 261 259
motorbike 0.9027 239 138 336 237
motorbike 0.8286 361 135 429 208
motorbike 0.7096 450 127 499 181
motorbike 0.6952 307 143 402 226
motorbike 0.6622 409 129 461 196
motorbike 0.3083 398 125 431 192
motorbike 0.2290 475 128 500 180
motorbike 0.1877 452 112 478 163
motorbike 0.1125 488 128 500 179
motorbike 0.0712 384 123 450 205
motorbike 0.0569 0 208 14 374
motorbike 0.0529 427 144 462 198
motorbike 0.0491 298 150 341 195
motorbike 0.0392 430 127 480 179
motorbike 0.0368 488 118 500 152
motorbike 0.0333 226 131 431 235
motorbike 0.0326 216 163 266 232
motorbike 0.0309 428 116 463 169
motorbike 0.0286 173 142 310 250
motorbike 0.0278 231 166 276 218
motorbike 0.0278 334 140 375 181
motorbike 0.0246 385 130 413 160
motorbike 0.0240 266 132 364 225
motorbike 0.0238 375 131 424 174
motorbike 0.0230 343 134 411 190
motorbike 0.0203 0 164 22 386
motorbike 0.0185 475 119 498 151
motorbike 0.0145 383 131 400 157
motorbike 0.0132 288 125 457 201
motorbike 0.0119 338 155 420 224
motorbike 0.0101 0 294 11 375
motorbike 0.0100 170 183 203 222
motorbike 0.0099 405 116 447 175
motorbike 0.0095 446 122 469 161
motorbike 0.0083 52 126 448 256
motorbike 0.0079 442 135 469 171
motorbike 0.0076 398 139 418 166
motorbike 0.0072 461 128 490 160
motorbike 0.0069 0 163 57 309
motorbike 0.0068 264 134 304 173
motorbike 0.0067 394 123 426 167
motorbike 0.0063 465 122 485 146
motorbike 0.0063 262 133 322 215
motorbike 0.0062 385 130 496 217
motorbike 0.0061 403 158 433 203
motorbike 0.0060 331 141 392 204
motorbike 0.0051 454 133 478 170
motorbike 0.0050 282 167 304 197
motorbike 0.0048 37 115 87 231
motorbike 0.0045 231 140 294 222
motorbike 0.0044 365 168 424 213
motorbike 0.0043 0 181 45 220
motorbike 0.0039 171 180 201 203
motorbike 0.0038 1 143 92 253
motorbike 0.0032 432 115 459 150
motorbike 0.0032 309 122 493 241
motorbike 0.0032 -4 109 507 197
motorbike 0.0032 314 139 366 188
motorbike 0.0030 431 111 501 188
motorbike 0.0028 297 193 332 238
motorbike 0.0026 417 138 439 170
motorbike 0.0026 435 138 459 169
motorbike 0.0025 354 132 388 174
motorbike 0.0025 396 150 422 175
motorbike 0.0025 0 179 26 302
motorbike 0.0024 0 186 9 312
motorbike 0.0023 0 271 22 382
motorbike 0.0021 142 157 282 274
motorbike 0.0021 407 148 428 179
motorbike 0.0020 427 144 448 181
motorbike 0.0020 376 138 404 165
motorbike 0.0019 231 152 279 195
motorbike 0.0019 490 158 500 183
motorbike 0.0018 277 148 328 197
motorbike 0.0018 416 129 438 159
motorbike 0.0018 0 175 84 227
motorbike 0.0017 292 149 316 178
motorbike 0.0017 161 174 209 253
motorbike 0.0016 384 129 399 145
motorbike 0.0016 332 143 354 182
motorbike 0.0016 232 187 260 215
motorbike 0.0015 416 154 437 191
motorbike 0.0015 300 151 322 177
motorbike 0.0015 197 158 272 212
motorbike 0.0015 0 181 14 239
motorbike 0.0014 0 171 26 223
motorbike 0.0014 415 168 435 199
motorbike 0.0013 298 152 313 173
motorbike 0.0013 380 149 417 176
motorbike 0.0013 476 116 497 137
motorbike 0.0013 40 141 238 257
motorbike 0.0012 291 152 351 229
motorbike 0.0012 302 171 339 192
motorbike 0.0010 0 271 8 342
chair 0.0016 0 283 13 376
chair 0.0012 0 208 14 374
pottedplant 0.0410 404 93 426 119
