person 0.9733 205 120 281 232
person 0.0081 329 190 378 243
person 0.0035 50 138 91 166
person 0.0031 0 132 7 159
person 0.0019 323 205 386 257
person 0.0015 297 157 430 287
person 0.0015 442 91 448 103
person 0.0011 145 152 183 203
person 0.0010 344 193 398 243
car 0.9940 83 153 503 373
car 0.8522 0 126 286 332
car 0.0250 0 207 27 308
car 0.0159 206 120 300 233
car 0.0046 0 132 7 159
car 0.0035 0 191 44 319
car 0.0032 0 119 19 319
car 0.0027 0 215 11 303
car 0.0023 50 138 91 166
car 0.0016 132 124 310 201
car 0.0016 251 132 301 183
car 0.0011 -1 117 63 163
car 0.0010 -1 151 60 203
motorbike 0.0032 0 218 26 319
motorbike 0.0013 0 219 12 317
bus 0.0239 325 66 498 154
bus 0.0012 342 64 487 109
train 0.0077 325 66 498 154
boat 0.0011 325 66 498 154
