person 0.9592 133 10 267 367
person 0.8838 376 160 500 378
person 0.7737 0 3 115 141
person 0.0844 0 98 27 373
person 0.0312 0 -1 57 134
person 0.0298 0 79 42 314
person 0.0111 1 79 106 372
person 0.0103 0 2 27 87
person 0.0086 2 -5 263 378
person 0.0055 0 217 14 370
person 0.0053 0 52 21 265
person 0.0042 442 172 499 374
person 0.0038 0 158 49 380
person 0.0030 0 6 57 375
person 0.0030 0 15 23 139
person 0.0028 0 144 7 298
person 0.0025 0 3 14 110
person 0.0024 18 1 186 150
person 0.0023 94 40 401 341
person 0.0022 55 321 106 375
person 0.0021 65 2 113 133
person 0.0020 148 24 251 193
person 0.0019 1 0 55 42
person 0.0018 25 1 80 113
person 0.0016 132 0 223 74
person 0.0015 0 266 10 329
person 0.0014 475 173 500 375
person 0.0012 323 73 499 381
person 0.0011 381 221 437 253
person 0.0011 49 57 119 146
person 0.0010 0 55 8 175
person 0.0010 0 99 63 141
bus 0.0243 115 10 306 370
bus 0.0186 -5 0 499 380
bus 0.0075 2 -2 126 374
train 0.1993 -4 -5 495 388
train 0.0564 115 10 306 370
train 0.0021 -2 -11 166 371
train 0.0018 326 -4 498 379
train 0.0010 244 104 393 222
boat 0.0033 -4 -5 495 388
boat 0.0013 -1 -5 144 363
bird 0.0072 39 274 79 323
bird 0.0010 56 322 91 365
horse 0.0012 376 168 499 372
chair 0.0195 0 99 62 141
chair 0.0051 245 104 392 222
chair 0.0046 0 2 27 87
chair 0.0044 0 33 114 161
chair 0.0031 0 -1 56 97
chair 0.0021 212 101 441 367
chair 0.0020 1 0 55 42
chair 0.0019 -5 0 499 380
chair 0.0015 0 259 10 374
chair 0.0014 328 224 475 375
chair 0.0012 372 190 500 386
chair 0.0010 183 85 405 276
sofa 0.0044 244 104 393 222
sofa 0.0039 329 223 472 376
sofa 0.0011 191 217 466 372
