person 0.0019 483 174 500 268
person 0.0017 477 122 500 274
person 0.0016 0 -2 12 135
person 0.0016 474 184 500 287
bicycle 0.0010 264 178 486 361
boat 0.0014 58 196 342 380
dog 0.0014 483 176 500 247
chair 0.1194 435 105 500 287
chair 0.0330 284 137 492 334
chair 0.0155 56 174 347 375
chair 0.0107 285 139 425 246
chair 0.0088 438 96 500 205
chair 0.0080 474 184 500 287
chair 0.0062 409 149 499 319
chair 0.0036 477 122 500 274
chair 0.0032 53 251 283 374
chair 0.0026 448 183 501 319
chair 0.0022 49 265 142 368
chair 0.0014 197 253 322 340
chair 0.0014 448 143 500 242
chair 0.0011 471 217 500 324
chair 0.0011 483 174 500 268
chair 0.0010 434 107 501 164
sofa 0.0042 56 174 347 375
pottedplant 0.0011 478 159 500 274
diningtable 0.0435 409 149 499 319
diningtable 0.0365 264 178 486 361
diningtable 0.0287 69 284 337 372
diningtable 0.0053 435 105 500 287
diningtable 0.0037 58 196 342 380
diningtable 0.0025 474 184 500 287
diningtable 0.0018 415 158 496 245
diningtable 0.0018 444 164 501 350
diningtable 0.0017 434 138 501 225
diningtable 0.0010 284 138 430 245
