person 0.9649 121 113 454 315
person 0.8678 70 122 216 258
person 0.0217 262 136 448 288
person 0.0113 199 155 399 272
person 0.0086 83 179 155 261
person 0.0082 94 149 159 240
person 0.0068 119 186 176 273
person 0.0046 113 43 126 66
person 0.0045 67 189 413 316
person 0.0039 80 69 88 80
person 0.0037 318 169 351 222
person 0.0035 85 67 97 81
person 0.0032 326 167 424 232
person 0.0031 101 179 236 313
person 0.0028 115 38 145 68
person 0.0027 239 169 356 257
person 0.0027 306 163 365 227
person 0.0020 261 158 376 233
person 0.0017 311 143 470 254
person 0.0017 62 68 69 80
person 0.0016 135 158 228 238
person 0.0016 220 161 336 227
person 0.0015 164 119 415 241
person 0.0015 482 133 500 335
person 0.0014 108 183 131 215
person 0.0014 146 51 156 76
person 0.0013 109 40 134 68
person 0.0013 431 167 500 308
person 0.0012 159 182 359 284
person 0.0011 50 131 375 283
person 0.0010 316 141 360 201
person 0.0010 50 143 167 244
person 0.0010 0 180 66 321
dog 0.0031 85 67 97 81
dog 0.0024 80 69 88 80
dog 0.0019 108 183 131 215
dog 0.0010 80 166 212 266
horse 0.0179 92 39 158 83
horse 0.0048 114 38 146 68
horse 0.0042 119 45 156 84
horse 0.0041 85 67 97 81
horse 0.0025 144 50 157 77
horse 0.0025 80 69 88 80
horse 0.0024 88 59 153 84
horse 0.0021 110 41 130 67
horse 0.0020 94 60 125 82
cow 0.0010 92 39 158 83
bottle 0.0434 125 188 173 270
bottle 0.0024 36 186 50 206
bottle 0.0023 446 313 465 331
bottle 0.0021 128 252 135 267
bottle 0.0021 324 177 345 201
bottle 0.0017 318 169 351 222
bottle 0.0012 130 252 143 283
bottle 0.0011 311 140 358 200
bottle 0.0011 319 161 350 200
bottle 0.0010 32 193 40 205
chair 0.3609 71 122 216 258
chair 0.0465 280 168 505 336
chair 0.0447 91 186 202 273
chair 0.0268 179 160 218 233
chair 0.0097 56 166 231 313
chair 0.0083 117 146 462 322
chair 0.0074 135 158 228 238
chair 0.0068 1 176 86 249
chair 0.0063 79 192 138 268
chair 0.0042 0 251 57 328
chair 0.0038 121 186 175 272
chair 0.0038 302 157 443 264
chair 0.0034 0 192 84 308
chair 0.0032 430 178 501 318
chair 0.0027 0 286 28 328
chair 0.0022 268 215 325 243
chair 0.0018 -3 203 71 252
chair 0.0018 2 254 200 332
chair 0.0018 266 275 491 332
chair 0.0018 223 163 334 225
chair 0.0016 94 149 159 240
chair 0.0014 81 185 119 252
chair 0.0013 0 216 65 288
chair 0.0013 -1 174 70 221
chair 0.0012 113 175 204 244
chair 0.0011 169 171 232 246
chair 0.0010 0 121 20 311
sofa 0.7715 259 170 498 330
sofa 0.1265 72 116 214 263
sofa 0.0768 117 146 462 322
sofa 0.0263 92 178 236 325
sofa 0.0242 119 186 176 273
sofa 0.0234 430 178 501 318
sofa 0.0156 12 198 489 340
sofa 0.0108 179 160 218 233
sofa 0.0102 2 254 200 332
sofa 0.0101 86 168 232 255
sofa 0.0096 0 250 56 328
sofa 0.0095 -3 225 91 324
sofa 0.0088 279 275 500 332
sofa 0.0069 -1 181 85 252
sofa 0.0065 77 190 140 269
sofa 0.0058 302 157 443 264
sofa 0.0050 26 177 179 313
sofa 0.0044 135 158 228 238
sofa 0.0034 0 286 29 325
sofa 0.0029 59 206 148 295
sofa 0.0026 359 164 505 310
sofa 0.0026 0 256 25 328
sofa 0.0023 0 213 66 291
sofa 0.0023 220 161 336 227
sofa 0.0021 63 259 139 282
sofa 0.0017 -1 174 70 221
sofa 0.0017 8 162 118 265
sofa 0.0013 81 185 119 252
sofa 0.0013 32 244 209 301
sofa 0.0012 174 135 420 263
sofa 0.0011 24 136 179 263
sofa 0.0011 117 146 323 250
pottedplant 0.8387 28 109 99 188
pottedplant 0.6151 313 141 359 200
pottedplant 0.0141 40 121 91 226
pottedplant 0.0131 25 100 102 248
pottedplant 0.0086 318 161 350 201
pottedplant 0.0064 322 162 342 184
pottedplant 0.0047 44 134 94 185
pottedplant 0.0047 213 118 461 270
pottedplant 0.0047 53 163 78 185
pottedplant 0.0043 254 142 385 205
pottedplant 0.0030 310 134 358 174
pottedplant 0.0026 326 159 354 185
pottedplant 0.0025 1 176 86 249
pottedplant 0.0022 310 152 335 188
pottedplant 0.0021 318 169 351 222
pottedplant 0.0020 297 139 350 186
pottedplant 0.0019 306 163 365 227
pottedplant 0.0013 328 158 370 200
pottedplant 0.0011 323 176 346 202
diningtable 0.0929 0 192 84 308
diningtable 0.0531 1 176 86 249
diningtable 0.0426 7 201 77 213
diningtable 0.0375 223 163 334 225
diningtable 0.0280 2 254 200 332
diningtable 0.0070 0 216 65 288
diningtable 0.0061 174 135 420 263
diningtable 0.0047 34 185 52 208
diningtable 0.0046 4 187 66 212
diningtable 0.0038 63 259 139 282
diningtable 0.0031 200 159 392 236
diningtable 0.0030 25 187 78 209
diningtable 0.0029 -3 203 71 252
diningtable 0.0027 238 172 329 189
diningtable 0.0021 -1 174 70 221
diningtable 0.0020 -6 125 110 278
diningtable 0.0016 0 231 62 328
diningtable 0.0014 -3 180 136 327
diningtable 0.0013 117 146 462 322
diningtable 0.0013 218 147 373 208
diningtable 0.0012 17 189 53 210
diningtable 0.0012 28 107 99 191
diningtable 0.0011 7 291 163 333
diningtable 0.0010 268 173 319 186
diningtable 0.0010 32 244 209 301
