person 0.9919 361 209 428 329
person 0.9826 278 197 320 353
person 0.6024 482 222 500 325
person 0.0787 279 239 305 295
person 0.0311 484 220 500 278
person 0.0141 493 213 500 249
person 0.0125 480 235 497 285
person 0.0101 490 195 500 268
person 0.0092 378 219 420 303
person 0.0063 374 250 389 288
person 0.0063 2 185 31 212
person 0.0059 427 273 498 324
person 0.0039 487 244 500 312
person 0.0039 285 220 318 300
person 0.0038 158 180 177 208
person 0.0034 482 153 500 283
person 0.0030 481 249 496 271
person 0.0028 475 185 501 330
person 0.0024 281 289 361 345
person 0.0023 0 152 30 283
person 0.0023 492 184 500 240
person 0.0023 478 173 490 190
person 0.0020 0 178 6 210
person 0.0019 0 181 24 327
person 0.0018 425 212 508 337
person 0.0016 495 184 500 199
person 0.0016 268 271 290 317
person 0.0015 495 174 500 193
person 0.0014 270 281 290 301
person 0.0013 0 191 8 328
person 0.0012 273 233 295 309
person 0.0010 297 207 449 330
bicycle 0.0034 158 178 178 211
bicycle 0.0014 159 174 177 195
car 0.0023 484 220 501 317
motorbike 0.0013 484 220 501 317
dog 0.5048 300 290 361 345
dog 0.3904 423 273 495 324
dog 0.0305 483 252 500 326
dog 0.0115 269 286 291 304
dog 0.0025 368 221 427 330
dog 0.0021 289 309 338 345
dog 0.0020 275 282 328 345
dog 0.0018 478 222 499 316
dog 0.0011 374 251 388 287
dog 0.0011 335 258 465 328
dog 0.0010 411 289 440 302
dog 0.0010 300 312 329 342
horse 0.0073 427 273 498 324
horse 0.0065 482 222 500 325
horse 0.0019 299 289 362 345
sheep 0.9210 423 273 495 324
sheep 0.9069 301 291 360 343
sheep 0.1067 486 243 500 331
sheep 0.0051 303 280 357 320
sheep 0.0040 478 229 499 327
sheep 0.0025 360 254 427 324
sheep 0.0024 394 278 434 312
sheep 0.0022 411 289 440 302
sheep 0.0017 360 256 394 319
sheep 0.0017 335 258 465 328
sheep 0.0015 296 266 367 331
sheep 0.0014 445 255 505 322
sheep 0.0014 289 309 338 345
sheep 0.0014 411 274 454 315
sheep 0.0012 275 282 328 345
sheep 0.0010 302 292 345 316
sheep 0.0010 488 285 500 326
cow 0.0175 424 273 495 324
cow 0.0034 486 243 500 331
cow 0.0021 300 290 362 344
bottle 0.0016 124 195 136 211
bottle 0.0012 135 193 148 211
chair 0.0179 158 180 177 208
chair 0.0170 0 214 50 336
chair 0.0049 0 199 8 337
chair 0.0040 0 210 19 337
chair 0.0019 135 193 148 211
chair 0.0017 2 268 44 329
chair 0.0015 159 178 177 192
chair 0.0012 294 289 356 345
chair 0.0010 0 182 31 326
chair 0.0010 124 195 136 211
pottedplant 0.0262 116 176 139 209
pottedplant 0.0069 117 177 138 190
pottedplant 0.0061 124 195 136 211
pottedplant 0.0042 257 298 286 319
pottedplant 0.0016 135 193 148 211
pottedplant 0.0014 134 179 148 208
