bird 0.9717 105 214 231 292
bird 0.9368 0 252 136 342
bird 0.9269 333 172 496 275
bird 0.7758 104 167 316 236
bird 0.4989 227 155 321 227
bird 0.4930 337 155 488 210
bird 0.2925 226 155 283 201
bird 0.1411 335 161 424 200
bird 0.0276 99 182 246 250
bird 0.0205 99 172 202 233
bird 0.0162 329 181 425 270
bird 0.0097 68 134 419 254
bird 0.0067 36 89 466 363
bird 0.0066 204 185 323 236
bird 0.0064 123 176 273 225
bird 0.0062 0 220 179 329
bird 0.0058 106 182 330 284
bird 0.0052 193 154 298 205
bird 0.0037 412 133 450 171
bird 0.0035 483 146 500 247
bird 0.0028 484 87 500 231
bird 0.0019 486 129 500 197
bird 0.0018 406 162 501 230
bird 0.0017 333 97 495 218
bird 0.0016 491 142 500 242
bird 0.0016 143 153 508 288
bird 0.0015 166 145 485 234
bird 0.0011 487 148 500 178
bird 0.0010 409 113 500 204
bird 0.0010 241 205 324 234
