person 0.9883 89 93 473 374
person 0.0023 259 113 484 356
person 0.0013 481 2 500 81
bicycle 0.0699 90 128 469 377
bicycle 0.0395 267 316 470 372
bicycle 0.0317 252 230 472 372
bicycle 0.0099 106 322 465 373
bicycle 0.0028 195 334 404 375
bicycle 0.0022 425 306 473 370
bicycle 0.0021 334 337 463 374
bicycle 0.0019 429 328 467 374
bicycle 0.0012 312 331 397 373
bicycle 0.0012 342 298 477 375
bicycle 0.0010 197 350 477 377
car 0.0031 432 54 499 81
motorbike 0.1473 90 128 469 377
motorbike 0.0096 204 227 464 373
motorbike 0.0060 199 321 470 374
chair 0.0048 98 96 189 208
pottedplant 0.0097 107 89 193 126
