person 0.9866 2 5 320 502
person 0.8872 72 0 210 99
person 0.4314 117 14 318 322
person 0.2169 166 10 304 236
person 0.0377 227 -1 331 132
person 0.0299 207 11 256 71
person 0.0242 209 0 330 61
person 0.0208 294 0 332 138
person 0.0109 312 0 332 43
person 0.0098 287 12 333 227
person 0.0091 91 7 263 237
person 0.0083 291 0 332 51
person 0.0075 233 32 328 218
person 0.0066 144 90 327 413
person 0.0055 210 19 296 198
person 0.0047 80 0 321 110
person 0.0043 265 2 328 61
person 0.0040 313 -1 332 126
person 0.0035 135 170 328 311
person 0.0026 258 -1 330 33
person 0.0026 170 92 335 271
person 0.0023 171 -1 210 14
person 0.0022 303 0 330 11
person 0.0019 316 0 331 10
person 0.0017 191 0 322 29
person 0.0016 187 0 212 11
person 0.0015 279 0 334 12
person 0.0013 92 1 175 82
person 0.0013 228 0 345 11
person 0.0012 254 17 319 86
person 0.0011 257 45 331 168
person 0.0011 125 155 305 249
person 0.0010 127 0 225 23
person 0.0010 52 39 213 214
person 0.0010 304 4 341 212
bicycle 0.1192 0 221 327 500
bicycle 0.0072 0 305 188 501
bicycle 0.0063 158 294 331 502
bicycle 0.0058 213 274 330 323
bicycle 0.0024 110 88 320 309
bicycle 0.0018 243 262 330 305
bicycle 0.0015 0 321 101 489
bicycle 0.0014 140 100 330 476
bicycle 0.0012 141 222 275 249
bicycle 0.0010 99 238 332 357
bicycle 0.0010 2 342 53 461
bicycle 0.0010 5 -10 323 453
car 0.0102 191 0 324 57
car 0.0089 0 -19 329 457
car 0.0033 258 0 329 59
car 0.0025 109 44 320 315
car 0.0023 227 -1 331 132
car 0.0017 254 39 330 175
car 0.0014 207 6 260 63
car 0.0013 112 176 238 230
car 0.0013 211 0 331 30
car 0.0012 256 64 317 139
motorbike 0.0010 -4 52 329 503
bus 0.0068 0 221 327 500
bus 0.0028 5 -10 323 453
train 0.0017 -4 52 329 503
boat 0.2902 -3 53 327 502
boat 0.0624 -1 288 332 505
boat 0.0074 147 230 331 501
bottle 0.0193 201 276 277 321
bottle 0.0047 143 448 180 486
bottle 0.0021 118 394 185 480
bottle 0.0019 209 278 250 325
bottle 0.0011 132 210 337 342
chair 0.0369 -4 52 329 503
chair 0.0204 0 305 187 501
chair 0.0201 0 321 101 489
chair 0.0199 158 295 331 501
chair 0.0052 3 227 261 497
chair 0.0034 2 342 53 461
chair 0.0023 97 178 332 487
chair 0.0014 99 238 332 357
chair 0.0010 23 477 175 500
pottedplant 0.0012 233 32 328 218
