person 0.0659 352 62 364 76
person 0.0534 466 79 482 95
person 0.0480 408 69 422 85
person 0.0118 419 48 434 61
person 0.0087 465 79 483 109
person 0.0059 409 42 421 58
person 0.0045 104 89 326 292
person 0.0038 417 41 436 58
person 0.0038 407 69 423 101
person 0.0036 350 61 366 89
person 0.0033 347 59 370 78
person 0.0032 154 166 161 180
person 0.0032 287 59 297 71
person 0.0031 410 48 426 62
person 0.0031 258 202 272 221
person 0.0026 264 202 279 220
person 0.0024 458 79 488 123
person 0.0023 206 189 236 244
person 0.0022 416 46 437 66
person 0.0020 491 76 500 96
person 0.0016 275 186 292 199
person 0.0015 127 40 136 50
person 0.0015 405 41 418 58
person 0.0014 400 66 422 87
person 0.0012 392 59 436 140
person 0.0012 423 235 445 250
person 0.0011 477 77 494 96
person 0.0011 370 49 458 149
car 0.3176 308 219 504 372
car 0.0853 32 36 72 77
car 0.0348 8 39 35 58
car 0.0143 8 40 25 53
car 0.0126 45 15 136 38
car 0.0079 5 35 52 64
car 0.0058 35 20 147 78
car 0.0055 18 34 69 60
car 0.0050 151 19 169 36
car 0.0032 62 11 137 30
car 0.0029 222 34 235 46
car 0.0027 99 16 161 44
car 0.0026 32 37 55 52
car 0.0025 4 40 25 72
car 0.0023 135 15 165 37
car 0.0020 54 16 109 34
car 0.0018 221 37 236 52
car 0.0016 41 4 279 79
car 0.0014 8 26 76 54
car 0.0014 93 15 112 27
car 0.0013 132 0 268 39
car 0.0013 115 26 163 51
car 0.0012 224 32 241 47
car 0.0011 124 30 155 48
car 0.0011 133 14 242 41
car 0.0010 61 11 190 42
car 0.0010 28 34 100 80
car 0.0010 48 22 170 51
bus 0.9957 102 81 319 262
bus 0.7456 309 215 500 375
bus 0.4689 233 26 496 91
bus 0.2859 32 38 70 78
bus 0.0822 228 25 338 70
bus 0.0389 28 16 152 79
bus 0.0325 233 16 415 76
bus 0.0227 29 8 253 80
bus 0.0183 100 1 321 50
bus 0.0099 64 3 431 59
bus 0.0096 46 11 157 40
bus 0.0088 28 34 100 80
bus 0.0082 333 36 497 117
bus 0.0075 4 38 50 75
bus 0.0073 330 7 497 81
bus 0.0068 132 0 268 39
bus 0.0048 310 29 404 86
bus 0.0029 321 36 458 79
bus 0.0027 389 45 466 85
bus 0.0016 0 9 58 374
bus 0.0015 4 27 119 91
bus 0.0015 307 52 500 384
bus 0.0013 69 6 222 46
bus 0.0013 402 35 499 93
bus 0.0012 336 36 399 76
bus 0.0011 275 30 369 69
bus 0.0011 448 42 500 91
bus 0.0011 5 17 493 113
bus 0.0010 407 47 448 84
train 0.0175 309 215 500 375
train 0.0150 233 26 496 91
train 0.0048 64 3 431 59
train 0.0048 100 1 321 50
train 0.0040 230 16 348 72
train 0.0026 31 37 71 78
train 0.0026 39 6 292 71
train 0.0025 102 76 319 256
train 0.0011 30 10 156 84
tvmonitor 0.0019 308 219 504 372
