bicycle 0.0031 301 200 331 227
bicycle 0.0024 297 176 331 228
bicycle 0.0023 292 152 332 217
bicycle 0.0014 255 139 333 224
cat 0.0015 278 473 332 499
cat 0.0012 207 475 334 500
cat 0.0011 299 483 332 501
dog 0.0010 278 473 332 499
bottle 0.0043 126 61 180 123
bottle 0.0032 206 483 231 501
bottle 0.0016 195 485 226 500
bottle 0.0015 316 483 331 501
bottle 0.0015 166 489 195 500
bottle 0.0012 299 483 332 501
bottle 0.0011 174 485 205 500
chair 0.0026 207 475 334 500
chair 0.0023 284 472 333 500
chair 0.0020 302 457 331 498
chair 0.0017 299 483 332 501
chair 0.0017 154 456 333 500
chair 0.0013 316 483 331 501
pottedplant 0.9431 110 342 244 475
pottedplant 0.8075 126 277 181 351
pottedplant 0.1899 127 170 182 234
pottedplant 0.1600 129 483 176 501
pottedplant 0.1107 125 63 183 121
pottedplant 0.0727 110 256 196 350
pottedplant 0.0658 129 479 217 500
pottedplant 0.0470 126 397 186 472
pottedplant 0.0388 206 483 231 501
pottedplant 0.0286 166 489 195 500
pottedplant 0.0277 193 445 231 499
pottedplant 0.0250 160 484 219 500
pottedplant 0.0226 174 485 205 500
pottedplant 0.0191 170 472 228 500
pottedplant 0.0183 199 441 223 470
pottedplant 0.0156 92 480 187 500
pottedplant 0.0150 119 388 213 483
pottedplant 0.0144 169 477 298 500
pottedplant 0.0136 198 476 237 500
pottedplant 0.0121 109 120 200 239
pottedplant 0.0114 163 477 198 500
pottedplant 0.0110 198 483 260 501
pottedplant 0.0099 195 485 226 500
pottedplant 0.0095 154 456 333 500
pottedplant 0.0094 151 453 229 500
pottedplant 0.0092 152 491 190 499
pottedplant 0.0090 174 442 252 501
pottedplant 0.0077 299 454 331 498
pottedplant 0.0069 61 454 285 500
pottedplant 0.0051 200 457 220 494
pottedplant 0.0050 279 473 332 500
pottedplant 0.0049 114 44 196 134
pottedplant 0.0045 300 412 331 493
pottedplant 0.0037 176 278 205 348
pottedplant 0.0028 130 260 174 329
pottedplant 0.0027 102 450 215 499
pottedplant 0.0026 305 454 331 481
pottedplant 0.0025 254 453 336 500
pottedplant 0.0025 121 478 165 498
pottedplant 0.0025 99 250 236 408
pottedplant 0.0021 213 489 263 500
pottedplant 0.0021 171 296 191 349
pottedplant 0.0021 190 487 305 500
pottedplant 0.0019 126 51 183 95
pottedplant 0.0019 235 401 330 499
pottedplant 0.0019 201 470 333 499
pottedplant 0.0016 142 293 198 351
pottedplant 0.0016 51 488 195 500
pottedplant 0.0015 315 474 331 500
pottedplant 0.0014 2 438 74 500
pottedplant 0.0013 76 35 243 458
pottedplant 0.0013 126 458 197 497
pottedplant 0.0012 299 483 332 501
pottedplant 0.0011 108 487 160 500
pottedplant 0.0011 2 394 99 502
pottedplant 0.0011 136 281 170 305
pottedplant 0.0011 178 313 202 351
pottedplant 0.0011 203 473 273 500
pottedplant 0.0010 -1 477 200 500
pottedplant 0.0010 275 421 335 493
pottedplant 0.0010 134 360 188 455
pottedplant 0.0010 120 345 168 472
