person 0.0358 305 123 316 140
person 0.0304 373 81 386 98
person 0.0286 298 122 309 139
person 0.0146 290 119 299 139
person 0.0092 390 82 403 99
person 0.0058 403 85 413 100
person 0.0056 342 132 356 145
person 0.0055 201 118 213 140
person 0.0042 193 119 202 141
person 0.0041 365 155 375 166
person 0.0034 279 114 289 126
person 0.0028 343 123 358 140
person 0.0026 285 116 297 128
person 0.0026 375 152 382 168
person 0.0025 383 82 393 99
person 0.0024 278 125 292 137
person 0.0024 344 155 359 166
person 0.0024 351 121 366 139
person 0.0023 412 84 425 101
person 0.0022 348 155 369 166
person 0.0021 353 162 365 168
person 0.0021 105 141 120 160
person 0.0020 286 113 317 145
person 0.0020 448 117 462 142
person 0.0018 355 136 366 145
person 0.0017 297 113 306 131
person 0.0017 207 116 225 142
person 0.0016 486 198 500 236
person 0.0016 335 132 349 146
person 0.0015 407 118 414 143
person 0.0013 281 114 305 142
person 0.0013 334 175 346 185
person 0.0012 223 115 232 142
person 0.0011 345 173 356 184
person 0.0011 362 162 376 168
person 0.0011 485 192 501 222
person 0.0010 179 121 191 142
person 0.0010 336 156 346 166
bird 0.0023 221 46 253 53
bird 0.0018 232 61 240 67
bottle 0.0598 375 152 382 168
bottle 0.0396 329 151 335 167
bottle 0.0208 366 231 379 256
bottle 0.0045 105 141 120 160
bottle 0.0040 365 155 375 166
bottle 0.0036 336 156 346 166
bottle 0.0035 345 173 356 184
bottle 0.0031 360 221 382 248
bottle 0.0027 425 117 432 142
bottle 0.0026 334 175 346 185
bottle 0.0025 353 162 365 168
bottle 0.0024 373 148 383 169
bottle 0.0024 2 142 11 156
bottle 0.0016 387 121 396 142
bottle 0.0016 95 164 108 174
bottle 0.0016 374 162 384 169
bottle 0.0016 290 119 299 139
bottle 0.0014 344 155 359 166
bottle 0.0014 362 162 376 168
bottle 0.0013 364 230 389 258
bottle 0.0012 323 130 337 148
bottle 0.0011 448 117 462 142
bottle 0.0011 306 170 316 186
bottle 0.0010 298 122 309 139
bottle 0.0010 259 73 268 92
bottle 0.0010 106 146 119 165
bottle 0.0010 360 218 381 237
chair 0.6924 415 194 448 264
chair 0.6765 449 222 479 275
chair 0.5666 457 199 478 229
chair 0.5130 276 233 361 330
chair 0.4729 300 205 331 250
chair 0.4534 267 240 300 329
chair 0.4454 348 199 394 217
chair 0.3587 285 223 309 283
chair 0.2936 479 198 500 273
chair 0.2046 380 196 398 217
chair 0.1404 456 199 488 265
chair 0.1274 295 213 339 282
chair 0.1102 347 215 405 247
chair 0.0980 285 218 319 310
chair 0.0825 296 183 501 302
chair 0.0817 302 203 338 230
chair 0.0771 298 193 324 206
chair 0.0767 298 194 327 215
chair 0.0713 302 201 338 215
chair 0.0571 304 205 357 247
chair 0.0561 289 165 501 249
chair 0.0491 321 193 344 204
chair 0.0428 379 193 458 272
chair 0.0415 472 196 499 234
chair 0.0403 425 209 445 257
chair 0.0376 304 198 433 274
chair 0.0350 277 216 457 327
chair 0.0339 324 216 353 239
chair 0.0327 333 193 345 204
chair 0.0321 353 194 383 205
chair 0.0320 314 198 401 228
chair 0.0310 330 205 350 221
chair 0.0310 348 195 373 204
chair 0.0310 310 193 334 205
chair 0.0293 312 208 406 252
chair 0.0288 447 185 469 202
chair 0.0282 485 231 500 277
chair 0.0250 314 267 392 301
chair 0.0245 420 203 441 249
chair 0.0231 398 201 442 268
chair 0.0227 330 203 393 223
chair 0.0220 486 201 501 251
chair 0.0209 472 195 499 214
chair 0.0202 21 150 475 326
chair 0.0202 422 192 448 223
chair 0.0194 286 195 370 295
chair 0.0192 326 191 395 205
chair 0.0190 437 216 452 253
chair 0.0176 431 199 477 268
chair 0.0168 444 193 499 275
chair 0.0168 384 222 498 333
chair 0.0150 332 199 350 215
chair 0.0142 448 201 463 227
chair 0.0141 293 260 328 307
chair 0.0139 305 257 498 320
chair 0.0137 312 204 349 222
chair 0.0134 296 219 374 277
chair 0.0131 453 194 496 236
chair 0.0126 324 203 355 225
chair 0.0125 353 201 400 228
chair 0.0123 334 175 346 185
chair 0.0120 360 218 381 237
chair 0.0115 344 193 359 204
chair 0.0112 299 207 312 247
chair 0.0110 313 200 349 215
chair 0.0106 325 225 353 243
chair 0.0105 331 318 369 327
chair 0.0104 302 246 342 281
chair 0.0104 417 215 488 283
chair 0.0101 395 188 508 278
chair 0.0097 290 312 372 327
chair 0.0097 429 187 482 240
chair 0.0096 357 207 397 219
chair 0.0094 445 200 466 271
chair 0.0093 317 198 364 219
chair 0.0092 442 194 502 346
chair 0.0090 363 230 382 258
chair 0.0088 301 273 320 296
chair 0.0087 471 191 498 205
chair 0.0086 303 224 319 264
chair 0.0083 307 260 340 272
chair 0.0082 315 236 328 256
chair 0.0081 419 304 455 325
chair 0.0079 292 191 318 208
chair 0.0076 447 194 466 222
chair 0.0071 466 196 488 217
chair 0.0069 307 182 316 189
chair 0.0069 298 305 361 323
chair 0.0067 328 192 351 205
chair 0.0067 467 295 500 329
chair 0.0066 456 188 473 201
chair 0.0062 336 231 406 274
chair 0.0062 367 194 389 203
chair 0.0062 284 293 381 327
chair 0.0061 345 173 356 184
chair 0.0060 488 201 501 211
chair 0.0060 348 260 374 270
chair 0.0060 411 284 499 327
chair 0.0059 292 210 316 253
chair 0.0058 408 270 498 308
sofa 0.0062 342 217 402 252
sofa 0.0045 348 199 394 217
sofa 0.0034 295 179 425 194
sofa 0.0029 348 212 395 242
sofa 0.0028 316 167 441 187
sofa 0.0027 326 191 395 205
sofa 0.0021 310 198 393 218
sofa 0.0018 3 170 157 241
sofa 0.0014 330 203 393 223
sofa 0.0013 204 169 248 182
sofa 0.0012 448 219 480 275
sofa 0.0011 421 194 448 255
sofa 0.0011 266 212 487 323
sofa 0.0010 328 237 429 272
pottedplant 0.0420 383 244 412 283
pottedplant 0.0171 323 222 471 315
pottedplant 0.0163 384 243 410 266
pottedplant 0.0140 110 148 127 168
pottedplant 0.0133 355 229 439 309
pottedplant 0.0130 105 141 120 160
pottedplant 0.0085 376 252 405 275
pottedplant 0.0083 189 151 209 181
pottedplant 0.0073 390 261 410 290
pottedplant 0.0048 106 146 119 165
pottedplant 0.0041 323 130 337 148
pottedplant 0.0040 113 159 127 173
pottedplant 0.0039 104 137 139 173
pottedplant 0.0036 121 132 138 144
pottedplant 0.0029 355 241 426 272
pottedplant 0.0023 346 217 397 252
pottedplant 0.0021 335 132 349 146
pottedplant 0.0019 118 149 139 167
pottedplant 0.0017 101 143 124 169
pottedplant 0.0017 322 230 463 273
pottedplant 0.0014 384 262 398 288
pottedplant 0.0014 334 175 346 185
pottedplant 0.0013 278 111 322 146
pottedplant 0.0012 452 120 476 143
pottedplant 0.0012 375 152 382 168
pottedplant 0.0012 192 149 214 170
pottedplant 0.0011 111 146 145 171
pottedplant 0.0011 177 113 236 145
pottedplant 0.0011 376 260 406 290
pottedplant 0.0010 90 54 133 85
pottedplant 0.0010 398 252 415 276
pottedplant 0.0010 360 221 382 248
diningtable 0.8836 305 257 498 320
diningtable 0.2705 471 191 498 202
diningtable 0.2652 472 195 499 214
diningtable 0.2183 296 185 500 299
diningtable 0.1858 323 222 471 315
diningtable 0.1560 479 198 500 273
diningtable 0.1151 472 196 499 234
diningtable 0.0961 314 229 474 276
diningtable 0.0644 304 198 433 274
diningtable 0.0551 315 243 387 261
diningtable 0.0545 291 169 444 247
diningtable 0.0527 315 160 434 190
diningtable 0.0491 347 215 405 248
diningtable 0.0480 312 208 406 252
diningtable 0.0403 355 229 439 309
diningtable 0.0389 488 201 501 211
diningtable 0.0339 311 198 403 228
diningtable 0.0314 487 202 500 231
diningtable 0.0298 347 197 397 219
diningtable 0.0275 363 230 382 258
diningtable 0.0264 336 231 406 274
diningtable 0.0252 295 179 425 194
diningtable 0.0239 299 189 401 206
diningtable 0.0235 312 171 433 209
diningtable 0.0177 454 197 485 232
diningtable 0.0160 456 198 489 267
diningtable 0.0157 320 231 395 260
diningtable 0.0151 469 168 500 218
diningtable 0.0126 354 273 483 313
diningtable 0.0125 308 169 414 187
diningtable 0.0109 485 192 501 222
diningtable 0.0106 317 198 364 219
diningtable 0.0104 381 243 412 267
diningtable 0.0094 344 192 396 206
diningtable 0.0093 3 170 157 241
diningtable 0.0091 271 151 477 269
diningtable 0.0085 468 185 500 195
diningtable 0.0084 493 192 500 201
diningtable 0.0081 379 193 458 272
diningtable 0.0076 355 241 426 272
diningtable 0.0076 296 222 413 319
diningtable 0.0073 457 188 498 205
diningtable 0.0068 353 194 383 205
diningtable 0.0066 322 240 378 255
diningtable 0.0062 467 176 501 198
diningtable 0.0062 459 195 493 221
diningtable 0.0057 449 221 479 275
diningtable 0.0057 347 183 376 188
diningtable 0.0050 330 203 393 223
diningtable 0.0049 41 240 304 325
diningtable 0.0047 408 270 498 309
diningtable 0.0047 313 200 349 215
diningtable 0.0045 0 149 132 196
diningtable 0.0044 352 281 447 323
diningtable 0.0042 303 204 358 248
diningtable 0.0041 348 195 373 204
diningtable 0.0041 313 266 445 303
diningtable 0.0041 3 145 485 257
diningtable 0.0039 312 159 411 177
diningtable 0.0038 321 177 505 253
diningtable 0.0038 324 203 355 225
diningtable 0.0036 485 232 500 276
diningtable 0.0036 361 241 383 262
diningtable 0.0036 332 199 350 215
diningtable 0.0035 422 197 484 271
diningtable 0.0035 302 201 338 215
diningtable 0.0034 292 181 369 192
diningtable 0.0034 315 191 365 205
diningtable 0.0032 408 216 449 272
diningtable 0.0032 318 182 346 188
diningtable 0.0031 336 253 424 273
diningtable 0.0030 356 182 383 188
diningtable 0.0028 339 257 380 271
diningtable 0.0027 419 191 447 245
diningtable 0.0027 1 193 160 265
diningtable 0.0027 281 177 397 209
diningtable 0.0027 324 214 354 240
diningtable 0.0026 384 222 498 333
diningtable 0.0026 311 255 391 272
diningtable 0.0025 395 188 508 278
diningtable 0.0024 296 219 374 277
diningtable 0.0024 381 243 432 285
diningtable 0.0024 397 239 442 268
diningtable 0.0024 332 180 349 187
diningtable 0.0023 335 181 365 188
diningtable 0.0023 369 233 427 262
diningtable 0.0021 394 272 459 300
diningtable 0.0021 425 191 446 198
diningtable 0.0021 457 197 477 222
diningtable 0.0021 292 124 499 207
diningtable 0.0021 1 236 164 321
diningtable 0.0020 370 250 412 275
diningtable 0.0020 413 184 492 242
diningtable 0.0020 344 193 359 204
diningtable 0.0020 378 195 398 217
diningtable 0.0020 341 199 384 215
diningtable 0.0019 312 204 349 222
diningtable 0.0019 257 157 421 194
diningtable 0.0018 447 184 470 204
diningtable 0.0018 302 203 338 230
tvmonitor 0.0030 1 35 133 109
tvmonitor 0.0021 180 114 232 145
tvmonitor 0.0012 240 115 250 143
