person 0.9764 45 0 128 168
person 0.9521 276 69 363 220
person 0.9426 0 28 76 217
person 0.8494 200 13 312 159
person 0.8257 343 105 400 222
person 0.0416 291 101 402 224
person 0.0262 202 1 243 47
person 0.0177 0 37 13 225
person 0.0119 -7 18 145 216
person 0.0090 203 16 218 40
person 0.0089 187 7 226 70
person 0.0065 99 0 139 49
person 0.0052 197 73 374 219
person 0.0046 386 60 400 210
person 0.0043 197 -4 370 125
person 0.0040 85 1 116 47
person 0.0039 381 106 400 221
person 0.0038 394 87 400 233
person 0.0035 178 4 234 106
person 0.0035 201 6 245 105
person 0.0034 0 76 5 215
person 0.0029 103 0 138 25
person 0.0029 191 10 259 132
person 0.0029 353 156 400 229
person 0.0028 135 35 339 179
person 0.0026 218 29 317 114
person 0.0024 0 75 47 221
person 0.0023 386 43 400 129
person 0.0021 44 1 121 47
person 0.0020 224 11 246 46
person 0.0019 132 0 162 30
person 0.0016 31 42 172 181
person 0.0015 388 78 400 119
person 0.0015 166 2 215 46
person 0.0015 95 18 112 40
person 0.0014 0 13 4 139
person 0.0013 178 29 206 52
person 0.0012 186 8 220 38
person 0.0012 90 0 114 28
person 0.0012 133 9 282 132
person 0.0011 205 6 231 37
person 0.0011 208 33 383 171
person 0.0011 212 0 259 32
person 0.0011 -2 111 85 225
person 0.0011 141 -2 242 85
person 0.0011 218 7 253 71
person 0.0010 297 66 358 148
person 0.0010 122 84 287 211
person 0.0010 115 3 215 53
person 0.0010 97 10 125 49
bottle 0.2661 161 27 171 52
bottle 0.0550 175 21 185 40
bottle 0.0267 144 34 153 55
bottle 0.0241 170 28 179 47
bottle 0.0219 145 12 155 48
bottle 0.0214 151 1 161 28
bottle 0.0213 153 12 162 47
bottle 0.0202 153 10 160 33
bottle 0.0172 146 11 154 33
bottle 0.0156 153 36 162 54
bottle 0.0119 143 0 158 30
bottle 0.0115 173 24 185 47
bottle 0.0107 110 26 125 53
bottle 0.0105 138 34 147 56
bottle 0.0090 120 22 131 41
bottle 0.0086 104 105 124 141
bottle 0.0073 170 25 179 38
bottle 0.0060 163 46 171 57
bottle 0.0058 168 37 179 53
bottle 0.0056 160 23 171 39
bottle 0.0053 130 30 140 48
bottle 0.0050 142 25 155 51
bottle 0.0048 147 6 165 38
bottle 0.0045 172 6 189 38
bottle 0.0043 132 35 141 54
bottle 0.0043 141 23 147 38
bottle 0.0040 244 175 289 207
bottle 0.0038 131 3 187 48
bottle 0.0035 158 19 173 44
bottle 0.0034 95 17 220 69
bottle 0.0031 149 33 164 58
bottle 0.0030 168 21 181 41
bottle 0.0029 200 202 232 222
bottle 0.0027 154 72 173 110
bottle 0.0021 186 102 211 159
bottle 0.0018 165 46 179 57
bottle 0.0018 203 174 235 219
bottle 0.0017 161 33 184 57
bottle 0.0017 153 46 161 57
bottle 0.0015 146 112 169 174
bottle 0.0013 135 27 150 51
bottle 0.0012 129 21 137 41
bottle 0.0011 136 1 180 30
chair 0.0631 325 73 360 138
chair 0.0590 345 43 368 94
chair 0.0110 388 78 400 119
chair 0.0094 347 31 400 112
chair 0.0088 385 28 400 116
chair 0.0079 297 66 358 148
chair 0.0068 387 56 400 151
chair 0.0060 0 104 13 224
chair 0.0053 203 38 362 166
chair 0.0051 72 142 90 161
chair 0.0049 0 126 46 219
chair 0.0043 318 60 374 154
chair 0.0034 275 63 361 216
chair 0.0031 0 85 5 220
chair 0.0027 303 23 361 88
chair 0.0027 0 164 14 221
chair 0.0026 0 34 78 222
chair 0.0024 390 60 400 109
chair 0.0023 232 86 248 94
chair 0.0020 0 148 8 219
chair 0.0019 339 8 384 105
chair 0.0018 347 39 382 99
chair 0.0016 287 30 367 139
chair 0.0016 319 35 373 108
chair 0.0016 -1 195 49 221
chair 0.0015 40 6 128 197
chair 0.0014 72 141 90 152
chair 0.0013 104 105 124 141
chair 0.0013 391 93 400 134
chair 0.0013 0 191 7 222
chair 0.0013 34 1 63 9
chair 0.0012 385 83 400 218
chair 0.0012 102 39 216 97
chair 0.0012 0 59 18 238
chair 0.0011 0 3 54 56
chair 0.0011 0 44 4 169
chair 0.0010 0 17 5 119
chair 0.0010 156 71 173 84
sofa 0.0014 -1 5 53 93
sofa 0.0011 0 56 76 234
diningtable 0.6860 48 85 291 218
diningtable 0.2831 95 19 221 81
diningtable 0.0457 100 101 220 193
diningtable 0.0301 99 42 219 96
diningtable 0.0167 152 71 174 111
diningtable 0.0164 96 46 203 75
diningtable 0.0148 90 64 265 174
diningtable 0.0102 115 41 183 64
diningtable 0.0055 146 110 169 157
diningtable 0.0046 64 170 270 221
diningtable 0.0043 148 96 243 173
diningtable 0.0032 166 45 192 58
diningtable 0.0028 110 54 211 121
diningtable 0.0025 115 3 215 53
diningtable 0.0021 33 12 372 221
diningtable 0.0021 165 46 180 57
diningtable 0.0019 118 156 231 207
diningtable 0.0019 70 15 219 137
diningtable 0.0019 151 41 182 61
diningtable 0.0018 45 3 145 162
diningtable 0.0017 185 103 212 160
diningtable 0.0017 140 103 174 145
diningtable 0.0016 178 29 206 52
diningtable 0.0012 128 120 388 217
diningtable 0.0012 123 82 230 122
diningtable 0.0012 106 46 132 58
diningtable 0.0012 97 19 163 63
diningtable 0.0011 42 148 170 210
diningtable 0.0011 182 169 293 220
diningtable 0.0011 -7 115 222 228
diningtable 0.0010 138 53 222 68
diningtable 0.0010 82 32 184 78
