person 0.0443 45 246 60 272
person 0.0374 238 183 253 200
person 0.0173 247 179 257 200
person 0.0125 43 227 65 270
person 0.0096 57 246 67 269
person 0.0095 251 143 260 159
person 0.0079 170 97 305 268
person 0.0066 481 192 496 206
person 0.0054 0 243 7 276
person 0.0043 425 184 501 223
person 0.0043 249 154 261 171
person 0.0039 236 178 256 202
person 0.0029 56 235 69 264
person 0.0029 0 253 10 281
person 0.0029 178 155 193 172
person 0.0026 466 192 487 206
person 0.0026 40 248 52 270
person 0.0024 210 173 225 193
person 0.0021 51 229 73 268
person 0.0019 213 182 236 199
person 0.0019 243 175 261 203
person 0.0018 30 217 69 262
person 0.0017 83 239 100 261
person 0.0017 413 195 437 211
person 0.0016 0 223 10 277
person 0.0015 214 174 236 193
person 0.0015 482 188 495 200
person 0.0014 226 184 248 200
person 0.0014 376 80 381 89
person 0.0013 36 234 46 262
person 0.0013 82 224 103 256
person 0.0012 31 218 50 258
person 0.0012 237 190 253 205
person 0.0011 69 220 91 259
person 0.0010 287 185 296 198
person 0.0010 437 185 476 200
person 0.0010 486 190 500 210
person 0.0010 409 201 440 219
person 0.0010 181 180 193 201
person 0.0010 248 141 261 165
bicycle 0.4548 45 246 60 272
bicycle 0.0369 40 248 52 270
bicycle 0.0314 43 256 61 273
bicycle 0.0158 57 246 67 269
bicycle 0.0105 34 259 55 272
bicycle 0.0039 0 254 9 280
bicycle 0.0039 34 225 67 270
bicycle 0.0027 31 249 40 264
bicycle 0.0022 57 259 65 270
bicycle 0.0022 36 234 46 262
bicycle 0.0015 44 229 63 270
bicycle 0.0014 54 226 87 268
bicycle 0.0013 32 227 51 268
bicycle 0.0011 0 268 11 282
car 0.6805 417 183 497 224
car 0.3639 487 191 500 227
car 0.1779 408 203 430 219
car 0.1566 486 190 500 210
car 0.0143 474 191 500 227
car 0.0140 492 198 500 237
car 0.0114 481 192 496 206
car 0.0101 485 185 500 203
car 0.0065 82 224 103 256
car 0.0032 408 192 431 216
car 0.0018 407 184 461 221
car 0.0016 446 190 503 225
car 0.0016 90 227 105 252
car 0.0013 482 188 495 200
car 0.0013 66 219 104 261
car 0.0013 492 188 499 269
car 0.0010 83 224 101 239
motorbike 0.0085 45 246 60 272
bus 0.3345 170 118 304 272
bus 0.0042 417 183 498 224
bus 0.0011 487 191 500 227
bus 0.0010 486 190 500 210
train 0.9830 169 114 305 276
bird 0.0049 38 51 82 82
chair 0.0054 45 246 60 272
chair 0.0027 57 246 67 269
chair 0.0022 40 248 52 270
chair 0.0021 0 254 9 280
chair 0.0017 82 224 103 256
chair 0.0010 83 239 100 261
pottedplant 0.2400 62 232 84 266
pottedplant 0.1849 33 216 74 265
pottedplant 0.1094 83 239 100 261
pottedplant 0.0963 72 235 88 263
pottedplant 0.0957 51 229 73 268
pottedplant 0.0914 30 218 51 259
pottedplant 0.0868 56 235 69 264
pottedplant 0.0834 82 225 102 256
pottedplant 0.0710 42 226 65 271
pottedplant 0.0609 65 250 81 266
pottedplant 0.0364 46 225 89 269
pottedplant 0.0343 69 221 91 259
pottedplant 0.0330 57 246 67 269
pottedplant 0.0185 74 250 85 264
pottedplant 0.0171 37 216 68 245
pottedplant 0.0099 90 227 105 252
pottedplant 0.0092 29 217 43 246
pottedplant 0.0088 67 229 101 264
pottedplant 0.0087 31 241 40 258
pottedplant 0.0083 83 224 101 239
pottedplant 0.0080 46 220 74 242
pottedplant 0.0078 90 240 105 256
pottedplant 0.0072 83 249 94 262
pottedplant 0.0072 34 229 49 266
pottedplant 0.0054 73 219 90 239
pottedplant 0.0046 45 246 60 272
pottedplant 0.0040 11 209 102 273
pottedplant 0.0030 0 254 9 280
pottedplant 0.0025 65 223 81 239
pottedplant 0.0025 79 219 102 243
pottedplant 0.0024 53 210 90 253
pottedplant 0.0015 44 215 58 229
pottedplant 0.0012 28 232 43 262
pottedplant 0.0011 83 214 94 229
pottedplant 0.0010 79 216 89 229
pottedplant 0.0010 17 212 51 264
pottedplant 0.0010 38 215 50 230
diningtable 0.0012 82 224 103 256
