person 0.0317 0 355 12 372
person 0.0163 328 236 336 248
person 0.0085 318 231 326 251
person 0.0083 0 349 11 367
person 0.0078 319 241 325 256
person 0.0075 327 239 335 256
person 0.0072 46 341 54 352
person 0.0064 230 348 238 364
person 0.0061 395 242 408 256
person 0.0043 160 216 173 224
person 0.0041 243 222 251 239
person 0.0034 -1 355 25 376
person 0.0031 -1 368 13 376
person 0.0026 56 344 67 352
person 0.0025 335 240 342 256
person 0.0025 334 237 342 248
person 0.0025 401 243 411 254
person 0.0022 249 221 260 239
person 0.0011 28 323 38 333
person 0.0010 27 196 460 268
person 0.0010 259 223 271 240
car 0.0170 0 251 10 267
car 0.0136 0 355 12 372
car 0.0120 151 218 168 226
car 0.0113 160 216 173 224
car 0.0077 28 323 38 333
car 0.0054 -1 368 13 376
car 0.0053 -1 355 25 376
car 0.0045 224 194 265 206
car 0.0038 332 182 353 189
car 0.0037 0 238 11 263
car 0.0032 0 349 11 367
car 0.0028 0 368 26 375
car 0.0027 231 356 299 375
car 0.0024 342 180 358 189
car 0.0023 402 170 411 179
car 0.0022 136 218 162 225
car 0.0016 65 343 80 352
car 0.0014 392 177 407 184
car 0.0014 331 184 353 193
car 0.0012 127 218 151 225
car 0.0012 0 255 9 277
car 0.0011 402 176 412 184
car 0.0011 167 216 188 225
car 0.0010 0 232 11 249
bus 0.0060 231 356 299 375
bus 0.0038 412 226 501 291
bus 0.0021 224 194 265 206
bus 0.0014 0 355 12 372
train 0.6648 176 200 425 270
train 0.5649 414 226 498 292
train 0.0552 207 209 501 297
train 0.0534 25 189 462 273
train 0.0345 24 179 224 223
train 0.0198 331 222 498 290
train 0.0181 118 182 218 221
train 0.0150 73 175 339 222
train 0.0116 305 225 444 273
train 0.0113 16 195 335 249
train 0.0082 14 163 471 228
train 0.0074 414 223 499 356
train 0.0072 263 216 480 266
train 0.0057 12 191 475 345
train 0.0043 18 194 105 215
train 0.0033 162 183 319 210
train 0.0029 5 174 255 272
train 0.0029 225 192 281 207
train 0.0029 185 201 324 245
train 0.0027 44 198 243 225
train 0.0022 126 194 203 224
train 0.0020 93 215 204 227
train 0.0019 314 229 399 267
train 0.0016 11 144 250 237
train 0.0016 16 237 326 367
train 0.0016 2 256 116 360
train 0.0015 151 218 168 226
train 0.0012 -18 194 192 226
train 0.0011 108 237 468 371
train 0.0011 186 202 256 236
train 0.0011 308 208 358 221
train 0.0011 216 190 330 213
train 0.0011 222 207 287 249
train 0.0010 221 187 284 202
