person 0.9838 355 166 479 376
person 0.9833 134 179 264 372
person 0.9797 236 169 292 254
person 0.9654 340 166 407 275
person 0.9316 30 185 134 356
person 0.9306 256 201 363 373
person 0.0525 369 165 422 267
person 0.0521 376 166 417 225
person 0.0294 32 193 135 280
person 0.0145 377 201 450 315
person 0.0106 4 263 94 371
person 0.0100 406 234 428 270
person 0.0095 90 189 413 363
person 0.0066 147 180 220 259
person 0.0055 145 183 180 257
person 0.0047 81 188 138 253
person 0.0039 477 206 500 382
person 0.0033 14 235 154 384
person 0.0032 146 211 174 254
person 0.0031 380 166 413 202
person 0.0029 363 210 423 298
person 0.0023 9 209 194 340
person 0.0020 132 182 283 267
person 0.0017 213 215 302 297
person 0.0017 344 170 377 254
person 0.0016 494 149 500 311
person 0.0015 302 183 436 344
person 0.0014 0 202 26 343
person 0.0014 0 71 20 211
person 0.0013 475 301 500 374
person 0.0013 208 179 448 270
person 0.0013 0 255 50 364
person 0.0012 0 265 9 372
person 0.0011 134 157 355 303
person 0.0011 193 164 363 239
car 0.0017 101 139 117 168
car 0.0011 319 177 342 193
bottle 0.2008 227 221 238 238
bottle 0.1708 224 221 233 239
bottle 0.0108 108 268 125 294
bottle 0.0087 236 221 251 240
bottle 0.0076 112 250 122 266
bottle 0.0074 222 222 234 253
bottle 0.0070 406 234 428 270
bottle 0.0048 0 192 9 231
bottle 0.0045 124 266 134 287
bottle 0.0039 135 229 150 253
bottle 0.0038 224 223 242 255
bottle 0.0035 0 160 24 219
bottle 0.0034 252 203 358 371
bottle 0.0030 5 190 18 216
bottle 0.0028 224 220 243 241
bottle 0.0024 115 262 126 277
bottle 0.0023 104 250 118 266
bottle 0.0023 220 220 236 242
bottle 0.0021 0 132 7 174
bottle 0.0018 238 228 252 250
bottle 0.0017 96 280 108 296
bottle 0.0016 3 181 20 223
bottle 0.0015 333 243 346 255
bottle 0.0015 120 257 136 282
bottle 0.0014 84 242 95 258
bottle 0.0014 0 133 10 192
bottle 0.0011 85 249 95 266
bottle 0.0011 111 255 129 286
chair 0.9804 297 301 400 374
chair 0.9640 163 328 280 374
chair 0.9069 1 262 98 372
chair 0.6535 409 303 499 376
chair 0.1161 475 301 500 374
chair 0.0491 406 234 428 270
chair 0.0330 146 215 179 259
chair 0.0283 0 260 24 373
chair 0.0227 0 276 10 375
chair 0.0217 423 339 489 374
chair 0.0216 227 221 238 238
chair 0.0197 147 237 176 258
chair 0.0167 342 195 362 249
chair 0.0155 224 221 233 239
chair 0.0099 138 230 152 253
chair 0.0097 0 281 59 372
chair 0.0090 408 234 428 248
chair 0.0080 359 175 475 346
chair 0.0073 25 356 99 374
chair 0.0069 404 214 430 246
chair 0.0068 486 315 500 374
chair 0.0068 406 229 429 254
chair 0.0067 236 172 293 264
chair 0.0065 162 251 180 269
chair 0.0063 154 226 177 253
chair 0.0053 135 218 162 255
chair 0.0052 133 314 342 376
chair 0.0051 134 191 262 379
chair 0.0050 432 354 480 373
chair 0.0050 396 236 423 278
chair 0.0048 19 261 32 291
chair 0.0045 22 339 100 374
chair 0.0042 441 257 500 368
chair 0.0038 377 201 450 315
chair 0.0037 474 265 500 352
chair 0.0037 477 206 500 382
chair 0.0035 368 290 392 306
chair 0.0031 345 189 372 252
chair 0.0031 0 317 7 373
chair 0.0031 394 214 425 268
chair 0.0030 487 302 500 352
chair 0.0030 21 223 151 369
chair 0.0030 94 210 146 257
chair 0.0029 399 247 504 379
chair 0.0027 371 226 428 274
chair 0.0023 102 298 471 375
chair 0.0023 236 220 251 240
chair 0.0020 325 169 398 267
chair 0.0020 473 303 500 333
chair 0.0019 3 257 26 298
chair 0.0019 405 241 432 293
chair 0.0019 250 202 360 372
chair 0.0018 1 252 50 337
chair 0.0018 29 298 97 350
chair 0.0018 401 217 420 245
chair 0.0018 403 229 418 253
chair 0.0018 357 286 382 305
chair 0.0017 347 202 367 239
chair 0.0017 325 302 492 374
chair 0.0017 488 269 500 367
chair 0.0016 27 263 99 312
chair 0.0016 418 242 431 279
chair 0.0016 2 318 103 372
chair 0.0016 89 301 264 367
chair 0.0015 1 250 30 326
chair 0.0015 92 251 168 372
chair 0.0015 372 296 414 371
chair 0.0015 303 360 396 373
chair 0.0015 363 210 423 298
chair 0.0014 224 220 243 241
chair 0.0014 5 266 23 286
chair 0.0013 237 205 252 238
chair 0.0013 143 204 224 264
chair 0.0013 131 340 164 374
chair 0.0013 0 202 26 343
chair 0.0013 437 349 494 378
chair 0.0013 358 270 419 305
chair 0.0012 10 259 34 318
chair 0.0011 110 225 148 255
chair 0.0011 30 263 73 298
chair 0.0011 124 236 162 273
chair 0.0010 475 298 498 320
chair 0.0010 138 228 185 270
chair 0.0010 326 201 358 256
sofa 0.0012 133 188 261 382
sofa 0.0010 297 302 400 371
pottedplant 0.3189 0 161 24 222
pottedplant 0.0325 3 181 20 223
pottedplant 0.0231 0 108 24 218
pottedplant 0.0146 0 184 12 222
pottedplant 0.0125 135 211 159 253
pottedplant 0.0110 137 229 153 254
pottedplant 0.0096 -1 155 14 212
pottedplant 0.0087 5 190 18 216
pottedplant 0.0056 0 154 23 314
pottedplant 0.0053 0 133 10 192
pottedplant 0.0042 0 158 11 188
pottedplant 0.0025 1 158 23 190
pottedplant 0.0024 90 23 199 258
pottedplant 0.0024 125 189 168 252
pottedplant 0.0019 -1 146 29 245
pottedplant 0.0019 -2 110 50 266
diningtable 0.3603 92 251 168 372
diningtable 0.3392 109 220 291 368
diningtable 0.2169 250 202 360 372
diningtable 0.0633 123 198 382 346
diningtable 0.0313 97 249 165 309
diningtable 0.0270 234 235 288 275
diningtable 0.0247 196 223 319 331
diningtable 0.0201 117 255 161 296
diningtable 0.0168 135 176 261 343
diningtable 0.0137 217 235 299 315
diningtable 0.0123 251 239 277 277
diningtable 0.0085 155 323 284 373
diningtable 0.0083 89 220 183 330
diningtable 0.0082 133 314 342 376
diningtable 0.0079 26 188 139 387
diningtable 0.0075 107 284 151 309
diningtable 0.0066 256 246 292 270
diningtable 0.0065 255 253 272 283
diningtable 0.0051 124 254 155 284
diningtable 0.0050 358 203 474 376
diningtable 0.0046 0 202 26 343
diningtable 0.0044 250 240 298 304
diningtable 0.0036 125 284 150 306
diningtable 0.0036 345 241 400 311
diningtable 0.0035 92 291 272 368
diningtable 0.0034 102 298 471 375
diningtable 0.0033 354 263 385 295
diningtable 0.0033 96 293 146 376
diningtable 0.0033 185 228 303 285
diningtable 0.0031 234 169 293 255
diningtable 0.0030 129 278 149 299
diningtable 0.0026 260 251 289 264
diningtable 0.0024 352 258 383 277
diningtable 0.0022 291 302 396 376
diningtable 0.0020 357 274 382 303
diningtable 0.0018 9 209 194 340
diningtable 0.0018 165 246 351 373
diningtable 0.0017 351 250 384 270
diningtable 0.0017 356 266 421 291
diningtable 0.0017 117 271 144 304
diningtable 0.0017 254 249 292 287
diningtable 0.0016 262 238 285 260
diningtable 0.0015 349 260 374 300
diningtable 0.0015 244 225 312 360
diningtable 0.0014 333 194 417 354
diningtable 0.0014 353 260 373 275
diningtable 0.0014 158 213 284 296
diningtable 0.0013 252 257 278 300
diningtable 0.0013 0 260 24 373
diningtable 0.0013 93 278 149 336
diningtable 0.0013 257 260 268 276
diningtable 0.0013 346 254 413 283
diningtable 0.0012 32 245 185 375
diningtable 0.0011 115 232 170 278
diningtable 0.0011 258 231 461 367
diningtable 0.0010 248 237 266 261
diningtable 0.0010 338 251 381 299
