bicycle 0.0011 97 26 399 357
cat 0.9298 176 34 300 284
cat 0.0253 208 183 263 284
cat 0.0122 229 0 498 376
cat 0.0093 91 8 349 355
cat 0.0077 183 167 290 288
cat 0.0068 212 175 503 370
cat 0.0022 438 215 500 370
cat 0.0016 199 119 275 314
cat 0.0012 -5 -2 276 378
dog 0.0012 437 208 500 376
chair 0.6375 153 26 325 328
chair 0.0803 -5 -2 276 378
chair 0.0709 166 1 500 375
chair 0.0068 69 60 413 365
chair 0.0015 212 210 501 368
chair 0.0012 0 3 106 372
sofa 0.0081 153 26 325 328
sofa 0.0010 168 1 499 374
pottedplant 0.0014 229 0 498 376
