person 0.9971 270 117 358 254
person 0.9818 14 84 106 277
person 0.0060 98 91 103 97
person 0.0045 19 96 104 199
person 0.0017 79 94 86 101
person 0.0017 112 94 124 102
person 0.0013 113 137 120 160
bicycle 0.9952 257 187 374 297
bicycle 0.9850 18 176 107 301
bicycle 0.0167 47 181 95 291
bicycle 0.0048 25 179 99 254
bicycle 0.0023 270 114 359 280
bicycle 0.0016 41 207 64 248
bicycle 0.0015 46 207 78 263
bicycle 0.0013 55 195 88 277
bicycle 0.0013 268 196 334 256
bicycle 0.0012 312 213 366 298
car 0.0013 37 78 46 86
car 0.0012 488 136 500 146
boat 0.0015 112 94 124 102
bird 0.0033 112 94 124 102
bird 0.0011 98 91 103 97
cow 0.0018 112 94 124 102
bottle 0.0566 44 212 60 244
bottle 0.0386 301 222 320 251
bottle 0.0334 55 217 69 253
bottle 0.0307 297 223 313 250
bottle 0.0258 47 181 95 291
bottle 0.0248 46 207 78 263
bottle 0.0112 288 212 321 259
bottle 0.0104 35 189 88 263
bottle 0.0097 63 216 78 253
bottle 0.0077 265 193 358 256
bottle 0.0069 16 203 47 267
bottle 0.0059 303 214 321 241
bottle 0.0057 295 230 313 257
bottle 0.0050 288 207 303 245
bottle 0.0040 274 200 330 251
bottle 0.0038 59 228 68 256
bottle 0.0032 296 226 327 260
bottle 0.0026 23 197 60 256
bottle 0.0021 32 206 56 246
bottle 0.0019 286 220 336 268
bottle 0.0015 46 204 59 233
bottle 0.0013 46 178 61 195
bottle 0.0012 54 207 69 229
bottle 0.0012 461 239 475 249
bottle 0.0012 302 203 322 232
