person 0.9864 83 -7 335 508
person 0.1360 1 289 93 500
person 0.0216 14 288 227 500
person 0.0185 3 398 92 501
person 0.0154 41 361 202 501
person 0.0083 176 155 332 365
person 0.0045 65 369 337 500
person 0.0034 3 265 89 388
person 0.0030 0 291 51 457
person 0.0026 5 435 165 501
person 0.0019 274 491 339 500
person 0.0012 4 228 153 488
person 0.0012 0 418 50 497
bottle 0.3363 191 185 326 372
bottle 0.0498 40 368 200 499
bottle 0.0128 3 398 92 501
bottle 0.0101 290 493 325 500
bottle 0.0092 1 287 171 499
bottle 0.0072 274 491 339 500
bottle 0.0063 78 39 339 510
bottle 0.0056 154 174 347 505
bottle 0.0052 280 127 333 207
bottle 0.0021 231 118 337 208
bottle 0.0018 229 131 336 290
bottle 0.0014 5 435 165 501
chair 0.0015 0 287 122 501
chair 0.0013 40 368 200 499
sofa 0.0035 78 39 339 510
diningtable 0.0035 26 368 313 499
diningtable 0.0020 78 39 339 510
diningtable 0.0017 8 444 335 501
tvmonitor 0.0012 279 127 334 206
