person 0.9432 371 99 501 297
person 0.9266 297 120 404 249
person 0.8971 174 122 256 222
person 0.8391 0 111 185 371
person 0.4657 -1 123 33 231
person 0.1906 96 110 181 280
person 0.1634 121 161 173 263
person 0.1393 136 164 175 236
person 0.1050 0 122 32 353
person 0.0407 486 84 500 312
person 0.0367 295 43 309 74
person 0.0187 116 172 208 287
person 0.0180 489 98 500 189
person 0.0142 136 164 166 204
person 0.0128 87 269 275 371
person 0.0100 491 122 500 243
person 0.0077 306 48 320 80
person 0.0070 476 83 500 345
person 0.0064 -1 93 26 188
person 0.0062 0 116 10 155
person 0.0058 157 198 222 265
person 0.0058 493 122 500 319
person 0.0055 119 116 168 206
person 0.0048 0 126 12 257
person 0.0048 71 165 183 302
person 0.0047 81 119 242 271
person 0.0046 0 117 25 169
person 0.0038 50 145 237 358
person 0.0034 0 137 6 169
person 0.0034 441 91 500 374
person 0.0033 0 187 6 369
person 0.0033 482 169 500 377
person 0.0030 127 124 154 164
person 0.0030 0 143 42 279
person 0.0026 479 237 500 350
person 0.0026 120 182 161 240
person 0.0025 486 46 500 197
person 0.0025 0 119 9 187
person 0.0024 394 251 497 364
person 0.0024 277 132 443 303
person 0.0023 0 162 10 298
person 0.0023 0 80 13 171
person 0.0023 95 113 152 167
person 0.0020 144 116 278 251
person 0.0019 472 289 501 340
person 0.0018 493 94 500 158
person 0.0017 491 247 500 330
person 0.0016 0 72 127 318
person 0.0016 0 99 59 375
person 0.0014 257 128 380 234
person 0.0014 465 313 501 357
person 0.0012 128 149 235 251
person 0.0012 490 137 500 189
person 0.0012 103 57 118 75
person 0.0011 185 122 247 185
person 0.0011 -1 73 45 242
person 0.0011 179 131 490 317
person 0.0010 0 25 20 177
person 0.0010 -1 83 188 229
person 0.0010 0 206 19 377
person 0.0010 0 173 25 307
person 0.0010 138 158 160 191
person 0.0010 493 49 500 183
car 0.0010 102 49 154 67
dog 0.0012 306 48 320 80
bottle 0.4042 339 280 363 343
bottle 0.3255 358 291 398 366
bottle 0.2735 350 241 375 281
bottle 0.1968 432 263 462 330
bottle 0.1688 277 208 292 249
bottle 0.0422 285 208 295 251
bottle 0.0262 439 259 455 314
bottle 0.0255 330 238 353 279
bottle 0.0239 444 279 466 333
bottle 0.0135 253 230 273 254
bottle 0.0123 263 188 279 235
bottle 0.0111 425 290 465 338
bottle 0.0098 222 216 243 245
bottle 0.0087 338 277 361 298
bottle 0.0081 440 257 452 285
bottle 0.0078 261 179 291 244
bottle 0.0074 465 313 501 357
bottle 0.0073 250 182 281 238
bottle 0.0066 376 275 406 295
bottle 0.0065 422 289 439 330
bottle 0.0065 394 251 497 364
bottle 0.0062 236 220 247 243
bottle 0.0059 241 242 494 368
bottle 0.0057 351 241 372 257
bottle 0.0057 329 274 369 323
bottle 0.0048 112 284 130 313
bottle 0.0048 281 206 299 240
bottle 0.0047 421 271 477 353
bottle 0.0047 341 273 411 361
bottle 0.0046 488 309 500 362
bottle 0.0034 364 271 461 352
bottle 0.0031 452 272 477 291
bottle 0.0031 407 261 469 334
bottle 0.0030 395 304 498 373
bottle 0.0029 275 224 292 254
bottle 0.0026 289 254 320 303
bottle 0.0026 236 225 250 253
bottle 0.0025 361 270 427 315
bottle 0.0024 324 247 353 296
bottle 0.0024 427 255 479 302
bottle 0.0023 243 222 281 259
bottle 0.0023 424 294 447 333
bottle 0.0020 278 287 301 306
bottle 0.0018 331 237 349 246
bottle 0.0018 85 270 275 368
bottle 0.0017 456 295 498 330
bottle 0.0017 162 201 226 262
bottle 0.0017 472 289 501 340
bottle 0.0017 124 154 139 193
bottle 0.0015 335 241 365 278
bottle 0.0015 350 235 370 247
bottle 0.0014 290 228 346 279
bottle 0.0014 326 276 356 310
bottle 0.0014 334 266 455 321
bottle 0.0014 439 272 472 302
bottle 0.0014 405 166 431 179
bottle 0.0013 225 172 301 250
bottle 0.0012 262 208 299 256
bottle 0.0012 284 216 313 257
bottle 0.0012 309 234 354 284
bottle 0.0012 293 225 335 257
bottle 0.0012 318 290 494 372
bottle 0.0011 434 322 498 369
bottle 0.0011 469 328 500 378
bottle 0.0010 283 225 299 254
bottle 0.0010 328 289 385 363
bottle 0.0010 485 303 500 331
bottle 0.0010 342 244 394 291
bottle 0.0010 245 228 265 255
chair 0.0497 277 180 313 218
chair 0.0170 385 176 411 209
chair 0.0070 0 187 6 369
chair 0.0065 0 138 32 282
chair 0.0027 0 159 25 384
chair 0.0024 491 122 500 243
chair 0.0024 175 135 255 249
chair 0.0021 174 181 255 220
chair 0.0018 0 162 10 298
chair 0.0013 0 251 17 373
chair 0.0013 0 260 8 372
chair 0.0012 493 161 500 318
chair 0.0011 483 124 500 382
chair 0.0010 165 201 224 246
sofa 0.0024 278 179 315 217
pottedplant 0.0148 408 325 496 373
pottedplant 0.0022 394 251 497 364
diningtable 0.1164 156 233 491 369
diningtable 0.0137 38 172 471 363
diningtable 0.0065 227 197 445 349
diningtable 0.0060 29 244 398 370
diningtable 0.0050 196 291 456 372
diningtable 0.0030 176 164 394 284
diningtable 0.0030 251 267 426 353
diningtable 0.0030 260 231 373 317
diningtable 0.0027 179 131 490 317
diningtable 0.0026 284 212 426 300
diningtable 0.0017 314 254 494 360
diningtable 0.0014 149 192 254 268
diningtable 0.0013 229 218 291 262
diningtable 0.0013 346 237 377 284
diningtable 0.0011 0 124 31 378
diningtable 0.0011 245 175 284 245
diningtable 0.0011 288 119 397 251
diningtable 0.0011 220 212 245 249
diningtable 0.0010 338 280 363 343
diningtable 0.0010 205 235 270 275
diningtable 0.0010 350 261 476 335
diningtable 0.0010 277 132 443 303
diningtable 0.0010 287 224 351 290
diningtable 0.0010 0 190 6 348
diningtable 0.0010 237 229 287 274
tvmonitor 0.0032 277 180 313 218
