person 0.7119 194 0 404 329
person 0.2871 131 171 164 212
person 0.0731 94 171 113 207
person 0.0684 36 139 182 253
person 0.0398 77 149 138 239
person 0.0184 91 157 123 204
person 0.0107 133 168 149 194
person 0.0058 -19 23 386 305
person 0.0041 142 175 170 209
person 0.0029 132 177 151 215
person 0.0022 135 167 159 198
person 0.0017 96 176 121 216
person 0.0014 51 189 72 211
person 0.0012 95 165 165 215
person 0.0012 480 16 499 338
person 0.0011 298 -9 504 340
person 0.0010 86 160 98 176
person 0.0010 72 161 88 177
bird 0.0074 131 171 164 212
bird 0.0025 94 171 113 207
bird 0.0014 146 187 168 209
bird 0.0010 91 157 123 204
cat 0.0093 131 171 164 212
cat 0.0020 36 139 182 253
cat 0.0010 91 157 123 204
dog 0.0071 132 169 166 213
dog 0.0041 94 171 113 207
dog 0.0013 146 186 168 209
horse 0.0050 132 169 166 213
horse 0.0043 98 171 115 208
cow 0.0013 132 169 166 213
bottle 0.0053 225 209 245 246
bottle 0.0043 199 186 228 250
bottle 0.0021 201 224 231 254
bottle 0.0018 131 171 164 212
bottle 0.0011 226 208 242 232
chair 0.4190 325 160 495 327
chair 0.1208 189 167 477 330
chair 0.0031 0 225 56 330
chair 0.0018 456 259 498 331
chair 0.0016 30 131 192 267
chair 0.0016 0 232 24 313
chair 0.0011 469 214 500 330
sofa 0.0197 340 159 490 333
sofa 0.0018 122 162 469 334
tvmonitor 0.7139 23 134 201 264
tvmonitor 0.0121 77 149 138 239
tvmonitor 0.0016 0 232 24 313
tvmonitor 0.0015 129 170 166 214
tvmonitor 0.0011 0 224 56 325
