person 0.5362 254 122 273 143
person 0.4128 236 122 272 144
person 0.0422 215 134 237 147
person 0.0271 207 136 225 147
person 0.0214 282 120 299 142
person 0.0156 223 133 245 146
person 0.0109 219 122 254 147
person 0.0069 213 119 276 148
person 0.0054 201 137 215 148
person 0.0049 292 120 312 142
person 0.0047 116 113 427 212
person 0.0037 387 35 392 44
person 0.0028 227 129 264 148
person 0.0028 261 120 281 144
person 0.0020 259 118 272 134
person 0.0017 213 123 239 146
person 0.0012 252 129 274 148
person 0.0011 386 38 392 47
car 0.9978 104 112 413 215
car 0.0337 376 119 403 141
car 0.0079 375 119 406 161
car 0.0054 376 117 413 193
car 0.0029 337 118 411 151
car 0.0014 490 91 500 101
car 0.0012 372 120 501 160
boat 0.0016 211 40 220 49
boat 0.0013 387 35 392 44
bird 0.0026 211 40 220 49
bird 0.0010 22 64 26 69
