person 0.0618 428 171 449 214
person 0.0270 437 160 451 204
person 0.0090 48 160 58 183
person 0.0072 431 157 447 184
person 0.0065 438 158 449 184
person 0.0036 450 174 459 190
person 0.0026 399 169 453 215
person 0.0022 49 154 58 171
person 0.0013 346 84 374 125
bicycle 0.1895 428 172 448 213
bicycle 0.0146 434 179 453 214
bicycle 0.0054 398 169 454 216
bicycle 0.0034 437 160 451 204
bicycle 0.0030 450 174 459 190
bicycle 0.0018 448 176 461 200
bicycle 0.0018 471 177 481 189
car 0.0025 128 153 144 168
car 0.0023 127 138 146 165
car 0.0012 98 155 142 185
motorbike 0.0039 426 172 451 216
bus 0.0024 43 114 141 188
train 0.9493 43 90 449 214
train 0.0118 46 115 138 185
train 0.0056 46 116 89 185
train 0.0022 105 102 339 179
train 0.0017 164 105 279 174
train 0.0013 31 119 70 184
