person 0.4320 200 165 237 216
person 0.0896 209 169 228 212
person 0.0023 32 183 38 194
person 0.0017 76 167 86 194
person 0.0017 486 195 500 239
person 0.0011 104 89 110 96
person 0.0010 196 169 219 213
car 0.0065 485 190 500 234
car 0.0015 -1 81 16 93
car 0.0014 407 138 428 150
car 0.0010 437 134 452 148
aeroplane 0.0011 485 190 500 234
bus 0.1165 485 190 500 234
train 0.9878 57 90 475 356
train 0.4514 485 190 500 234
train 0.0375 480 159 500 237
train 0.0077 485 181 501 207
train 0.0047 483 169 500 300
train 0.0012 473 184 501 362
train 0.0011 488 157 500 210
