person 0.0014 16 59 373 411
bicycle 0.0100 112 217 276 311
bicycle 0.0055 16 59 373 411
bicycle 0.0032 67 219 311 344
bicycle 0.0025 109 226 204 304
bicycle 0.0010 41 160 319 322
car 0.5530 14 53 372 401
car 0.0025 112 217 276 311
car 0.0020 67 219 311 344
car 0.0013 41 160 319 322
motorbike 0.7108 16 59 373 411
motorbike 0.0270 112 217 276 311
motorbike 0.0237 67 219 311 344
motorbike 0.0021 201 271 273 312
motorbike 0.0018 41 160 319 322
motorbike 0.0014 81 179 233 326
bus 0.0814 12 61 375 410
pottedplant 0.0223 0 147 57 228
pottedplant 0.0015 4 21 70 45
