person 0.6768 143 1 496 330
person 0.2259 128 119 273 287
person 0.1493 326 3 500 317
person 0.1109 204 146 498 331
person 0.0208 0 160 272 332
person 0.0201 8 127 472 343
person 0.0092 73 224 424 335
person 0.0085 5 215 167 328
person 0.0085 64 74 363 284
person 0.0074 205 223 365 339
person 0.0060 284 244 318 320
person 0.0055 125 180 247 293
person 0.0053 134 176 345 336
person 0.0025 188 220 295 338
person 0.0022 435 36 500 304
person 0.0019 215 28 462 250
person 0.0018 363 143 500 332
person 0.0015 166 188 272 278
person 0.0010 387 -2 499 185
bottle 0.9415 286 253 315 328
bottle 0.0046 290 251 315 294
bottle 0.0044 282 253 341 329
bottle 0.0010 253 217 344 337
chair 0.0014 -1 59 480 344
sofa 0.6712 3 63 476 342
sofa 0.1788 109 102 302 307
sofa 0.0782 1 49 276 309
sofa 0.0047 59 146 366 335
sofa 0.0022 206 108 501 326
sofa 0.0018 0 203 284 338
sofa 0.0013 0 113 58 247
sofa 0.0010 -23 186 511 355
sofa 0.0010 35 79 327 243
