person 0.9624 184 48 476 377
person 0.0116 126 138 218 291
person 0.0081 0 37 22 361
person 0.0072 127 150 175 269
person 0.0026 76 142 211 369
person 0.0024 154 235 175 265
person 0.0021 184 211 299 373
person 0.0014 0 47 56 378
person 0.0014 154 204 213 269
person 0.0011 -14 21 525 369
person 0.0011 137 166 188 305
person 0.0010 146 226 179 279
person 0.0010 116 149 384 376
bus 0.0071 -2 19 513 371
train 0.0033 -2 19 513 371
cat 0.0033 127 48 469 377
dog 0.0014 127 48 469 376
bottle 0.0024 155 235 175 265
chair 0.0016 463 330 501 372
tvmonitor 0.0458 -2 19 513 371
