person 0.9871 0 103 95 355
person 0.9527 87 113 157 355
person 0.9472 130 175 225 359
person 0.9232 126 50 204 199
person 0.8801 411 89 494 233
person 0.8795 381 189 488 361
person 0.8093 212 111 301 348
person 0.8090 352 95 428 228
person 0.7736 302 198 399 354
person 0.7017 64 49 141 147
person 0.5753 176 124 240 319
person 0.5134 281 35 337 133
person 0.4769 261 119 326 339
person 0.4410 298 105 373 212
person 0.4301 206 63 282 169
person 0.1304 355 57 429 160
person 0.1220 314 63 400 219
person 0.0985 388 78 431 160
person 0.0809 327 57 385 178
person 0.0789 96 83 402 366
person 0.0691 164 49 338 257
person 0.0600 232 78 424 312
person 0.0445 291 52 329 120
person 0.0439 184 155 228 247
person 0.0436 73 50 194 183
person 0.0409 284 43 385 199
person 0.0387 54 38 143 343
person 0.0332 220 67 289 247
person 0.0313 101 41 475 253
person 0.0270 274 94 359 300
person 0.0248 304 89 443 264
person 0.0215 124 95 306 301
person 0.0202 121 44 378 188
person 0.0169 376 74 423 141
person 0.0137 474 85 500 304
person 0.0135 248 91 306 298
person 0.0122 474 180 499 292
person 0.0117 370 101 425 189
person 0.0108 299 129 347 198
person 0.0107 460 224 491 258
person 0.0106 228 187 286 322
person 0.0095 45 44 300 341
person 0.0094 236 73 290 176
person 0.0091 494 67 500 220
person 0.0089 5 154 560 366
person 0.0088 204 107 243 145
person 0.0079 486 55 499 225
person 0.0074 274 39 332 195
person 0.0074 257 80 292 164
person 0.0073 327 43 466 193
person 0.0069 198 80 252 151
person 0.0068 273 103 325 218
person 0.0068 78 64 125 109
person 0.0066 370 93 407 139
person 0.0064 448 100 499 269
person 0.0055 164 160 279 344
person 0.0054 491 118 500 267
person 0.0054 209 86 242 122
person 0.0052 124 50 158 110
person 0.0051 297 84 499 358
person 0.0049 496 258 500 283
person 0.0047 306 159 335 184
person 0.0046 213 109 270 282
person 0.0046 476 191 500 388
person 0.0045 376 49 496 182
person 0.0044 94 50 155 122
person 0.0044 80 132 132 222
person 0.0043 494 241 500 336
person 0.0043 93 69 122 101
person 0.0039 474 224 491 253
person 0.0039 386 79 478 162
person 0.0039 254 149 379 355
person 0.0035 451 191 497 319
person 0.0033 376 130 505 310
person 0.0033 358 156 420 229
person 0.0032 455 222 495 278
person 0.0032 496 272 499 282
person 0.0031 463 222 491 243
person 0.0030 248 80 307 194
person 0.0029 494 244 500 294
person 0.0029 304 155 338 210
person 0.0028 66 87 103 303
person 0.0026 225 12 435 148
person 0.0026 226 205 446 369
person 0.0025 0 147 18 324
person 0.0024 361 52 422 118
person 0.0024 104 50 179 147
person 0.0022 219 33 339 174
person 0.0022 50 100 91 149
person 0.0022 219 81 245 110
person 0.0022 60 45 206 122
person 0.0021 90 170 202 346
person 0.0021 244 181 316 329
person 0.0020 0 150 9 312
person 0.0020 248 78 283 153
person 0.0019 472 227 493 271
person 0.0019 259 88 275 118
person 0.0019 64 119 150 272
person 0.0019 290 169 374 296
person 0.0019 247 67 306 142
dog 0.0015 460 224 491 258
bottle 0.0509 203 58 209 74
bottle 0.0506 222 58 229 76
bottle 0.0372 212 57 219 74
bottle 0.0198 307 165 313 178
bottle 0.0173 203 52 209 63
bottle 0.0140 308 158 314 172
bottle 0.0128 372 305 387 332
bottle 0.0124 192 59 201 74
bottle 0.0112 212 53 219 64
bottle 0.0081 222 53 230 64
bottle 0.0072 201 91 212 121
bottle 0.0067 458 223 491 258
bottle 0.0066 191 51 200 63
bottle 0.0054 141 62 155 77
bottle 0.0047 299 249 307 270
bottle 0.0039 229 58 238 76
bottle 0.0030 161 269 172 286
bottle 0.0028 126 177 214 358
bottle 0.0026 229 52 238 65
bottle 0.0026 376 53 385 78
bottle 0.0025 183 60 385 327
bottle 0.0023 458 247 472 258
bottle 0.0023 159 245 175 292
bottle 0.0021 71 46 356 244
bottle 0.0019 300 238 308 263
bottle 0.0019 274 37 334 162
bottle 0.0018 212 108 303 350
bottle 0.0018 62 46 505 340
bottle 0.0017 187 52 193 65
bottle 0.0016 186 58 194 74
bottle 0.0015 306 158 318 184
bottle 0.0015 173 123 236 282
bottle 0.0014 207 57 283 234
bottle 0.0014 463 221 474 237
bottle 0.0014 496 272 499 282
bottle 0.0014 267 239 277 262
bottle 0.0011 298 241 309 276
bottle 0.0011 203 89 212 103
bottle 0.0011 261 119 326 339
bottle 0.0010 128 54 204 210
bottle 0.0010 197 54 215 78
chair 0.0026 492 83 500 104
chair 0.0025 0 161 10 318
chair 0.0025 -1 174 18 205
chair 0.0019 327 75 352 97
chair 0.0017 0 164 22 315
chair 0.0016 119 176 219 359
chair 0.0011 263 231 280 287
chair 0.0011 491 118 500 267
chair 0.0010 65 258 95 298
chair 0.0010 210 239 280 318
sofa 0.0057 -1 113 92 384
sofa 0.0046 0 178 18 328
sofa 0.0012 119 176 219 359
diningtable 0.0012 118 175 219 359
diningtable 0.0012 212 111 301 348
