person 0.9920 197 136 431 373
person 0.8669 0 177 181 370
person 0.1799 97 199 178 266
person 0.0396 0 169 354 371
person 0.0166 72 206 216 373
person 0.0074 69 185 185 324
person 0.0055 95 243 345 372
person 0.0052 0 170 19 380
person 0.0042 39 164 300 296
person 0.0024 0 177 60 370
person 0.0023 94 202 224 301
person 0.0016 0 223 120 375
person 0.0013 482 249 500 376
person 0.0011 0 159 17 277
car 0.0035 474 79 492 88
car 0.0026 194 149 438 387
car 0.0010 464 79 489 91
car 0.0010 471 74 496 85
motorbike 0.0011 194 149 438 387
train 0.0028 26 148 451 371
train 0.0010 198 137 432 341
boat 0.3065 35 148 444 371
boat 0.1700 464 79 489 91
boat 0.0564 -1 77 16 98
boat 0.0436 198 137 432 341
boat 0.0358 474 79 492 88
boat 0.0347 461 83 476 91
boat 0.0292 463 72 492 88
boat 0.0280 12 108 479 286
boat 0.0268 421 79 474 89
boat 0.0181 411 79 423 87
boat 0.0149 420 69 474 88
boat 0.0141 102 239 384 371
boat 0.0128 471 74 496 85
boat 0.0098 -1 56 15 99
boat 0.0086 -17 -18 510 319
boat 0.0084 9 181 241 370
boat 0.0083 462 89 487 96
boat 0.0057 415 74 423 84
boat 0.0056 457 68 478 89
boat 0.0054 462 89 474 95
boat 0.0052 303 84 317 91
boat 0.0051 421 73 454 84
boat 0.0051 446 66 488 90
boat 0.0049 468 76 497 93
boat 0.0046 358 80 366 87
boat 0.0045 451 77 485 93
boat 0.0041 418 81 436 87
boat 0.0038 39 164 300 296
boat 0.0034 455 42 497 89
boat 0.0033 307 79 372 91
boat 0.0033 66 63 94 74
boat 0.0030 77 252 263 366
boat 0.0028 440 72 472 86
boat 0.0026 415 45 489 89
boat 0.0025 233 18 494 281
boat 0.0025 338 75 362 84
boat 0.0023 489 71 499 84
boat 0.0023 462 86 489 101
boat 0.0020 0 84 22 102
boat 0.0019 3 74 81 99
boat 0.0019 415 73 438 84
boat 0.0016 374 80 385 86
boat 0.0016 66 64 97 84
boat 0.0016 85 94 484 216
boat 0.0015 274 41 297 59
boat 0.0014 362 82 377 88
boat 0.0013 337 78 365 88
boat 0.0013 297 83 313 90
boat 0.0013 92 197 179 268
boat 0.0012 491 76 499 93
boat 0.0012 349 75 371 84
boat 0.0012 301 67 374 94
boat 0.0012 -6 138 221 258
boat 0.0011 304 28 498 107
boat 0.0010 1 66 21 92
boat 0.0010 403 81 418 87
boat 0.0010 399 76 457 91
bird 0.0044 311 0 349 16
dog 0.0103 77 252 263 366
dog 0.0058 92 197 179 268
dog 0.0023 214 137 443 375
dog 0.0021 6 226 344 372
chair 0.1668 188 139 418 374
chair 0.0258 100 258 340 372
chair 0.0103 86 253 209 373
chair 0.0092 -2 196 188 380
chair 0.0091 330 200 420 330
chair 0.0029 270 283 355 374
chair 0.0024 0 169 354 371
chair 0.0020 0 326 26 374
chair 0.0019 480 319 500 376
chair 0.0017 414 263 497 365
chair 0.0017 189 165 334 309
chair 0.0014 483 341 501 374
chair 0.0014 47 139 443 313
chair 0.0014 282 154 450 370
chair 0.0014 177 252 415 375
chair 0.0012 232 18 497 280
chair 0.0011 0 350 27 375
sofa 0.0822 184 141 423 373
sofa 0.0490 102 239 384 371
sofa 0.0142 77 252 263 366
sofa 0.0110 -4 172 363 370
sofa 0.0023 28 123 457 327
sofa 0.0019 330 200 420 330
sofa 0.0011 230 277 355 375
pottedplant 0.0013 481 286 500 376
