person 0.0635 329 155 351 174
person 0.0477 358 156 380 175
person 0.0422 168 158 186 173
person 0.0338 178 159 193 173
person 0.0307 323 157 340 174
person 0.0254 493 131 500 157
person 0.0234 139 163 154 177
person 0.0178 315 139 327 153
person 0.0116 193 134 204 150
person 0.0092 167 125 187 148
person 0.0088 161 157 179 173
person 0.0087 106 127 113 141
person 0.0072 370 155 384 174
person 0.0064 390 134 405 150
person 0.0058 136 153 157 177
person 0.0055 134 162 149 178
person 0.0051 493 138 500 166
person 0.0046 300 133 322 152
person 0.0045 192 126 207 147
person 0.0043 2 131 12 142
person 0.0041 316 145 326 156
person 0.0039 115 154 130 175
person 0.0038 344 156 356 174
person 0.0037 321 162 342 176
person 0.0036 318 156 331 175
person 0.0030 120 152 135 177
person 0.0029 150 155 168 174
person 0.0026 353 161 373 179
person 0.0026 139 153 177 175
person 0.0021 170 131 202 153
person 0.0019 93 134 103 148
person 0.0018 188 164 202 176
person 0.0017 175 159 197 180
person 0.0017 424 132 433 151
person 0.0017 367 159 387 181
person 0.0017 375 132 403 150
person 0.0017 279 133 291 154
person 0.0016 91 131 107 142
person 0.0015 86 133 100 142
person 0.0013 394 133 421 150
person 0.0013 420 123 437 150
person 0.0012 105 129 112 154
person 0.0011 411 133 423 150
person 0.0010 390 126 409 144
person 0.0010 198 133 208 149
person 0.0010 166 159 190 180
car 0.9981 104 145 234 242
car 0.9980 279 148 406 240
car 0.9137 438 129 500 164
car 0.0906 36 140 53 148
car 0.0320 390 126 409 144
car 0.0296 391 124 424 147
car 0.0256 493 138 500 166
car 0.0223 493 131 500 157
car 0.0139 242 128 283 157
car 0.0135 375 132 403 150
car 0.0125 390 134 405 150
car 0.0091 372 126 408 147
car 0.0091 315 139 327 153
car 0.0088 2 131 12 142
car 0.0067 268 133 283 156
car 0.0057 300 133 322 152
car 0.0054 369 134 390 148
car 0.0050 284 135 296 153
car 0.0044 245 133 261 152
car 0.0043 106 127 113 141
car 0.0041 394 133 421 150
car 0.0038 406 125 425 148
car 0.0037 282 130 324 153
car 0.0037 363 123 429 150
car 0.0026 490 124 500 148
car 0.0025 367 128 393 146
car 0.0023 438 133 453 154
car 0.0022 271 126 280 139
car 0.0022 282 127 301 142
car 0.0021 279 133 291 154
car 0.0019 32 139 113 168
car 0.0019 33 136 112 154
car 0.0018 316 145 326 156
car 0.0018 494 148 500 174
car 0.0018 295 123 329 150
car 0.0017 91 131 107 142
car 0.0015 487 136 500 168
car 0.0015 277 126 292 141
car 0.0014 431 134 444 151
car 0.0014 86 133 100 142
car 0.0013 193 134 204 150
car 0.0013 30 139 58 150
car 0.0013 83 135 100 148
car 0.0013 434 130 461 159
car 0.0012 270 141 282 160
car 0.0012 15 139 52 147
car 0.0012 365 124 379 145
car 0.0011 93 134 103 148
car 0.0011 416 122 441 150
car 0.0010 411 133 423 150
car 0.0010 424 123 449 149
bus 0.0070 243 123 283 158
bus 0.0049 278 123 330 155
bus 0.0014 490 124 500 148
bus 0.0013 438 129 500 164
bus 0.0012 493 131 500 157
bus 0.0010 155 124 211 158
