person 0.6293 430 0 464 33
person 0.4146 318 1 350 52
person 0.3206 475 -1 498 22
person 0.2706 286 -2 310 45
person 0.1281 300 0 339 52
person 0.1123 488 0 500 20
person 0.0612 301 9 319 48
person 0.0532 312 6 332 50
person 0.0280 286 13 305 43
person 0.0254 464 0 489 22
person 0.0226 455 0 477 23
person 0.0218 279 0 321 52
person 0.0206 448 0 495 32
person 0.0197 419 2 433 37
person 0.0194 402 5 429 36
person 0.0188 268 -1 300 39
person 0.0181 143 -2 178 40
person 0.0140 424 0 456 25
person 0.0131 155 -3 494 60
person 0.0125 439 0 471 22
person 0.0110 279 0 363 57
person 0.0109 351 -1 436 40
person 0.0109 285 0 301 4
person 0.0095 301 2 409 53
person 0.0092 374 0 416 39
person 0.0088 486 0 500 37
person 0.0071 329 19 348 52
person 0.0070 474 0 500 65
person 0.0066 58 -19 510 326
person 0.0066 294 -1 308 4
person 0.0065 493 -3 500 9
person 0.0065 330 2 368 53
person 0.0058 144 0 173 23
person 0.0057 309 0 500 54
person 0.0056 271 -1 295 24
person 0.0053 283 -2 305 25
person 0.0052 405 0 429 22
person 0.0052 375 0 403 18
person 0.0047 226 0 244 4
person 0.0046 277 0 291 4
person 0.0045 312 -1 331 3
person 0.0043 223 0 334 58
person 0.0040 119 0 143 18
person 0.0040 237 0 254 3
person 0.0039 388 0 406 19
person 0.0039 0 12 12 86
person 0.0038 323 -1 340 3
person 0.0037 377 -1 401 6
person 0.0037 267 -1 282 4
person 0.0034 209 0 307 36
person 0.0033 260 -1 288 22
person 0.0032 447 2 498 60
person 0.0032 470 14 501 99
person 0.0031 158 0 178 20
person 0.0031 436 8 500 101
person 0.0030 476 -2 495 10
person 0.0029 304 -1 321 4
person 0.0028 243 0 264 4
person 0.0027 469 -4 500 39
person 0.0027 487 0 500 78
person 0.0023 428 10 467 44
person 0.0023 411 -7 495 43
person 0.0020 214 0 237 4
person 0.0019 124 -1 168 37
person 0.0018 253 0 275 4
person 0.0017 344 2 395 53
person 0.0017 232 0 296 20
person 0.0017 390 -1 402 6
person 0.0016 371 2 389 14
person 0.0016 350 5 370 51
person 0.0015 290 20 315 51
person 0.0015 188 18 208 36
person 0.0014 338 0 362 43
person 0.0014 457 0 471 7
person 0.0014 0 -3 22 83
person 0.0014 304 -3 340 25
person 0.0014 491 17 500 118
person 0.0013 302 -1 323 21
person 0.0013 263 3 287 34
person 0.0013 418 19 434 39
person 0.0013 209 0 280 17
person 0.0012 373 0 388 5
person 0.0012 0 5 7 53
person 0.0012 421 17 454 41
person 0.0011 207 1 221 19
person 0.0011 391 2 480 59
person 0.0011 140 -1 502 118
person 0.0011 132 1 187 59
person 0.0011 335 -1 349 4
person 0.0011 49 0 72 61
person 0.0010 193 7 220 32
person 0.0010 179 15 213 43
person 0.0010 145 -1 212 41
person 0.0010 340 0 360 19
person 0.0010 112 -1 144 34
bicycle 0.0840 0 25 12 90
bicycle 0.0592 0 13 23 88
bicycle 0.0154 50 8 115 87
bicycle 0.0063 2 34 27 82
bicycle 0.0041 53 15 90 81
bicycle 0.0033 51 2 76 62
bicycle 0.0019 54 30 71 65
bicycle 0.0018 0 32 11 140
bicycle 0.0018 58 16 84 62
bicycle 0.0017 100 2 198 69
bicycle 0.0013 62 16 99 64
bicycle 0.0012 37 7 174 93
bicycle 0.0011 438 2 471 34
bicycle 0.0011 62 31 79 62
car 0.0321 470 14 501 99
car 0.0226 0 13 23 88
car 0.0099 0 -1 12 84
car 0.0083 438 1 500 118
car 0.0065 0 40 11 90
car 0.0042 401 3 430 39
car 0.0042 488 0 500 20
car 0.0035 474 0 500 65
car 0.0025 490 13 500 104
car 0.0021 -1 31 16 105
car 0.0021 398 17 424 39
car 0.0017 475 -1 499 22
car 0.0016 472 18 500 202
car 0.0016 430 0 464 33
car 0.0013 392 2 499 205
car 0.0012 2 -6 503 301
car 0.0012 447 2 498 60
car 0.0011 0 -7 27 68
car 0.0011 0 5 7 53
motorbike 0.9548 71 -2 498 354
motorbike 0.4372 0 13 23 88
motorbike 0.2628 107 3 296 113
motorbike 0.1735 125 5 203 62
motorbike 0.1665 -8 7 334 248
motorbike 0.1533 0 25 12 90
motorbike 0.0566 97 13 202 101
motorbike 0.0305 470 14 501 99
motorbike 0.0241 170 9 311 95
motorbike 0.0237 396 3 500 105
motorbike 0.0187 92 -1 486 117
motorbike 0.0147 402 17 429 39
motorbike 0.0127 439 3 500 196
motorbike 0.0118 435 0 474 34
motorbike 0.0115 71 0 434 63
motorbike 0.0111 143 -2 178 40
motorbike 0.0103 105 23 195 72
motorbike 0.0100 397 3 499 270
motorbike 0.0100 316 1 350 52
motorbike 0.0098 142 16 210 77
motorbike 0.0087 32 9 146 89
motorbike 0.0084 33 -4 250 126
motorbike 0.0083 306 3 443 53
motorbike 0.0080 106 32 151 70
motorbike 0.0080 472 18 500 202
motorbike 0.0075 313 1 500 205
motorbike 0.0073 474 0 500 65
motorbike 0.0071 145 -1 212 42
motorbike 0.0069 447 2 498 60
motorbike 0.0068 133 1 269 67
motorbike 0.0066 2 34 27 82
motorbike 0.0065 300 0 339 52
motorbike 0.0060 380 -1 502 58
motorbike 0.0059 3 71 193 266
motorbike 0.0058 476 3 499 31
motorbike 0.0053 396 0 428 37
motorbike 0.0046 339 3 411 51
motorbike 0.0042 441 20 500 353
motorbike 0.0039 0 13 13 170
motorbike 0.0039 487 1 500 35
motorbike 0.0037 244 -2 487 56
motorbike 0.0035 434 8 499 89
motorbike 0.0034 158 11 213 49
motorbike 0.0033 448 0 495 32
motorbike 0.0032 231 1 498 286
motorbike 0.0032 143 37 212 99
motorbike 0.0031 223 0 334 58
motorbike 0.0029 428 10 467 44
motorbike 0.0027 267 1 522 101
motorbike 0.0026 422 0 457 35
motorbike 0.0025 491 17 500 118
motorbike 0.0024 351 -1 436 40
motorbike 0.0024 59 6 312 168
motorbike 0.0024 287 1 312 51
motorbike 0.0023 469 -5 500 341
motorbike 0.0021 1 6 40 90
motorbike 0.0020 374 0 416 39
motorbike 0.0020 0 0 31 140
motorbike 0.0019 89 40 208 136
motorbike 0.0018 51 13 109 83
motorbike 0.0018 1 -18 210 208
motorbike 0.0018 0 -7 27 68
motorbike 0.0018 487 0 500 78
motorbike 0.0017 279 0 363 57
motorbike 0.0017 418 19 434 39
motorbike 0.0017 426 24 444 37
motorbike 0.0017 183 16 210 41
motorbike 0.0017 102 60 191 112
motorbike 0.0016 421 17 454 41
motorbike 0.0016 0 -12 10 73
motorbike 0.0015 440 16 470 36
motorbike 0.0014 1 14 122 253
motorbike 0.0014 88 3 165 64
motorbike 0.0013 169 19 205 38
motorbike 0.0013 0 5 7 53
motorbike 0.0012 334 29 497 345
motorbike 0.0012 485 0 500 21
motorbike 0.0011 152 16 184 42
motorbike 0.0011 413 16 441 40
motorbike 0.0011 142 0 300 37
motorbike 0.0010 195 6 440 91
bottle 0.0015 145 202 208 277
