person 0.0036 0 210 5 220
person 0.0034 14 217 20 224
person 0.0026 136 275 145 290
person 0.0025 483 277 490 287
person 0.0023 256 276 267 288
person 0.0022 11 213 21 221
person 0.0021 491 218 500 232
person 0.0020 247 276 262 288
person 0.0017 239 276 249 288
person 0.0013 0 211 4 232
person 0.0013 2 285 22 295
person 0.0013 138 283 144 292
person 0.0012 0 285 13 295
car 0.2847 2 285 22 295
car 0.1564 0 285 13 295
car 0.0876 20 282 46 294
car 0.0276 19 281 68 294
car 0.0140 8 284 39 294
car 0.0084 13 269 79 294
car 0.0065 17 279 51 290
car 0.0041 339 277 386 302
car 0.0039 98 283 144 293
car 0.0033 0 210 5 220
car 0.0030 5 271 139 294
car 0.0026 10 275 58 292
car 0.0023 31 281 168 295
car 0.0016 0 272 8 294
car 0.0016 110 273 147 291
car 0.0012 341 279 364 301
aeroplane 0.9943 0 9 500 305
aeroplane 0.0071 100 170 116 176
aeroplane 0.0056 9 269 132 294
aeroplane 0.0044 0 250 63 291
aeroplane 0.0037 0 210 5 220
aeroplane 0.0037 2 228 123 292
aeroplane 0.0023 19 275 70 293
aeroplane 0.0021 0 187 5 223
aeroplane 0.0020 -1 181 502 303
aeroplane 0.0015 12 255 163 298
aeroplane 0.0010 11 213 21 221
bus 0.0156 0 248 59 292
bus 0.0011 0 233 63 273
bus 0.0010 14 252 51 273
boat 0.0026 381 70 488 129
