person 0.9924 36 23 324 338
person 0.2697 103 76 137 147
person 0.0064 95 104 110 143
person 0.0062 99 99 126 146
person 0.0035 379 58 401 92
person 0.0027 108 81 127 143
person 0.0025 118 76 139 93
person 0.0017 98 84 122 126
person 0.0017 377 74 400 113
person 0.0014 104 76 138 114
person 0.0012 67 140 183 206
person 0.0012 260 28 283 59
person 0.0012 142 75 153 88
person 0.0011 101 94 114 114
bottle 0.1036 482 258 500 331
bottle 0.0771 351 241 465 333
bottle 0.0066 454 248 499 332
bottle 0.0033 486 217 500 319
bottle 0.0031 433 105 501 285
bottle 0.0023 473 223 499 330
bottle 0.0022 177 20 193 37
bottle 0.0015 484 297 500 332
bottle 0.0011 467 240 500 292
chair 0.8971 376 189 439 244
chair 0.2194 -1 219 58 333
chair 0.1305 66 138 185 208
chair 0.0507 48 208 124 286
chair 0.0263 81 137 139 207
chair 0.0209 64 135 99 208
chair 0.0204 45 40 350 336
chair 0.0191 57 146 140 268
chair 0.0149 87 169 164 209
chair 0.0137 377 186 491 247
chair 0.0136 93 176 130 207
chair 0.0127 12 209 125 331
chair 0.0117 58 206 121 250
chair 0.0090 0 251 27 331
chair 0.0082 72 170 142 217
chair 0.0082 456 90 499 111
chair 0.0078 43 165 169 305
chair 0.0061 25 168 485 330
chair 0.0052 59 128 196 264
chair 0.0049 -1 208 60 263
chair 0.0044 268 147 339 201
chair 0.0036 387 141 496 278
chair 0.0030 431 109 502 291
chair 0.0030 66 135 91 152
chair 0.0029 482 258 500 331
chair 0.0027 0 175 61 299
chair 0.0027 449 90 500 140
chair 0.0022 453 248 499 333
chair 0.0022 20 79 249 313
chair 0.0021 367 194 500 318
chair 0.0017 448 103 500 172
chair 0.0015 53 230 109 282
chair 0.0015 101 239 141 301
chair 0.0013 61 201 121 220
chair 0.0012 378 204 437 267
chair 0.0011 85 139 97 205
chair 0.0011 -6 224 355 332
chair 0.0011 0 238 9 335
chair 0.0011 98 169 126 194
chair 0.0011 267 134 438 206
chair 0.0010 56 218 149 327
chair 0.0010 327 116 472 225
chair 0.0010 445 197 500 312
chair 0.0010 171 113 405 235
pottedplant 0.0044 155 1 212 38
pottedplant 0.0011 177 20 193 37
diningtable 0.1128 45 40 350 336
diningtable 0.0416 67 140 183 206
diningtable 0.0324 19 222 490 331
diningtable 0.0097 5 285 505 335
diningtable 0.0094 85 145 177 178
diningtable 0.0079 201 301 289 330
diningtable 0.0066 280 220 367 332
diningtable 0.0044 241 233 501 331
diningtable 0.0042 83 144 180 161
diningtable 0.0040 348 240 470 329
diningtable 0.0038 79 167 173 211
diningtable 0.0033 270 133 434 199
diningtable 0.0031 114 154 183 169
diningtable 0.0030 88 131 279 222
diningtable 0.0019 173 296 384 330
diningtable 0.0018 59 128 196 264
diningtable 0.0018 81 137 139 207
diningtable 0.0016 482 258 500 331
diningtable 0.0016 51 205 123 275
diningtable 0.0013 453 248 499 333
diningtable 0.0011 53 196 124 243
diningtable 0.0011 296 198 408 239
diningtable 0.0010 -1 219 58 333
diningtable 0.0010 108 159 188 181
tvmonitor 0.0113 123 86 166 145
tvmonitor 0.0053 104 76 149 146
tvmonitor 0.0017 112 0 172 40
