bicycle 0.0063 327 176 424 459
car 0.0037 360 238 426 317
car 0.0036 327 176 424 459
car 0.0033 360 249 425 460
car 0.0032 371 242 425 287
car 0.0013 -1 287 105 387
motorbike 0.0011 320 184 425 466
cat 0.0013 23 241 330 498
chair 0.0442 1 284 107 441
sofa 0.0028 0 286 104 427
pottedplant 0.5190 320 186 425 464
pottedplant 0.2623 24 67 397 504
pottedplant 0.1513 23 308 320 497
pottedplant 0.1307 0 288 103 425
pottedplant 0.0984 360 274 427 459
pottedplant 0.0672 213 222 375 432
pottedplant 0.0507 13 384 252 500
pottedplant 0.0473 110 238 379 493
pottedplant 0.0213 0 54 117 451
pottedplant 0.0201 0 281 105 360
pottedplant 0.0180 328 188 426 337
pottedplant 0.0153 -3 -5 188 506
pottedplant 0.0148 98 322 192 397
pottedplant 0.0138 357 216 425 381
pottedplant 0.0128 237 166 417 339
pottedplant 0.0117 201 261 326 412
pottedplant 0.0104 100 324 305 423
pottedplant 0.0101 359 237 426 319
pottedplant 0.0101 101 105 302 450
pottedplant 0.0093 109 67 297 296
pottedplant 0.0090 174 83 409 430
pottedplant 0.0086 0 292 31 375
pottedplant 0.0084 0 293 63 378
pottedplant 0.0076 1 334 84 382
pottedplant 0.0070 79 314 212 424
pottedplant 0.0061 371 242 425 287
pottedplant 0.0058 92 217 277 414
pottedplant 0.0051 376 257 426 369
pottedplant 0.0048 391 290 426 371
pottedplant 0.0047 115 363 323 499
pottedplant 0.0044 1 165 279 485
pottedplant 0.0043 215 263 306 329
pottedplant 0.0042 162 209 327 387
pottedplant 0.0034 12 28 332 322
pottedplant 0.0032 200 303 367 495
pottedplant 0.0032 101 269 222 402
pottedplant 0.0031 3 392 126 500
pottedplant 0.0029 165 302 316 445
pottedplant 0.0029 134 401 269 500
pottedplant 0.0027 0 214 106 381
pottedplant 0.0026 363 246 400 282
pottedplant 0.0025 213 273 272 321
pottedplant 0.0025 0 259 187 484
pottedplant 0.0025 413 293 425 368
pottedplant 0.0025 10 437 171 500
pottedplant 0.0025 220 246 341 347
pottedplant 0.0025 0 293 31 331
pottedplant 0.0024 358 296 425 385
pottedplant 0.0023 417 291 425 333
pottedplant 0.0022 18 125 155 389
pottedplant 0.0022 259 206 377 310
pottedplant 0.0021 228 315 337 434
pottedplant 0.0019 303 295 418 453
pottedplant 0.0018 131 335 237 409
pottedplant 0.0017 419 292 425 315
pottedplant 0.0017 308 305 369 366
pottedplant 0.0014 338 382 363 417
pottedplant 0.0013 108 357 211 400
pottedplant 0.0013 343 190 407 251
pottedplant 0.0013 344 234 400 294
pottedplant 0.0012 0 330 98 492
pottedplant 0.0012 346 95 434 422
pottedplant 0.0011 140 338 199 384
pottedplant 0.0011 265 30 454 478
pottedplant 0.0011 211 112 373 316
pottedplant 0.0010 209 269 281 365
pottedplant 0.0010 334 364 373 421
pottedplant 0.0010 276 258 401 378
pottedplant 0.0010 100 311 156 367
