person 0.9839 0 62 123 485
person 0.0755 341 190 375 296
person 0.0048 82 103 111 183
person 0.0045 84 102 103 140
person 0.0021 99 -15 216 371
person 0.0020 350 184 375 264
person 0.0017 8 65 108 266
person 0.0013 83 133 118 226
person 0.0011 23 312 51 437
person 0.0010 343 77 355 106
car 0.0013 88 98 105 104
chair 0.0421 98 175 142 332
chair 0.0129 99 178 134 223
chair 0.0114 86 140 142 289
chair 0.0052 343 279 373 303
chair 0.0044 70 94 146 254
chair 0.0040 82 112 114 216
chair 0.0035 342 183 374 303
chair 0.0034 358 279 374 303
chair 0.0027 100 176 133 274
chair 0.0018 38 67 183 364
chair 0.0018 93 173 115 219
chair 0.0015 84 147 120 253
chair 0.0010 87 204 123 278
chair 0.0010 111 214 139 331
pottedplant 0.3509 74 0 377 431
pottedplant 0.0058 70 94 146 254
pottedplant 0.0052 99 -15 216 371
pottedplant 0.0041 29 35 280 307
pottedplant 0.0036 4 5 374 189
pottedplant 0.0034 86 140 142 289
pottedplant 0.0025 38 67 183 364
pottedplant 0.0010 68 -4 324 109
diningtable 0.0331 98 176 142 331
diningtable 0.0083 96 108 372 437
diningtable 0.0061 341 190 375 296
diningtable 0.0032 99 174 132 224
diningtable 0.0028 -8 242 391 493
diningtable 0.0014 0 60 117 470
