person 0.9877 112 63 207 188
person 0.9499 331 32 358 101
person 0.9110 259 35 292 121
person 0.9002 439 30 468 100
person 0.6489 236 60 253 94
person 0.6370 204 59 232 116
person 0.6273 175 59 199 113
person 0.6030 398 32 415 69
person 0.4755 455 41 500 133
person 0.4032 255 36 276 113
person 0.2671 212 57 235 99
person 0.2529 412 29 428 88
person 0.1316 404 33 426 102
person 0.1303 235 59 257 113
person 0.1231 224 66 262 116
person 0.1130 180 62 215 113
person 0.0763 176 24 478 114
person 0.0647 412 27 440 103
person 0.0601 261 44 287 94
person 0.0530 244 62 264 112
person 0.0475 207 58 224 81
person 0.0443 159 99 210 164
person 0.0430 216 57 235 82
person 0.0402 8 30 17 50
person 0.0337 398 31 417 100
person 0.0307 400 30 433 82
person 0.0288 172 110 198 143
person 0.0255 173 63 186 89
person 0.0246 139 81 200 169
person 0.0245 59 31 68 49
person 0.0240 203 60 215 79
person 0.0218 111 66 169 169
person 0.0215 221 62 247 94
person 0.0205 206 78 224 117
person 0.0200 139 92 177 142
person 0.0185 196 60 220 114
person 0.0172 282 36 305 47
person 0.0159 58 35 72 58
person 0.0149 227 61 238 79
person 0.0144 184 121 209 170
person 0.0142 257 37 276 80
person 0.0139 6 33 23 58
person 0.0139 199 66 214 88
person 0.0125 282 34 290 47
person 0.0123 413 28 437 69
person 0.0116 265 60 286 112
person 0.0105 183 33 192 62
person 0.0105 255 65 270 110
person 0.0094 182 58 261 124
person 0.0090 18 36 31 57
person 0.0087 184 33 191 48
person 0.0086 20 28 31 53
person 0.0085 412 27 429 56
person 0.0080 163 111 194 156
person 0.0079 223 34 300 118
person 0.0075 294 36 313 47
person 0.0070 197 61 217 95
person 0.0065 177 58 195 82
person 0.0063 478 37 499 116
person 0.0061 20 16 413 120
person 0.0060 0 36 6 60
person 0.0057 26 36 34 57
person 0.0051 133 59 356 121
person 0.0049 376 14 397 48
person 0.0048 475 43 494 94
person 0.0048 0 23 9 57
person 0.0048 171 65 189 106
person 0.0047 146 93 170 119
person 0.0046 312 27 370 110
person 0.0045 62 31 76 51
person 0.0043 479 44 488 57
person 0.0040 492 23 500 134
person 0.0038 319 25 491 101
person 0.0037 400 28 459 110
person 0.0037 0 44 5 71
person 0.0036 263 46 280 72
person 0.0035 159 96 194 142
person 0.0034 303 34 316 47
person 0.0032 220 72 251 104
person 0.0031 145 57 223 127
person 0.0029 212 152 236 174
person 0.0028 167 125 209 182
person 0.0028 149 92 185 124
person 0.0026 444 34 467 65
person 0.0026 268 61 284 78
person 0.0025 190 59 202 76
person 0.0024 400 33 415 50
person 0.0023 495 39 500 99
person 0.0022 272 57 289 81
person 0.0022 378 26 394 48
person 0.0021 492 70 500 125
person 0.0021 425 35 450 96
person 0.0021 12 25 33 57
person 0.0021 170 30 310 125
person 0.0021 453 36 472 97
person 0.0020 51 26 75 58
person 0.0020 200 77 251 117
person 0.0019 153 71 202 119
person 0.0019 211 47 422 131
person 0.0019 448 -1 497 121
car 0.0011 112 43 132 57
cat 0.0019 167 108 192 143
dog 0.0084 172 110 198 143
dog 0.0023 455 52 500 136
dog 0.0012 348 99 390 131
dog 0.0012 170 108 206 161
dog 0.0010 114 60 204 178
horse 0.9884 215 126 439 263
horse 0.0185 455 42 499 132
horse 0.0021 167 143 333 241
horse 0.0013 251 193 417 256
cow 0.0017 455 43 499 132
cow 0.0013 215 133 439 267
bottle 0.0166 172 110 197 142
bottle 0.0031 268 61 284 78
bottle 0.0023 208 80 220 116
bottle 0.0015 168 107 188 129
bottle 0.0012 170 108 206 161
bottle 0.0011 176 110 192 127
chair 0.0127 235 59 257 113
chair 0.0102 198 67 218 108
chair 0.0078 102 121 154 169
chair 0.0077 228 82 242 94
chair 0.0074 208 80 220 116
chair 0.0070 201 81 216 114
chair 0.0067 110 61 192 189
chair 0.0065 206 59 228 115
chair 0.0051 109 116 179 183
chair 0.0048 199 66 214 88
chair 0.0043 117 140 157 168
chair 0.0040 177 60 199 112
chair 0.0037 224 66 262 116
chair 0.0037 180 62 215 113
chair 0.0034 60 37 78 57
chair 0.0034 214 62 233 109
chair 0.0034 246 78 265 113
chair 0.0033 224 64 241 90
chair 0.0032 220 72 251 104
chair 0.0028 187 85 204 112
chair 0.0028 227 61 238 79
chair 0.0026 236 60 253 94
chair 0.0025 183 85 197 110
chair 0.0023 200 78 250 117
chair 0.0022 455 43 499 132
chair 0.0021 171 65 189 106
chair 0.0020 257 77 269 115
chair 0.0019 98 123 123 168
chair 0.0018 216 94 257 117
chair 0.0018 99 124 119 146
chair 0.0015 212 83 236 111
chair 0.0014 184 92 209 116
chair 0.0012 108 138 238 222
chair 0.0012 200 89 232 119
chair 0.0011 178 82 200 129
chair 0.0011 155 71 199 119
chair 0.0010 262 52 292 121
chair 0.0010 106 136 193 172
pottedplant 0.0340 167 108 192 143
pottedplant 0.0268 349 98 393 129
pottedplant 0.0209 163 101 207 163
pottedplant 0.0193 144 88 193 147
pottedplant 0.0185 371 109 390 121
pottedplant 0.0045 365 107 395 124
pottedplant 0.0039 358 97 420 126
pottedplant 0.0037 212 152 236 174
pottedplant 0.0034 178 156 232 218
pottedplant 0.0032 168 107 188 129
pottedplant 0.0023 376 14 397 48
pottedplant 0.0022 134 142 280 230
pottedplant 0.0021 173 99 196 138
pottedplant 0.0019 148 76 212 182
pottedplant 0.0013 372 107 420 123
pottedplant 0.0011 114 60 204 178
pottedplant 0.0010 178 173 217 215
diningtable 0.0047 198 67 218 108
diningtable 0.0043 206 59 228 115
diningtable 0.0035 228 82 242 94
diningtable 0.0025 214 94 258 118
diningtable 0.0024 220 72 251 104
diningtable 0.0021 200 81 216 115
diningtable 0.0019 200 77 251 117
diningtable 0.0017 214 62 233 109
diningtable 0.0014 199 66 214 88
diningtable 0.0011 208 80 220 116
diningtable 0.0011 224 64 241 90
