person 0.9965 36 4 475 386
person 0.9887 22 54 103 318
person 0.2798 0 151 27 236
person 0.1205 0 135 28 300
person 0.1157 0 79 28 194
person 0.0944 87 150 118 209
person 0.0909 91 125 410 305
person 0.0650 -1 79 27 130
person 0.0221 452 34 498 125
person 0.0186 -1 198 27 359
person 0.0088 377 41 412 117
person 0.0077 0 189 7 273
person 0.0076 89 103 125 210
person 0.0074 437 41 470 123
person 0.0073 -1 155 14 266
person 0.0065 -2 159 17 223
person 0.0047 -2 98 41 278
person 0.0042 380 34 434 123
person 0.0042 1 179 26 220
person 0.0033 0 98 14 171
person 0.0032 99 140 117 187
person 0.0031 475 217 499 330
person 0.0027 -1 128 15 199
person 0.0025 468 194 500 239
person 0.0025 371 18 499 132
person 0.0024 473 185 499 285
person 0.0023 433 224 501 326
person 0.0021 465 36 500 94
person 0.0021 90 184 116 215
person 0.0020 0 82 12 127
person 0.0019 0 206 11 295
person 0.0018 100 151 115 174
person 0.0017 113 141 124 165
person 0.0017 95 170 120 211
person 0.0016 94 153 108 174
person 0.0016 0 175 11 226
person 0.0015 5 182 42 288
person 0.0015 0 208 6 254
person 0.0014 89 115 113 192
person 0.0013 0 125 9 162
person 0.0013 -1 196 29 268
person 0.0012 12 82 30 188
person 0.0012 441 40 467 78
person 0.0012 103 142 118 165
person 0.0012 477 139 499 255
person 0.0011 490 220 500 318
person 0.0011 109 159 134 204
person 0.0010 0 105 10 145
car 0.0117 197 202 301 266
bottle 0.0053 0 84 28 201
bottle 0.0036 0 125 9 162
bottle 0.0023 198 198 312 267
bottle 0.0015 0 114 13 193
chair 0.9486 0 204 26 374
chair 0.7891 404 198 470 236
chair 0.6025 434 227 500 372
chair 0.0803 431 223 503 299
chair 0.0301 402 195 489 264
chair 0.0286 -1 146 28 325
chair 0.0250 0 205 12 353
chair 0.0240 72 195 95 274
chair 0.0201 467 299 500 370
chair 0.0199 90 212 110 248
chair 0.0173 0 197 30 284
chair 0.0161 0 189 7 273
chair 0.0134 413 201 498 333
chair 0.0133 476 335 499 374
chair 0.0111 0 208 6 254
chair 0.0109 455 201 498 230
chair 0.0109 13 178 30 205
chair 0.0097 432 221 501 255
chair 0.0096 0 151 27 236
chair 0.0089 84 181 97 204
chair 0.0073 467 221 500 241
chair 0.0070 76 192 92 253
chair 0.0056 0 298 22 374
chair 0.0054 25 207 99 308
chair 0.0054 468 194 500 239
chair 0.0049 470 224 500 364
chair 0.0048 -3 200 45 342
chair 0.0041 492 198 500 227
chair 0.0040 -2 255 18 376
chair 0.0040 88 188 116 248
chair 0.0039 425 197 484 228
chair 0.0036 70 239 92 280
chair 0.0033 -1 208 16 292
chair 0.0030 1 179 26 220
chair 0.0030 5 182 42 288
chair 0.0029 403 190 472 216
chair 0.0029 0 228 8 289
chair 0.0028 110 161 133 204
chair 0.0028 439 153 500 304
chair 0.0028 477 354 499 375
chair 0.0027 392 183 483 204
chair 0.0025 455 322 499 375
chair 0.0025 492 218 500 243
chair 0.0024 197 202 301 266
chair 0.0024 466 302 500 335
chair 0.0022 90 185 116 215
chair 0.0021 469 223 500 258
chair 0.0020 425 225 488 273
chair 0.0020 419 221 457 243
chair 0.0020 473 185 499 285
chair 0.0018 94 204 111 218
chair 0.0018 483 324 501 369
chair 0.0018 22 129 102 318
chair 0.0017 1 196 23 225
chair 0.0017 489 204 500 258
chair 0.0017 19 197 48 283
chair 0.0016 15 185 30 214
chair 0.0016 91 195 114 227
chair 0.0015 83 172 102 191
chair 0.0015 454 283 501 352
chair 0.0015 86 169 117 212
chair 0.0014 52 15 501 414
chair 0.0014 0 191 8 231
chair 0.0013 471 207 500 232
chair 0.0013 0 252 6 305
chair 0.0013 6 170 35 231
chair 0.0013 489 307 500 366
chair 0.0012 420 224 473 258
chair 0.0011 8 189 92 281
chair 0.0011 398 182 500 218
chair 0.0011 -1 155 14 266
chair 0.0011 490 220 500 318
chair 0.0011 417 203 458 234
chair 0.0011 492 223 500 256
chair 0.0010 80 178 98 248
chair 0.0010 428 198 502 243
chair 0.0010 450 234 498 322
sofa 0.0019 434 227 500 372
pottedplant 0.0674 94 95 131 139
pottedplant 0.0485 108 11 187 199
pottedplant 0.0129 89 103 125 210
pottedplant 0.0106 110 11 189 89
pottedplant 0.0093 101 97 133 177
pottedplant 0.0048 89 78 157 212
pottedplant 0.0039 98 105 124 163
pottedplant 0.0020 103 126 119 160
pottedplant 0.0019 110 160 134 204
pottedplant 0.0018 21 50 103 273
pottedplant 0.0018 107 121 132 167
pottedplant 0.0016 0 79 28 194
pottedplant 0.0015 98 124 122 183
pottedplant 0.0014 -1 79 27 130
pottedplant 0.0012 100 94 133 123
pottedplant 0.0011 87 149 118 209
pottedplant 0.0011 92 98 113 129
pottedplant 0.0010 107 134 133 193
diningtable 0.0403 476 335 499 374
diningtable 0.0403 432 224 501 365
diningtable 0.0393 406 211 497 258
diningtable 0.0347 403 198 489 237
diningtable 0.0320 86 158 117 206
diningtable 0.0286 467 299 500 370
diningtable 0.0236 72 195 95 274
diningtable 0.0156 79 187 98 253
diningtable 0.0129 52 15 501 414
diningtable 0.0127 90 211 110 248
diningtable 0.0122 431 223 501 296
diningtable 0.0121 22 129 102 318
diningtable 0.0103 83 172 102 191
diningtable 0.0099 419 223 473 259
diningtable 0.0084 94 204 111 218
diningtable 0.0067 25 207 99 308
diningtable 0.0064 91 195 114 227
diningtable 0.0063 91 125 410 305
diningtable 0.0061 441 285 499 376
diningtable 0.0060 0 198 26 359
diningtable 0.0060 0 208 6 254
diningtable 0.0057 88 188 116 248
diningtable 0.0057 84 181 97 204
diningtable 0.0051 398 182 500 218
diningtable 0.0047 455 201 498 230
diningtable 0.0043 455 322 499 375
diningtable 0.0043 0 189 7 273
diningtable 0.0042 82 166 104 199
diningtable 0.0042 430 216 500 248
diningtable 0.0039 -1 175 29 267
diningtable 0.0038 483 324 501 369
diningtable 0.0037 90 184 116 215
diningtable 0.0034 420 229 456 250
diningtable 0.0032 43 159 123 292
diningtable 0.0030 477 354 499 375
diningtable 0.0030 470 224 500 364
diningtable 0.0027 110 161 133 204
diningtable 0.0026 466 302 500 335
diningtable 0.0022 392 183 483 204
diningtable 0.0020 8 190 91 279
diningtable 0.0020 474 319 499 353
diningtable 0.0019 456 288 500 348
diningtable 0.0018 454 222 500 240
diningtable 0.0018 83 166 102 182
diningtable 0.0017 329 315 489 369
diningtable 0.0016 401 303 496 375
diningtable 0.0015 468 194 500 239
diningtable 0.0014 476 198 499 315
diningtable 0.0013 51 186 92 295
diningtable 0.0012 489 307 500 366
diningtable 0.0011 439 153 500 304
diningtable 0.0011 424 235 449 261
diningtable 0.0011 64 185 106 284
diningtable 0.0011 81 182 100 219
diningtable 0.0011 28 68 147 299
diningtable 0.0010 0 206 11 295
diningtable 0.0010 27 178 150 340
diningtable 0.0010 429 196 503 229
diningtable 0.0010 399 198 476 303
tvmonitor 0.0032 368 22 496 136
tvmonitor 0.0025 49 5 129 68
tvmonitor 0.0010 -1 85 29 200
