person 0.0088 440 113 449 124
person 0.0077 439 113 474 125
person 0.0022 440 116 452 128
person 0.0011 451 116 476 128
car 0.0151 439 116 475 128
motorbike 0.0013 439 113 475 126
boat 0.0314 439 116 475 128
bird 0.0019 439 116 475 128
bird 0.0017 440 113 449 124
cat 0.9787 31 60 251 227
cat 0.0011 2 86 288 337
dog 0.0010 439 116 475 128
cow 0.0013 439 116 475 128
chair 0.0155 0 146 293 335
chair 0.0072 30 57 252 259
chair 0.0015 439 116 475 128
sofa 0.0063 14 57 267 341
pottedplant 0.0015 41 60 272 228
pottedplant 0.0010 439 113 474 125
diningtable 0.0150 3 98 288 334
diningtable 0.0055 30 59 252 259
