person 0.0016 487 191 500 249
chair 0.9890 138 170 211 293
chair 0.9483 397 178 463 262
chair 0.6647 334 258 501 374
chair 0.3004 103 162 151 261
chair 0.0528 103 163 147 202
chair 0.0408 456 208 500 268
chair 0.0153 126 202 154 258
chair 0.0103 121 183 157 241
chair 0.0097 455 200 499 354
chair 0.0097 146 170 211 237
chair 0.0074 0 243 64 333
chair 0.0070 468 213 500 305
chair 0.0066 127 168 168 225
chair 0.0057 103 164 121 199
chair 0.0053 202 219 231 260
chair 0.0051 0 259 44 352
chair 0.0047 104 196 137 264
chair 0.0047 131 192 165 251
chair 0.0046 390 241 470 268
chair 0.0041 134 214 164 262
chair 0.0040 143 227 196 292
chair 0.0039 456 196 500 236
chair 0.0038 471 236 500 262
chair 0.0036 77 165 135 265
chair 0.0036 127 200 154 224
chair 0.0035 390 189 492 346
chair 0.0035 129 207 152 233
chair 0.0032 203 238 227 261
chair 0.0031 107 198 133 223
chair 0.0025 129 220 147 258
chair 0.0025 469 253 500 374
chair 0.0023 121 212 139 250
chair 0.0022 459 191 479 211
chair 0.0022 144 206 167 253
chair 0.0021 397 193 507 268
chair 0.0020 185 242 252 313
chair 0.0019 147 219 164 237
chair 0.0018 99 176 125 227
chair 0.0018 492 211 500 327
chair 0.0017 85 173 112 207
chair 0.0016 487 198 500 220
chair 0.0016 108 192 130 214
chair 0.0016 450 244 500 313
chair 0.0015 490 203 500 275
chair 0.0014 137 172 178 248
chair 0.0014 29 236 72 320
chair 0.0014 125 164 149 202
chair 0.0013 115 214 144 265
chair 0.0013 413 195 442 229
chair 0.0013 133 204 161 239
chair 0.0012 110 204 131 257
chair 0.0011 493 227 499 272
chair 0.0011 0 299 10 340
chair 0.0010 211 215 236 245
chair 0.0010 183 171 210 254
chair 0.0010 102 192 122 211
chair 0.0010 458 204 499 222
sofa 0.7224 333 258 499 370
sofa 0.0050 451 228 501 364
sofa 0.0044 142 169 211 274
sofa 0.0043 0 246 46 349
sofa 0.0033 380 180 462 268
sofa 0.0026 469 253 500 374
sofa 0.0018 6 235 496 373
sofa 0.0016 390 189 492 346
sofa 0.0012 192 212 393 302
sofa 0.0011 101 152 143 252
sofa 0.0010 185 242 252 313
sofa 0.0010 18 234 66 322
pottedplant 0.8749 1 164 126 303
pottedplant 0.7526 0 244 48 343
pottedplant 0.3472 208 22 384 297
pottedplant 0.0660 144 173 169 210
pottedplant 0.0583 1 170 57 285
pottedplant 0.0444 19 230 71 322
pottedplant 0.0337 105 162 147 205
pottedplant 0.0242 7 181 81 324
pottedplant 0.0148 63 168 133 299
pottedplant 0.0138 140 172 196 260
pottedplant 0.0111 0 276 21 346
pottedplant 0.0106 27 264 69 317
pottedplant 0.0106 0 208 29 341
pottedplant 0.0084 21 222 64 278
pottedplant 0.0052 -3 234 101 356
pottedplant 0.0049 127 168 168 225
pottedplant 0.0039 8 215 62 302
pottedplant 0.0038 105 155 151 250
pottedplant 0.0033 -1 240 14 338
pottedplant 0.0029 14 177 75 224
pottedplant 0.0029 0 299 10 340
pottedplant 0.0022 63 258 106 299
pottedplant 0.0022 135 165 167 204
pottedplant 0.0021 201 215 235 261
pottedplant 0.0021 0 190 24 279
pottedplant 0.0019 141 173 173 247
pottedplant 0.0016 123 164 150 203
pottedplant 0.0013 57 220 123 300
pottedplant 0.0013 0 203 10 259
pottedplant 0.0012 131 187 164 237
pottedplant 0.0012 202 153 386 304
pottedplant 0.0011 0 190 10 310
pottedplant 0.0010 211 215 236 245
pottedplant 0.0010 5 157 88 245
pottedplant 0.0010 141 170 192 215
diningtable 0.0769 457 204 499 266
diningtable 0.0593 458 204 499 222
diningtable 0.0501 456 196 500 236
diningtable 0.0293 127 205 158 258
diningtable 0.0176 113 172 163 258
diningtable 0.0102 106 198 153 261
diningtable 0.0071 129 207 152 233
diningtable 0.0069 137 171 204 294
diningtable 0.0055 121 183 157 241
diningtable 0.0053 487 198 500 220
diningtable 0.0049 455 200 499 354
diningtable 0.0038 487 191 500 249
diningtable 0.0030 465 215 501 291
diningtable 0.0029 345 259 504 368
diningtable 0.0027 386 183 468 272
diningtable 0.0025 127 200 154 224
diningtable 0.0024 449 161 501 291
diningtable 0.0024 129 218 149 259
diningtable 0.0023 185 247 253 312
diningtable 0.0016 462 191 485 213
diningtable 0.0016 133 204 161 239
diningtable 0.0015 457 207 478 218
diningtable 0.0015 121 212 139 250
diningtable 0.0014 101 152 143 252
diningtable 0.0012 453 198 482 224
diningtable 0.0010 0 257 45 354
diningtable 0.0010 115 214 144 265
