person 0.0057 -2 83 119 362
person 0.0043 380 112 396 134
person 0.0025 0 70 13 323
person 0.0012 0 212 21 305
person 0.0011 38 93 111 204
bicycle 0.0010 352 86 427 157
car 0.0036 489 19 500 55
car 0.0030 385 44 397 56
car 0.0017 338 38 363 54
car 0.0014 337 36 402 59
car 0.0014 484 12 500 77
car 0.0010 435 6 497 89
bottle 0.5709 284 117 302 151
bottle 0.2701 296 129 329 183
bottle 0.2294 303 109 316 135
bottle 0.1330 295 143 326 204
bottle 0.1158 296 128 327 158
bottle 0.1132 298 115 309 134
bottle 0.0987 264 143 284 182
bottle 0.0602 293 115 313 151
bottle 0.0486 232 77 252 114
bottle 0.0411 298 114 321 154
bottle 0.0333 231 125 255 179
bottle 0.0328 286 116 301 133
bottle 0.0241 280 116 316 161
bottle 0.0222 282 126 345 195
bottle 0.0208 294 110 314 137
bottle 0.0199 281 132 301 174
bottle 0.0185 301 135 341 171
bottle 0.0147 307 133 337 158
bottle 0.0144 221 74 258 123
bottle 0.0097 270 141 296 169
bottle 0.0096 380 112 396 134
bottle 0.0093 312 140 335 163
bottle 0.0078 262 135 293 189
bottle 0.0068 364 122 382 151
bottle 0.0065 240 57 268 94
bottle 0.0063 234 75 255 95
bottle 0.0063 244 77 265 91
bottle 0.0062 282 149 298 170
bottle 0.0052 248 116 316 163
bottle 0.0050 267 149 292 209
bottle 0.0047 186 122 212 172
bottle 0.0044 278 105 322 148
bottle 0.0041 378 125 403 149
bottle 0.0039 234 89 293 124
bottle 0.0036 267 125 300 163
bottle 0.0034 295 134 312 172
bottle 0.0033 270 149 332 209
bottle 0.0030 299 109 312 127
bottle 0.0027 263 137 285 155
bottle 0.0025 232 77 245 92
bottle 0.0024 247 120 268 162
bottle 0.0024 389 115 404 136
bottle 0.0024 293 146 316 179
bottle 0.0022 241 57 267 77
bottle 0.0022 355 92 424 151
bottle 0.0022 388 122 405 148
bottle 0.0021 211 106 272 140
bottle 0.0020 286 104 300 127
bottle 0.0020 317 134 345 156
bottle 0.0019 271 119 299 150
bottle 0.0019 309 152 337 175
bottle 0.0016 89 176 130 212
bottle 0.0016 264 115 366 169
bottle 0.0015 249 100 345 150
bottle 0.0014 234 74 271 117
bottle 0.0013 229 82 246 123
bottle 0.0013 231 64 260 109
bottle 0.0012 372 116 390 133
bottle 0.0012 314 132 331 142
bottle 0.0011 204 70 277 135
chair 0.9913 353 87 429 148
chair 0.9786 40 96 118 200
chair 0.6944 399 179 498 373
chair 0.1088 213 92 304 140
chair 0.0581 469 178 500 371
chair 0.0565 240 88 290 125
chair 0.0202 380 112 396 134
chair 0.0199 415 149 489 311
chair 0.0178 200 122 232 143
chair 0.0176 290 174 500 372
chair 0.0155 443 192 500 380
chair 0.0151 247 120 268 162
chair 0.0106 428 158 479 265
chair 0.0087 211 106 272 140
chair 0.0076 212 113 255 134
chair 0.0071 447 148 489 249
chair 0.0068 225 74 255 122
chair 0.0063 232 124 256 168
chair 0.0057 389 115 404 136
chair 0.0055 343 126 471 244
chair 0.0051 234 117 279 165
chair 0.0049 0 263 19 367
chair 0.0045 444 138 498 291
chair 0.0045 335 130 486 327
chair 0.0043 476 128 499 307
chair 0.0039 201 118 247 150
chair 0.0038 165 107 336 182
chair 0.0034 350 105 447 192
chair 0.0033 0 255 56 375
chair 0.0028 340 359 401 374
chair 0.0028 466 300 500 371
chair 0.0027 103 109 241 180
chair 0.0025 369 124 412 164
chair 0.0024 427 141 474 215
chair 0.0024 228 113 330 163
chair 0.0022 317 164 385 257
chair 0.0021 487 178 500 321
chair 0.0019 378 123 403 151
chair 0.0018 80 98 193 189
chair 0.0018 109 144 181 179
chair 0.0018 278 105 322 148
chair 0.0017 147 60 287 164
chair 0.0015 67 109 497 360
chair 0.0015 374 108 403 127
chair 0.0015 249 100 345 150
chair 0.0015 151 92 418 206
chair 0.0013 0 114 4 290
chair 0.0013 489 139 500 226
chair 0.0013 489 19 500 55
chair 0.0013 217 84 428 151
chair 0.0013 204 70 277 135
chair 0.0013 250 123 273 151
chair 0.0013 1 261 52 317
chair 0.0012 103 139 153 176
chair 0.0012 252 201 397 304
chair 0.0012 195 100 254 148
chair 0.0012 109 144 135 177
chair 0.0012 240 93 288 154
chair 0.0011 0 59 13 300
chair 0.0011 420 124 482 237
chair 0.0010 353 285 425 369
chair 0.0010 373 89 504 296
chair 0.0010 491 216 500 359
chair 0.0010 0 256 11 340
chair 0.0010 30 82 157 215
sofa 0.0046 -9 101 482 373
sofa 0.0023 350 85 429 148
sofa 0.0012 38 93 111 204
pottedplant 0.9070 79 1 236 159
pottedplant 0.0325 93 66 198 160
pottedplant 0.0072 134 114 196 159
pottedplant 0.0018 185 112 382 178
pottedplant 0.0015 77 -2 140 79
pottedplant 0.0013 41 -1 176 157
pottedplant 0.0012 435 0 499 97
pottedplant 0.0012 315 161 388 224
pottedplant 0.0011 161 120 196 162
pottedplant 0.0010 296 151 325 211
diningtable 0.8028 -16 129 488 379
diningtable 0.3122 66 165 357 357
diningtable 0.0055 207 93 344 146
diningtable 0.0029 228 113 330 163
diningtable 0.0017 292 126 335 161
diningtable 0.0016 280 116 316 161
diningtable 0.0016 129 160 184 181
diningtable 0.0014 352 86 427 157
diningtable 0.0012 234 117 279 165
diningtable 0.0012 315 161 388 224
diningtable 0.0011 79 73 422 226
diningtable 0.0010 247 120 268 162
diningtable 0.0010 283 104 450 195
