person 0.0120 -1 -20 451 460
person 0.0052 5 364 225 501
person 0.0040 260 0 443 481
person 0.0031 4 146 221 502
person 0.0016 0 137 74 381
person 0.0015 1 331 75 372
person 0.0014 -1 365 117 499
person 0.0011 11 361 435 500
cat 0.0081 0 146 72 375
cat 0.0010 68 1 443 493
dog 0.8655 13 16 344 492
dog 0.0446 0 146 72 375
dog 0.0165 260 0 443 481
dog 0.0068 51 17 303 328
dog 0.0015 -1 39 139 472
chair 0.0022 -1 0 453 501
sofa 0.0986 -1 0 453 501
sofa 0.0026 11 361 435 500
sofa 0.0024 -6 -3 447 197
sofa 0.0010 7 0 374 120
