person 0.8882 176 2 314 185
person 0.0266 39 9 399 208
person 0.0013 477 34 499 296
person 0.0012 448 95 499 310
car 0.0015 47 7 458 223
boat 0.0023 47 7 458 223
bottle 0.9538 154 149 175 208
bottle 0.2465 322 176 347 224
bottle 0.2276 204 214 232 260
bottle 0.1295 233 161 258 222
bottle 0.0864 334 222 364 265
bottle 0.0846 230 220 258 262
bottle 0.0559 272 163 297 207
bottle 0.0267 95 210 129 270
bottle 0.0128 219 161 252 217
bottle 0.0068 98 238 127 271
bottle 0.0065 219 166 236 213
bottle 0.0063 456 197 499 315
bottle 0.0059 159 148 174 172
bottle 0.0058 70 127 490 282
bottle 0.0052 242 155 264 213
bottle 0.0051 220 188 234 227
bottle 0.0048 240 155 252 181
bottle 0.0040 157 138 175 185
bottle 0.0038 37 37 473 262
bottle 0.0035 345 167 371 209
bottle 0.0026 128 114 174 150
bottle 0.0023 163 144 173 160
bottle 0.0018 373 224 409 259
bottle 0.0014 168 213 206 261
bottle 0.0013 109 110 135 142
bottle 0.0012 132 229 168 262
bottle 0.0012 243 176 260 220
bottle 0.0010 231 206 257 248
bottle 0.0010 344 206 376 243
chair 0.0640 453 199 500 309
chair 0.0467 75 8 222 128
chair 0.0272 0 180 97 305
chair 0.0094 20 9 237 212
chair 0.0065 286 18 496 231
chair 0.0054 400 201 500 311
chair 0.0028 47 7 458 223
chair 0.0026 432 220 473 262
chair 0.0025 448 95 499 310
chair 0.0020 115 5 327 199
chair 0.0016 0 11 99 303
chair 0.0015 304 195 499 319
chair 0.0014 474 59 500 310
chair 0.0011 267 19 449 135
sofa 0.7602 47 7 458 223
sofa 0.6801 153 3 340 211
sofa 0.0363 0 180 97 305
sofa 0.0289 450 178 501 309
sofa 0.0209 72 7 226 130
sofa 0.0123 255 17 479 223
sofa 0.0114 19 8 237 214
sofa 0.0069 36 90 471 299
sofa 0.0041 267 19 449 135
sofa 0.0032 0 11 99 303
sofa 0.0032 398 180 499 303
sofa 0.0020 105 97 220 162
sofa 0.0019 446 44 499 323
sofa 0.0019 24 111 218 210
sofa 0.0018 47 60 309 195
sofa 0.0017 474 59 500 310
diningtable 0.2477 51 162 466 302
diningtable 0.0152 0 180 97 305
diningtable 0.0017 333 220 366 265
diningtable 0.0017 452 198 500 310
diningtable 0.0014 156 116 404 292
diningtable 0.0014 219 193 351 259
diningtable 0.0010 13 17 492 283
tvmonitor 0.0026 453 199 500 309
tvmonitor 0.0013 47 7 458 223
