person 0.9029 322 217 364 281
person 0.4442 416 221 441 263
person 0.2734 449 249 460 269
person 0.0171 402 234 411 251
person 0.0115 400 238 418 260
person 0.0093 357 277 386 301
person 0.0090 463 213 470 230
person 0.0087 411 225 427 256
person 0.0087 419 220 436 239
person 0.0083 409 240 422 261
person 0.0068 431 230 442 264
person 0.0058 414 277 426 300
person 0.0054 408 272 431 303
person 0.0051 457 249 470 269
person 0.0032 495 237 500 280
person 0.0030 334 215 366 249
person 0.0030 432 223 441 237
person 0.0026 352 238 366 261
person 0.0026 322 235 338 282
person 0.0021 443 249 457 268
person 0.0021 341 229 359 268
person 0.0020 325 218 337 242
person 0.0020 493 189 500 290
person 0.0019 327 224 354 274
person 0.0017 350 228 368 253
person 0.0016 322 224 336 255
person 0.0015 371 270 425 305
person 0.0015 410 221 427 241
person 0.0014 449 239 462 265
person 0.0014 355 249 367 270
person 0.0013 494 233 500 305
person 0.0013 321 218 340 264
car 0.9661 162 256 499 372
car 0.9057 -1 253 114 344
car 0.0149 256 264 489 323
car 0.0060 7 256 114 303
car 0.0043 399 251 419 264
car 0.0041 158 269 320 361
car 0.0035 355 249 367 270
car 0.0032 371 251 386 266
car 0.0024 341 266 407 317
car 0.0024 370 243 386 257
car 0.0024 0 253 62 371
car 0.0022 352 238 366 261
car 0.0020 495 249 499 288
car 0.0020 0 255 26 371
car 0.0020 356 264 499 316
car 0.0015 2 256 103 282
car 0.0015 326 216 368 280
car 0.0015 323 261 503 368
car 0.0015 350 228 368 253
car 0.0015 68 281 110 334
car 0.0013 51 260 115 330
car 0.0013 0 233 23 318
car 0.0012 0 240 60 311
car 0.0012 362 238 377 259
car 0.0011 493 241 500 316
car 0.0010 356 262 367 270
bottle 0.0030 463 213 470 230
tvmonitor 0.0221 256 217 288 255
tvmonitor 0.0187 169 202 229 263
tvmonitor 0.0048 194 204 238 263
tvmonitor 0.0039 149 176 296 290
tvmonitor 0.0036 181 197 253 270
tvmonitor 0.0024 240 208 288 260
tvmonitor 0.0010 336 173 370 197
