person 0.9924 87 131 185 226
person 0.9721 253 8 408 217
person 0.0133 0 322 87 373
person 0.0091 226 64 240 89
person 0.0016 -1 252 90 373
person 0.0014 224 63 234 90
person 0.0011 129 139 188 225
person 0.0010 90 132 108 151
bicycle 0.7261 296 96 497 227
bicycle 0.1433 136 175 200 232
bicycle 0.0784 250 12 457 218
bicycle 0.0204 93 157 197 232
bicycle 0.0071 352 111 472 214
bicycle 0.0066 293 126 419 222
bicycle 0.0039 390 65 429 96
bicycle 0.0036 388 128 500 224
bicycle 0.0035 285 114 315 160
bicycle 0.0018 317 140 392 212
bicycle 0.0016 401 66 431 87
bicycle 0.0015 148 196 169 227
bicycle 0.0014 155 197 200 239
bicycle 0.0014 124 183 178 234
bicycle 0.0014 390 73 411 95
bicycle 0.0012 277 92 439 193
bicycle 0.0012 77 169 203 266
bicycle 0.0011 176 207 199 232
car 0.0046 0 322 88 372
car 0.0011 -1 239 92 373
bird 0.0035 390 66 429 93
bird 0.0022 401 67 431 85
bird 0.0020 390 74 410 95
dog 0.0010 93 131 180 213
bottle 0.0021 397 148 418 181
bottle 0.0012 361 133 378 157
