person 0.0664 332 98 343 115
person 0.0265 360 96 368 116
person 0.0250 361 96 376 117
bird 0.0027 328 98 340 115
bird 0.0010 361 96 376 117
dog 0.9930 136 100 232 283
dog 0.1330 328 98 340 115
dog 0.0663 361 96 376 117
dog 0.0133 142 132 192 250
dog 0.0047 360 96 368 116
dog 0.0029 332 102 343 119
dog 0.0016 329 97 348 116
dog 0.0014 186 97 205 114
horse 0.5860 361 96 376 117
horse 0.2763 328 98 340 115
horse 0.0370 360 96 368 116
horse 0.0047 329 97 348 116
horse 0.0039 325 98 375 116
horse 0.0034 332 102 343 119
horse 0.0026 354 94 373 118
horse 0.0022 391 97 406 107
horse 0.0015 405 98 414 110
horse 0.0012 359 105 367 118
horse 0.0011 392 93 402 103
sheep 0.0595 328 98 340 115
sheep 0.0351 361 96 376 117
sheep 0.0032 360 96 368 116
sheep 0.0025 138 93 232 291
cow 0.3561 361 96 376 117
cow 0.2865 328 98 340 115
cow 0.0253 360 96 368 116
cow 0.0044 391 97 406 107
cow 0.0035 405 98 414 110
cow 0.0033 392 93 402 103
cow 0.0029 329 97 348 116
cow 0.0029 411 99 423 112
cow 0.0023 325 98 375 116
cow 0.0017 332 102 343 119
cow 0.0013 185 97 205 114
cow 0.0013 354 94 373 118
