person 0.8987 231 22 405 211
person 0.5194 95 127 163 179
person 0.3840 181 132 223 169
person 0.3735 181 132 233 193
person 0.0832 94 127 163 240
person 0.0723 198 133 233 172
person 0.0365 25 171 37 182
person 0.0242 96 133 127 170
person 0.0223 183 132 209 157
person 0.0219 63 140 177 277
person 0.0172 210 137 235 182
person 0.0167 1 175 10 182
person 0.0164 0 171 8 231
person 0.0104 11 176 22 182
person 0.0095 15 174 28 182
person 0.0095 0 173 21 238
person 0.0085 79 137 142 185
person 0.0067 189 132 243 234
person 0.0057 233 118 244 141
person 0.0036 55 190 70 227
person 0.0031 0 179 49 236
person 0.0030 0 197 6 236
person 0.0028 58 131 159 198
person 0.0027 94 130 245 190
person 0.0027 142 135 266 283
person 0.0022 199 129 236 153
person 0.0018 23 165 40 181
person 0.0013 2 197 24 237
person 0.0013 121 133 171 183
person 0.0013 59 118 436 195
person 0.0012 22 169 44 187
person 0.0012 94 125 147 162
person 0.0012 188 131 223 154
person 0.0012 213 115 471 317
person 0.0011 0 165 8 180
person 0.0010 192 145 221 171
car 0.0017 213 115 471 317
car 0.0012 436 174 498 219
car 0.0011 0 178 54 237
horse 0.9871 227 102 480 313
horse 0.9507 50 145 166 291
horse 0.6805 136 141 278 303
horse 0.0420 88 135 167 257
horse 0.0255 100 142 388 303
horse 0.0050 111 150 224 293
horse 0.0045 183 137 254 271
horse 0.0025 0 173 21 238
horse 0.0023 95 127 162 211
horse 0.0021 184 177 299 302
horse 0.0017 0 179 49 236
horse 0.0012 216 184 271 303
horse 0.0012 18 112 494 297
horse 0.0012 0 179 7 233
horse 0.0011 138 137 230 235
chair 0.0011 0 173 21 238
pottedplant 0.0227 96 128 164 178
pottedplant 0.0028 111 128 164 155
pottedplant 0.0010 131 131 164 151
diningtable 0.0041 0 178 54 237
diningtable 0.0010 0 178 54 294
