person 0.0229 383 73 423 127
person 0.0112 225 0 248 30
person 0.0055 83 0 263 51
person 0.0022 225 -2 271 31
person 0.0021 217 0 241 32
person 0.0019 186 -2 279 32
person 0.0013 398 72 420 92
person 0.0012 397 71 421 113
person 0.0012 106 -1 316 30
person 0.0011 429 62 444 136
bicycle 0.0015 1 147 69 413
car 0.0019 75 0 239 52
car 0.0011 25 13 392 427
car 0.0010 0 66 29 117
motorbike 0.0018 83 0 263 51
aeroplane 0.0034 66 0 378 53
aeroplane 0.0027 27 20 391 472
boat 0.1899 0 66 29 117
boat 0.0870 27 20 391 472
boat 0.0642 75 0 239 52
boat 0.0493 0 0 32 123
boat 0.0343 100 29 337 172
boat 0.0323 35 16 106 116
boat 0.0152 1 0 64 122
boat 0.0124 38 19 384 248
boat 0.0112 1 0 125 55
boat 0.0103 38 -1 250 110
boat 0.0068 81 0 426 49
boat 0.0042 231 -1 430 44
boat 0.0032 -16 -11 151 129
boat 0.0028 6 -1 104 27
boat 0.0026 31 0 241 29
boat 0.0026 0 -3 36 66
boat 0.0020 76 0 243 11
boat 0.0017 230 0 438 102
boat 0.0016 25 45 113 209
boat 0.0015 8 8 284 174
boat 0.0013 106 -1 316 30
boat 0.0011 253 5 329 52
boat 0.0010 0 64 31 185
boat 0.0010 1 68 44 131
bottle 0.0011 45 273 79 350
chair 0.7125 355 129 430 262
chair 0.4104 0 234 71 431
chair 0.0529 39 30 108 113
chair 0.0235 244 240 359 365
chair 0.0189 80 0 240 56
chair 0.0174 27 20 391 472
chair 0.0158 370 118 434 214
chair 0.0129 408 131 439 199
chair 0.0123 381 126 430 164
chair 0.0114 -1 55 70 439
chair 0.0081 408 129 432 168
chair 0.0079 380 126 404 152
chair 0.0078 38 -1 250 110
chair 0.0060 428 126 444 212
chair 0.0046 373 123 406 169
chair 0.0031 382 90 419 128
chair 0.0028 32 0 160 99
chair 0.0026 418 127 439 172
chair 0.0024 66 0 378 53
chair 0.0023 25 45 113 209
chair 0.0023 428 97 444 161
chair 0.0022 15 22 121 407
chair 0.0020 405 119 440 174
chair 0.0019 5 0 108 97
chair 0.0019 377 66 444 198
chair 0.0017 49 32 111 77
chair 0.0016 368 128 414 187
chair 0.0014 402 118 446 214
chair 0.0014 384 108 416 128
chair 0.0014 397 132 424 161
chair 0.0013 219 170 363 388
chair 0.0013 99 29 338 172
chair 0.0012 189 253 350 391
chair 0.0012 379 79 426 164
chair 0.0012 300 237 357 315
chair 0.0012 1 223 43 376
chair 0.0012 256 43 416 369
chair 0.0011 292 258 404 368
chair 0.0010 37 270 80 359
chair 0.0010 385 133 413 161
sofa 0.0013 83 0 263 51
pottedplant 0.0036 380 72 422 128
pottedplant 0.0011 83 0 263 51
diningtable 0.1048 27 20 391 472
diningtable 0.0036 35 23 388 237
diningtable 0.0025 380 126 422 153
diningtable 0.0016 80 0 240 56
diningtable 0.0011 35 16 106 116
diningtable 0.0011 99 29 338 172
diningtable 0.0010 371 126 431 173
diningtable 0.0010 384 94 415 126
