person 0.0043 7 0 290 108
bicycle 0.0010 34 0 334 109
cat 0.9896 0 5 372 498
chair 0.0309 7 0 290 108
chair 0.0290 0 -15 371 468
chair 0.0086 4 307 366 499
chair 0.0059 155 0 374 118
chair 0.0025 -13 -1 312 196
chair 0.0025 4 -1 59 133
chair 0.0012 233 388 374 500
chair 0.0012 2 -1 142 183
sofa 0.0202 2 49 374 500
sofa 0.0026 57 0 293 100
pottedplant 0.0020 1 -16 369 468
pottedplant 0.0012 57 0 293 100
diningtable 0.0073 4 53 372 496
diningtable 0.0019 4 388 366 499
tvmonitor 0.0011 2 49 374 500
tvmonitor 0.0010 4 307 366 499
