person 0.0039 0 0 188 256
person 0.0025 0 27 18 355
person 0.0015 21 -2 493 352
person 0.0011 0 5 55 375
cat 0.8136 57 7 489 374
cat 0.0016 42 119 381 351
cat 0.0010 27 93 146 244
dog 0.0011 21 -2 493 352
chair 0.2140 32 9 486 373
chair 0.1322 285 1 507 176
chair 0.0263 31 0 145 37
chair 0.0105 16 -15 168 49
chair 0.0085 373 7 502 220
chair 0.0055 123 0 166 32
chair 0.0038 59 0 103 32
chair 0.0031 296 -2 499 392
chair 0.0024 18 223 494 396
chair 0.0018 47 1 168 66
chair 0.0017 1 -45 172 36
chair 0.0016 287 2 453 116
chair 0.0015 3 -3 489 171
chair 0.0014 -1 0 96 37
chair 0.0014 87 0 170 30
sofa 0.1825 32 9 486 373
sofa 0.0476 286 2 506 175
sofa 0.0077 0 3 191 400
sofa 0.0063 18 223 494 396
sofa 0.0034 4 48 170 258
sofa 0.0013 365 0 500 382
sofa 0.0011 3 -3 489 171
diningtable 0.0186 30 80 485 390
