person 0.9282 359 -1 433 130
person 0.0129 119 121 159 164
person 0.0070 286 115 316 149
person 0.0058 360 0 395 86
person 0.0057 396 1 434 76
person 0.0053 145 116 190 160
person 0.0037 361 0 430 46
person 0.0035 362 -1 394 46
person 0.0026 107 130 152 169
person 0.0023 197 112 236 153
person 0.0022 253 118 304 150
person 0.0020 77 116 102 166
person 0.0020 400 0 433 44
person 0.0016 144 126 174 160
person 0.0015 234 117 284 151
person 0.0015 81 117 97 150
person 0.0014 414 0 438 74
person 0.0012 69 77 397 314
person 0.0011 218 115 264 151
person 0.0011 365 32 415 136
person 0.0010 365 41 393 128
car 0.9738 53 75 383 315
motorbike 0.0039 69 95 371 320
bus 0.0012 70 70 368 293
