person 0.0122 203 40 209 47
person 0.0103 362 29 376 41
person 0.0078 272 191 281 208
person 0.0069 0 48 4 58
person 0.0051 430 29 439 37
person 0.0051 307 182 321 200
person 0.0048 213 33 221 41
person 0.0031 352 29 371 41
person 0.0031 32 42 52 53
person 0.0028 68 138 73 145
person 0.0027 345 31 356 39
person 0.0027 0 42 4 56
person 0.0024 483 22 493 29
person 0.0024 2 121 9 126
person 0.0024 424 25 434 33
person 0.0022 154 40 161 48
person 0.0021 362 24 373 35
person 0.0021 414 30 422 38
person 0.0020 490 22 498 30
person 0.0019 16 43 32 55
person 0.0016 42 43 60 53
person 0.0014 420 28 436 38
person 0.0014 23 42 43 54
person 0.0013 18 46 30 57
person 0.0010 334 33 347 40
person 0.0010 406 72 453 92
bicycle 0.0030 362 29 376 41
bicycle 0.0015 352 29 371 41
car 0.9396 250 166 323 198
car 0.8595 408 73 461 92
car 0.0051 483 22 493 29
car 0.0047 490 22 498 30
car 0.0029 457 25 474 34
car 0.0019 427 25 445 34
car 0.0017 0 48 4 58
car 0.0016 23 42 43 54
car 0.0015 5 53 504 342
car 0.0013 408 76 430 92
car 0.0013 0 42 4 56
car 0.0011 463 31 472 36
car 0.0010 460 23 492 34
aeroplane 0.0012 5 53 504 342
bus 0.0052 407 73 462 91
bus 0.0014 252 167 327 198
bird 0.0019 2 121 9 126
chair 0.0031 427 25 445 34
chair 0.0014 424 25 434 33
chair 0.0012 23 42 43 54
chair 0.0011 430 29 439 37
