bird 0.0019 18 454 81 499
bird 0.0011 101 304 141 342
cat 0.9463 0 28 317 470
chair 0.1478 227 245 341 397
chair 0.0013 -4 45 334 517
sofa 0.0764 227 245 341 397
sofa 0.0300 2 242 342 506
sofa 0.0020 238 332 343 485
pottedplant 0.1337 -2 46 331 517
pottedplant 0.1161 0 307 341 501
pottedplant 0.0091 316 353 342 429
pottedplant 0.0051 5 268 180 473
pottedplant 0.0045 3 213 339 452
pottedplant 0.0026 144 238 339 506
pottedplant 0.0023 148 381 341 501
pottedplant 0.0021 238 332 343 485
pottedplant 0.0010 4 374 266 500
pottedplant 0.0010 279 353 342 469
diningtable 0.0080 0 307 342 499
