person 0.9892 370 1 501 371
person 0.7320 374 2 440 126
person 0.6855 267 22 332 106
person 0.5757 -1 -7 106 367
person 0.4823 155 18 374 256
person 0.2644 295 20 334 63
person 0.0917 0 180 24 374
person 0.0898 0 51 53 377
person 0.0841 131 48 166 103
person 0.0715 133 43 201 105
person 0.0678 169 43 204 105
person 0.0618 0 287 25 374
person 0.0582 299 19 338 99
person 0.0345 127 310 305 373
person 0.0333 54 136 386 336
person 0.0320 57 -13 377 391
person 0.0261 283 31 301 60
person 0.0189 -1 214 13 363
person 0.0169 202 41 229 95
person 0.0152 208 43 227 72
person 0.0135 486 0 500 356
person 0.0135 278 19 329 75
person 0.0129 0 164 26 274
person 0.0120 71 310 209 372
person 0.0119 368 0 452 218
person 0.0114 485 170 500 374
person 0.0106 160 14 343 119
person 0.0093 371 0 496 136
person 0.0089 482 0 500 87
person 0.0085 273 24 290 54
person 0.0080 252 325 313 375
person 0.0078 0 183 51 318
person 0.0073 0 8 19 351
person 0.0072 132 70 163 102
person 0.0071 301 53 334 104
person 0.0065 -1 174 103 365
person 0.0064 474 0 500 393
person 0.0064 73 303 145 373
person 0.0054 133 32 165 87
person 0.0053 490 -4 500 99
person 0.0051 391 1 443 73
person 0.0045 270 23 283 53
person 0.0044 288 31 315 61
person 0.0042 -1 239 53 377
person 0.0041 446 -32 500 388
person 0.0035 488 0 500 38
person 0.0035 261 13 299 72
person 0.0034 360 -14 435 368
person 0.0033 64 232 361 372
person 0.0031 138 315 223 374
person 0.0030 17 0 245 377
person 0.0029 326 7 337 47
person 0.0029 294 26 312 54
person 0.0028 271 26 298 66
person 0.0028 0 201 8 338
person 0.0027 181 43 341 198
person 0.0026 494 109 499 256
person 0.0026 310 30 330 62
person 0.0024 483 -4 500 205
person 0.0022 490 241 500 372
person 0.0022 135 45 162 74
person 0.0021 223 44 334 111
person 0.0020 494 0 500 154
person 0.0019 296 9 442 124
person 0.0018 376 47 421 143
person 0.0017 489 1 500 19
person 0.0016 70 170 257 372
person 0.0016 0 103 5 262
person 0.0016 171 30 200 87
person 0.0015 381 0 481 85
person 0.0015 115 40 231 157
person 0.0014 151 12 487 355
person 0.0013 183 36 224 99
person 0.0013 283 40 303 72
person 0.0012 419 0 497 77
person 0.0012 442 2 499 132
person 0.0012 183 108 257 322
person 0.0012 261 48 285 87
person 0.0012 470 0 500 113
person 0.0011 0 49 4 239
person 0.0011 0 0 65 225
person 0.0010 208 319 268 373
person 0.0010 56 169 154 372
person 0.0010 493 9 500 85
person 0.0010 132 47 152 88
person 0.0010 266 9 285 50
person 0.0010 159 59 198 110
person 0.0010 19 240 164 368
person 0.0010 130 81 152 104
person 0.0010 -2 302 130 373
boat 0.0014 75 151 362 353
bottle 0.0363 379 178 407 261
bottle 0.0143 382 181 398 239
bottle 0.0045 388 181 403 241
bottle 0.0038 350 111 370 142
bottle 0.0029 371 183 391 251
bottle 0.0028 344 114 357 138
bottle 0.0018 109 138 153 164
bottle 0.0018 352 124 371 145
bottle 0.0017 363 111 377 142
bottle 0.0016 376 234 413 275
bottle 0.0015 375 181 387 238
bottle 0.0013 367 17 500 403
bottle 0.0012 299 19 338 99
bottle 0.0010 0 162 27 302
chair 0.0048 48 158 390 360
chair 0.0028 142 318 216 374
chair 0.0027 126 313 278 376
chair 0.0019 487 204 500 375
chair 0.0014 490 258 500 375
chair 0.0013 0 204 25 378
chair 0.0013 208 319 268 373
chair 0.0013 0 297 26 374
chair 0.0010 181 314 250 375
sofa 0.0010 487 204 500 375
