person 0.9339 190 146 278 438
person 0.0329 198 357 245 416
person 0.0122 174 151 369 413
person 0.0103 202 220 259 413
person 0.0076 194 175 271 274
person 0.0073 196 424 232 471
person 0.0061 158 199 271 389
person 0.0036 170 243 300 427
person 0.0032 191 350 271 427
person 0.0028 42 117 333 460
person 0.0027 160 421 232 484
person 0.0020 138 339 294 486
person 0.0018 189 288 279 418
person 0.0015 200 196 239 251
person 0.0011 217 173 284 389
person 0.0011 171 415 295 489
person 0.0010 187 366 245 459
person 0.0010 217 331 298 410
bicycle 0.4376 132 212 341 439
bicycle 0.2492 132 215 256 369
bicycle 0.1873 190 146 278 438
bicycle 0.0743 245 277 338 439
bicycle 0.0333 19 36 356 474
bicycle 0.0061 202 220 259 413
bicycle 0.0040 160 279 312 426
bicycle 0.0018 117 135 270 386
bicycle 0.0012 205 249 298 387
car 0.0029 175 147 329 416
car 0.0022 245 277 338 439
car 0.0021 97 354 118 409
car 0.0014 75 241 166 411
car 0.0014 96 278 150 393
car 0.0014 -1 472 163 500
car 0.0011 97 352 142 410
motorbike 0.0014 190 146 278 438
bus 0.0041 0 -22 291 524
bus 0.0022 132 212 341 439
train 0.0294 -12 -22 298 521
train 0.0014 132 212 341 439
boat 0.0013 -12 -22 298 521
horse 0.0018 185 153 324 429
