bottle 0.0025 46 116 240 343
bottle 0.0013 476 17 500 337
chair 0.0044 0 125 28 195
chair 0.0028 0 120 55 196
chair 0.0020 7 86 95 200
chair 0.0010 45 105 241 297
pottedplant 0.7802 173 13 494 334
pottedplant 0.0385 39 83 245 297
pottedplant 0.0127 279 136 462 338
pottedplant 0.0126 27 -5 313 326
pottedplant 0.0063 476 17 500 337
pottedplant 0.0047 107 7 314 225
pottedplant 0.0045 155 112 251 236
pottedplant 0.0032 385 17 498 341
pottedplant 0.0029 169 43 352 240
pottedplant 0.0023 0 1 190 212
pottedplant 0.0017 30 -10 485 241
pottedplant 0.0016 443 0 501 353
pottedplant 0.0014 2 90 499 365
pottedplant 0.0010 167 20 270 217
diningtable 0.0527 10 233 496 369
diningtable 0.0125 2 90 499 365
