person 0.9926 349 81 446 281
person 0.9886 82 67 233 292
person 0.9885 225 87 351 276
person 0.7985 359 0 394 35
person 0.7420 393 2 426 41
person 0.4970 417 10 442 43
person 0.2198 338 6 366 27
person 0.1341 290 0 312 16
person 0.1142 339 0 377 31
person 0.1081 467 115 501 276
person 0.0920 265 0 296 13
person 0.0807 470 35 485 51
person 0.0454 479 89 500 226
person 0.0450 314 0 347 20
person 0.0290 368 0 417 38
person 0.0263 471 0 500 54
person 0.0186 490 17 500 55
person 0.0180 482 139 500 200
person 0.0167 240 0 269 8
person 0.0155 491 34 500 55
person 0.0149 312 1 358 29
person 0.0133 400 11 434 40
person 0.0121 234 0 297 11
person 0.0119 249 -5 489 51
person 0.0112 483 38 499 197
person 0.0095 472 33 494 53
person 0.0095 467 24 487 52
person 0.0093 223 0 268 10
person 0.0091 490 74 500 192
person 0.0089 462 2 491 51
person 0.0083 246 0 283 9
person 0.0079 483 131 500 249
person 0.0078 289 0 333 19
person 0.0077 243 -1 267 5
person 0.0073 307 3 339 24
person 0.0063 13 -4 495 103
person 0.0059 14 -9 493 47
person 0.0057 373 -7 501 54
person 0.0057 426 23 443 44
person 0.0053 24 48 488 293
person 0.0052 409 26 426 41
person 0.0052 306 3 499 78
person 0.0046 433 9 459 45
person 0.0045 421 9 438 29
person 0.0044 490 -1 500 38
person 0.0040 387 1 414 35
person 0.0040 485 0 500 54
person 0.0036 225 -2 266 5
person 0.0034 364 0 392 22
person 0.0031 318 -5 428 50
person 0.0031 428 4 478 47
person 0.0028 254 1 382 31
person 0.0026 485 125 500 180
person 0.0026 256 -5 299 16
person 0.0024 403 9 460 60
person 0.0022 185 77 447 280
person 0.0022 492 44 500 63
person 0.0020 475 -7 501 205
person 0.0019 274 -4 317 19
person 0.0017 207 -2 312 16
person 0.0016 488 -1 500 17
person 0.0016 235 -5 272 6
person 0.0016 313 0 495 174
person 0.0015 395 1 422 19
person 0.0014 272 -2 363 22
person 0.0014 266 -8 295 10
person 0.0013 451 9 498 61
person 0.0013 375 17 400 34
person 0.0013 423 7 447 29
person 0.0012 162 -7 489 178
person 0.0012 485 30 500 57
person 0.0012 368 2 463 68
person 0.0011 479 154 499 186
person 0.0011 252 -1 272 5
person 0.0010 287 1 316 26
person 0.0010 402 24 435 44
person 0.0010 463 36 475 50
person 0.0010 271 0 325 33
person 0.0010 331 -5 412 27
person 0.0010 473 0 500 15
person 0.0010 452 32 499 282
person 0.0010 493 98 500 168
person 0.0010 407 3 500 72
bicycle 0.9818 205 174 344 319
bicycle 0.9568 22 158 221 327
bicycle 0.8792 328 152 426 286
bicycle 0.7824 462 155 501 274
bicycle 0.0819 349 91 443 284
bicycle 0.0119 72 72 229 309
bicycle 0.0075 281 216 342 318
bicycle 0.0060 231 91 345 286
bicycle 0.0057 359 168 401 270
bicycle 0.0056 486 150 500 270
bicycle 0.0051 395 195 423 275
bicycle 0.0042 331 182 385 281
bicycle 0.0042 475 85 500 271
bicycle 0.0029 123 220 206 320
bicycle 0.0024 364 169 396 231
bicycle 0.0022 354 195 421 281
bicycle 0.0020 346 162 470 271
bicycle 0.0018 458 189 499 307
bicycle 0.0017 0 261 28 322
bicycle 0.0015 26 215 168 322
bicycle 0.0015 384 143 501 274
bicycle 0.0012 350 138 409 254
bicycle 0.0010 132 129 378 288
bicycle 0.0010 18 166 116 322
bicycle 0.0010 61 173 184 300
motorbike 0.0015 458 151 500 275
bottle 0.0102 268 212 279 260
bottle 0.0037 263 202 285 259
bottle 0.0012 275 206 287 251
