person 0.0122 113 54 170 131
person 0.0031 494 92 500 269
person 0.0013 494 98 499 188
bicycle 0.9965 242 117 466 276
bicycle 0.9947 25 144 244 278
bicycle 0.1408 353 132 473 226
bicycle 0.1302 384 160 478 228
bicycle 0.0449 172 125 254 210
bicycle 0.0099 155 127 251 264
bicycle 0.0078 363 136 463 177
bicycle 0.0070 216 133 253 190
bicycle 0.0066 268 125 480 197
bicycle 0.0051 224 128 345 265
bicycle 0.0050 236 124 350 201
bicycle 0.0041 217 130 254 258
bicycle 0.0037 383 139 450 168
bicycle 0.0036 398 139 476 204
bicycle 0.0032 358 157 473 267
bicycle 0.0025 409 172 480 250
bicycle 0.0022 373 112 450 165
bicycle 0.0022 99 120 413 269
bicycle 0.0016 155 118 338 224
bicycle 0.0013 247 136 312 213
bicycle 0.0011 394 176 465 221
bicycle 0.0010 235 175 318 259
bicycle 0.0010 206 123 265 195
motorbike 0.0010 253 120 483 276
boat 0.0019 5 115 62 130
bird 0.0010 6 205 20 236
bottle 0.0032 114 204 129 232
bottle 0.0019 335 164 346 196
bottle 0.0019 114 204 126 219
bottle 0.0013 121 206 137 232
