person 0.8193 7 3 351 349
person 0.1321 166 0 339 141
person 0.0655 -2 0 189 185
person 0.0262 16 2 329 175
person 0.0165 1 12 183 392
person 0.0088 144 -6 346 252
person 0.0028 36 47 264 236
person 0.0028 52 12 172 155
person 0.0027 72 87 270 198
person 0.0027 29 0 197 100
person 0.0016 0 60 127 204
person 0.0016 321 0 356 4
person 0.0013 303 0 331 3
person 0.0011 -13 72 293 493
person 0.0010 146 28 309 175
dog 0.0013 0 60 127 204
chair 0.0095 -1 -3 358 494
chair 0.0028 286 4 357 131
chair 0.0022 321 0 356 4
chair 0.0011 303 0 331 3
sofa 0.5825 -2 -4 359 495
sofa 0.0382 1 0 353 185
sofa 0.0112 2 3 197 367
sofa 0.0112 282 0 356 140
sofa 0.0093 2 0 193 117
sofa 0.0076 9 1 336 99
sofa 0.0067 219 24 359 472
sofa 0.0046 153 11 354 325
sofa 0.0038 0 5 136 186
sofa 0.0035 166 0 339 141
sofa 0.0022 0 3 98 124
sofa 0.0012 1 308 353 497
sofa 0.0011 -3 48 80 364
