person 0.5114 308 234 316 261
person 0.3909 411 171 419 186
person 0.1800 404 171 413 185
person 0.1151 308 232 316 249
person 0.1109 434 306 439 326
person 0.0736 384 300 394 316
person 0.0524 404 183 411 201
person 0.0499 434 312 440 335
person 0.0405 26 104 482 304
person 0.0333 243 106 498 321
person 0.0322 310 128 317 135
person 0.0314 309 250 314 262
person 0.0224 315 241 324 256
person 0.0214 124 193 130 209
person 0.0206 396 150 405 158
person 0.0188 305 232 320 262
person 0.0176 409 169 421 188
person 0.0171 0 172 6 191
person 0.0166 301 236 308 249
person 0.0160 494 145 500 157
person 0.0131 490 280 500 296
person 0.0127 492 284 500 308
person 0.0127 487 135 499 152
person 0.0104 379 178 386 185
person 0.0098 430 303 442 333
person 0.0097 423 130 430 136
person 0.0097 384 227 390 235
person 0.0097 427 306 433 325
person 0.0092 358 220 367 240
person 0.0086 425 280 430 288
person 0.0086 153 193 163 213
person 0.0085 428 303 433 315
person 0.0082 299 128 308 136
person 0.0080 358 214 366 225
person 0.0079 433 305 437 314
person 0.0078 384 307 392 318
person 0.0071 275 232 289 246
person 0.0070 380 130 501 338
person 0.0066 301 239 308 253
person 0.0065 269 111 479 241
person 0.0060 471 321 498 333
person 0.0059 39 185 71 197
person 0.0057 119 189 126 207
person 0.0057 414 194 426 206
person 0.0056 412 272 422 285
person 0.0051 147 194 155 212
person 0.0051 402 179 413 203
person 0.0050 392 179 403 187
person 0.0048 36 188 54 196
person 0.0048 255 209 493 342
person 0.0045 486 324 500 333
person 0.0045 0 187 6 196
person 0.0044 436 282 441 292
person 0.0042 366 131 375 138
person 0.0040 442 278 451 293
person 0.0039 496 155 500 170
person 0.0037 432 330 439 335
person 0.0035 378 177 397 186
person 0.0034 493 290 500 320
person 0.0034 475 135 497 154
person 0.0032 295 307 328 328
person 0.0032 433 160 465 190
person 0.0031 338 296 344 304
person 0.0031 489 258 500 294
person 0.0031 245 251 250 262
person 0.0029 316 128 326 136
person 0.0029 349 135 515 258
person 0.0029 469 321 484 331
person 0.0028 0 145 346 267
person 0.0027 123 184 129 203
person 0.0025 364 225 369 237
person 0.0024 410 152 423 160
person 0.0024 248 252 255 263
person 0.0023 420 302 452 334
person 0.0023 285 235 298 248
person 0.0022 352 128 367 137
person 0.0022 303 117 318 131
person 0.0021 403 270 412 284
person 0.0021 366 149 375 159
person 0.0021 367 210 375 226
person 0.0021 492 127 500 143
person 0.0020 424 276 430 286
person 0.0020 400 168 420 191
person 0.0019 9 183 23 194
person 0.0019 415 129 423 134
person 0.0019 346 290 355 305
person 0.0018 432 292 438 299
person 0.0017 404 193 413 203
person 0.0016 376 132 389 139
person 0.0016 492 296 500 334
person 0.0015 263 136 451 210
person 0.0015 373 123 385 128
person 0.0015 475 127 493 140
person 0.0015 312 148 437 197
person 0.0014 20 77 490 191
person 0.0014 435 170 444 188
person 0.0014 468 260 481 280
person 0.0014 269 231 281 246
person 0.0014 462 127 470 138
person 0.0014 393 166 404 176
bicycle 0.0372 309 250 314 262
bicycle 0.0332 308 234 316 261
bicycle 0.0131 468 260 481 280
bicycle 0.0124 152 200 163 216
bicycle 0.0065 315 241 324 256
bicycle 0.0055 148 201 155 215
bicycle 0.0039 301 239 308 253
bicycle 0.0034 404 183 411 201
bicycle 0.0032 373 262 383 276
bicycle 0.0030 469 267 481 283
bicycle 0.0026 285 235 298 248
bicycle 0.0025 379 256 397 277
bicycle 0.0023 305 232 320 262
bicycle 0.0021 384 300 394 316
bicycle 0.0019 374 270 381 278
bicycle 0.0014 486 324 500 333
bicycle 0.0012 490 280 500 296
bicycle 0.0011 275 232 289 246
bicycle 0.0010 384 307 392 318
car 0.8335 404 138 415 146
car 0.7844 413 194 447 208
car 0.7560 41 182 78 197
car 0.6604 410 154 423 163
car 0.5909 396 150 405 158
car 0.5476 410 152 423 160
car 0.5162 262 303 359 334
car 0.4091 462 148 473 160
car 0.3531 462 144 488 162
car 0.3293 487 135 499 152
car 0.3193 477 145 491 159
car 0.3004 381 134 391 139
car 0.2899 475 135 497 154
car 0.2096 434 166 475 192
car 0.1992 376 132 389 139
car 0.1889 384 121 394 127
car 0.1509 462 155 474 163
car 0.1473 382 136 392 142
car 0.1191 494 145 500 157
car 0.1142 415 129 423 134
car 0.1123 366 131 375 138
car 0.1047 460 174 475 191
car 0.0919 463 139 472 150
car 0.0906 423 130 430 136
car 0.0905 442 130 453 139
car 0.0867 404 169 413 180
car 0.0854 464 136 491 155
car 0.0783 378 112 499 199
car 0.0721 368 149 389 159
car 0.0692 352 128 367 137
car 0.0595 496 155 500 170
car 0.0574 462 127 470 138
car 0.0546 373 123 385 128
car 0.0448 431 120 440 127
car 0.0435 449 130 464 139
car 0.0431 414 194 426 206
car 0.0411 327 105 492 175
car 0.0410 384 151 398 159
car 0.0394 366 149 375 159
car 0.0374 395 155 404 163
car 0.0368 412 168 418 182
car 0.0349 407 152 425 166
car 0.0347 405 133 414 140
car 0.0334 402 150 416 158
car 0.0304 370 157 392 166
car 0.0303 373 136 390 142
car 0.0286 463 154 485 164
car 0.0285 301 108 497 317
car 0.0284 473 140 495 161
car 0.0274 381 157 397 164
car 0.0266 468 124 483 139
car 0.0260 486 324 500 333
car 0.0257 255 109 487 211
car 0.0239 475 127 493 140
car 0.0230 391 121 405 129
car 0.0224 469 321 484 331
car 0.0215 458 223 495 258
car 0.0208 460 182 475 194
car 0.0190 378 177 397 186
car 0.0190 452 119 495 164
car 0.0183 490 280 500 296
car 0.0160 357 122 364 127
car 0.0158 434 128 444 137
car 0.0146 365 121 375 127
car 0.0140 424 121 433 128
car 0.0139 297 116 311 131
car 0.0126 478 154 491 163
car 0.0125 494 163 500 175
car 0.0124 61 182 77 195
car 0.0124 0 187 6 196
car 0.0117 452 137 461 145
car 0.0114 414 124 423 130
car 0.0110 437 119 455 129
car 0.0108 367 136 374 144
car 0.0108 460 164 475 184
car 0.0107 326 120 338 129
car 0.0105 63 177 77 190
car 0.0104 465 175 481 189
car 0.0098 492 284 500 308
car 0.0097 363 146 398 162
car 0.0096 451 148 465 159
car 0.0096 435 167 443 181
car 0.0095 393 131 405 136
car 0.0095 471 321 498 333
car 0.0093 310 128 317 135
car 0.0091 326 128 337 136
car 0.0087 463 119 471 133
car 0.0087 492 127 500 143
car 0.0083 340 134 489 215
car 0.0077 437 127 501 182
car 0.0076 379 131 501 337
car 0.0075 299 128 308 136
car 0.0074 459 152 477 167
car 0.0071 402 155 417 164
car 0.0071 468 122 500 161
car 0.0071 487 224 500 257
car 0.0069 361 148 426 199
car 0.0069 487 328 500 335
car 0.0063 397 185 467 216
car 0.0061 459 136 476 155
motorbike 0.0341 396 150 405 158
motorbike 0.0242 411 171 419 186
motorbike 0.0103 404 138 415 146
motorbike 0.0099 404 171 413 185
motorbike 0.0048 410 154 423 163
motorbike 0.0045 410 152 423 160
motorbike 0.0031 384 300 394 316
motorbike 0.0027 490 280 500 296
motorbike 0.0027 496 155 500 170
motorbike 0.0027 404 183 411 201
motorbike 0.0027 468 260 481 280
motorbike 0.0021 494 145 500 157
motorbike 0.0021 492 284 500 308
motorbike 0.0016 308 234 316 261
motorbike 0.0013 415 129 423 134
motorbike 0.0013 395 155 404 163
motorbike 0.0011 384 307 392 318
motorbike 0.0011 486 324 500 333
motorbike 0.0011 423 130 430 136
bus 0.9217 1 161 79 195
bus 0.5303 433 161 476 192
bus 0.2000 263 303 358 334
bus 0.0220 475 136 498 154
bus 0.0200 0 172 6 191
bus 0.0076 487 135 499 152
bus 0.0076 43 174 78 196
bus 0.0075 483 169 500 258
bus 0.0070 468 124 483 139
bus 0.0068 486 226 499 290
bus 0.0049 475 127 493 140
bus 0.0047 472 123 498 145
bus 0.0044 464 136 491 155
bus 0.0043 373 161 403 184
bus 0.0040 440 154 491 200
bus 0.0038 488 248 498 290
bus 0.0033 384 121 394 127
bus 0.0033 354 156 406 186
bus 0.0033 408 145 495 206
bus 0.0031 463 122 489 144
bus 0.0030 38 183 75 197
bus 0.0029 16 170 67 193
bus 0.0027 486 232 500 263
bus 0.0025 480 239 500 302
bus 0.0020 471 116 478 132
bus 0.0020 492 127 500 143
bus 0.0019 479 125 500 230
bus 0.0017 468 122 500 161
bus 0.0017 462 127 470 138
bus 0.0017 494 109 500 140
bus 0.0016 462 144 488 162
bus 0.0015 -4 151 76 176
bus 0.0014 488 116 500 155
bus 0.0014 18 173 79 204
bus 0.0013 468 114 480 136
bus 0.0013 297 116 311 131
bus 0.0012 352 128 367 137
bus 0.0012 391 121 405 129
bus 0.0012 458 172 476 191
bus 0.0011 0 187 6 196
bus 0.0011 8 181 77 198
bus 0.0010 452 119 495 164
bus 0.0010 378 177 397 186
train 0.0041 433 160 477 192
train 0.0038 -1 160 75 195
train 0.0033 262 303 359 334
boat 0.0108 262 303 359 334
boat 0.0026 433 161 476 192
boat 0.0013 486 324 500 333
boat 0.0012 270 122 405 197
boat 0.0011 487 224 500 257
bird 0.0017 320 35 325 40
cow 0.0014 396 150 405 158
cow 0.0012 404 138 415 146
chair 0.0436 285 235 298 248
chair 0.0339 269 231 281 246
chair 0.0253 275 232 289 246
chair 0.0171 315 241 324 256
chair 0.0072 308 234 316 261
chair 0.0072 301 236 308 249
chair 0.0070 256 225 268 240
chair 0.0068 301 239 308 253
chair 0.0051 249 222 263 241
chair 0.0021 326 243 334 255
chair 0.0019 252 231 262 242
chair 0.0011 269 231 295 248
pottedplant 0.0059 490 280 500 296
pottedplant 0.0045 492 284 500 308
pottedplant 0.0015 468 260 481 280
pottedplant 0.0012 489 258 500 294
pottedplant 0.0010 469 267 481 283
diningtable 0.0280 275 232 289 246
diningtable 0.0178 285 235 298 248
diningtable 0.0168 269 231 281 246
diningtable 0.0029 256 225 268 240
diningtable 0.0029 269 231 295 248
diningtable 0.0013 269 226 277 239
diningtable 0.0011 249 222 263 241
diningtable 0.0011 301 236 308 249
