person 0.0108 431 101 440 113
person 0.0055 37 191 47 205
person 0.0040 -2 143 72 232
person 0.0038 0 163 5 197
person 0.0033 95 191 105 209
person 0.0024 88 192 98 209
person 0.0019 29 187 38 210
person 0.0016 420 107 430 118
aeroplane 0.0045 0 139 67 225
bus 0.0045 -2 143 72 232
bus 0.0031 72 165 188 212
train 0.6618 0 139 67 225
train 0.4446 171 57 503 254
train 0.4220 71 166 190 213
train 0.0332 1 138 189 224
train 0.0125 30 158 147 223
train 0.0062 60 162 269 221
train 0.0061 -15 88 449 241
train 0.0054 19 122 317 223
train 0.0044 0 140 8 223
train 0.0044 0 163 5 197
train 0.0037 0 138 28 226
train 0.0036 113 159 208 205
train 0.0032 21 166 82 230
train 0.0031 72 173 109 208
train 0.0018 15 156 504 241
train 0.0017 64 165 160 198
train 0.0012 3 -43 501 243
train 0.0011 27 189 75 227
train 0.0011 74 163 186 185
train 0.0010 0 140 62 185
train 0.0010 73 173 110 191
boat 0.0010 -2 143 72 232
horse 0.0023 -2 143 72 232
