person 0.0035 43 68 478 380
person 0.0017 0 -2 12 82
person 0.0015 0 -2 28 84
person 0.0014 0 8 6 70
car 0.0016 231 1 252 18
cat 0.0074 187 73 449 276
dog 0.8465 64 164 496 373
dog 0.0880 83 51 482 330
dog 0.0707 209 65 450 286
dog 0.0544 79 154 355 319
dog 0.0086 305 87 444 272
dog 0.0035 289 62 498 333
dog 0.0027 93 269 162 321
dog 0.0026 139 167 337 270
dog 0.0014 33 178 294 368
chair 0.1489 69 63 492 369
chair 0.0150 139 14 226 112
chair 0.0067 158 0 245 84
chair 0.0056 200 2 249 78
chair 0.0051 389 35 500 364
chair 0.0040 157 36 211 115
chair 0.0032 0 247 23 365
chair 0.0020 202 65 453 290
chair 0.0017 0 237 18 317
chair 0.0016 79 154 355 319
chair 0.0016 174 37 198 115
chair 0.0012 289 62 498 333
chair 0.0011 0 167 17 343
chair 0.0011 218 2 251 53
chair 0.0010 0 260 14 371
sofa 0.7208 69 63 492 369
sofa 0.0424 389 35 500 364
sofa 0.0329 202 65 453 290
sofa 0.0164 79 154 355 319
sofa 0.0037 158 0 245 84
sofa 0.0033 289 62 498 333
sofa 0.0023 200 1 249 79
sofa 0.0020 0 247 23 365
sofa 0.0011 94 69 323 235
sofa 0.0010 0 237 18 317
sofa 0.0010 0 87 17 345
pottedplant 0.2682 168 2 204 43
pottedplant 0.0329 162 0 239 44
pottedplant 0.0204 155 -2 250 74
pottedplant 0.0079 200 1 249 79
pottedplant 0.0057 126 0 205 42
pottedplant 0.0048 125 0 169 38
pottedplant 0.0037 147 -23 221 41
pottedplant 0.0029 139 14 226 112
pottedplant 0.0018 218 1 252 44
pottedplant 0.0015 0 -2 28 84
pottedplant 0.0010 129 1 170 21
pottedplant 0.0010 183 3 207 39
diningtable 0.0079 148 9 219 114
diningtable 0.0056 0 249 18 370
diningtable 0.0023 0 237 18 317
diningtable 0.0011 76 8 167 151
diningtable 0.0010 165 34 211 56
tvmonitor 0.4854 0 0 31 89
tvmonitor 0.1225 -1 0 69 94
tvmonitor 0.0062 0 -2 12 82
tvmonitor 0.0039 0 8 6 70
