person 0.4332 438 80 457 114
person 0.2710 372 116 400 139
person 0.2238 66 72 79 98
person 0.1157 60 69 84 100
person 0.0746 51 78 59 96
person 0.0487 439 74 468 117
person 0.0486 4 97 21 116
person 0.0389 129 98 146 116
person 0.0382 208 109 228 125
person 0.0370 49 63 98 97
person 0.0320 26 100 41 111
person 0.0282 52 73 72 98
person 0.0277 111 79 130 87
person 0.0242 67 69 94 98
person 0.0222 0 92 25 120
person 0.0209 438 77 457 98
person 0.0208 111 74 132 86
person 0.0188 133 106 146 118
person 0.0144 430 76 443 98
person 0.0143 215 109 234 125
person 0.0124 402 72 415 81
person 0.0122 46 76 62 97
person 0.0109 15 96 35 113
person 0.0101 416 79 437 96
person 0.0100 228 78 242 91
person 0.0096 271 91 502 213
person 0.0095 445 81 462 114
person 0.0091 88 80 131 89
person 0.0082 0 91 12 122
person 0.0082 142 99 157 116
person 0.0078 340 113 357 134
person 0.0070 121 80 138 87
person 0.0068 247 107 263 125
person 0.0053 180 71 193 82
person 0.0048 430 86 447 104
person 0.0047 126 97 139 117
person 0.0047 4 103 19 125
person 0.0047 320 73 342 87
person 0.0047 312 76 356 99
person 0.0046 372 110 390 126
person 0.0045 124 106 138 120
person 0.0045 39 74 67 98
person 0.0044 140 107 154 118
person 0.0042 424 73 449 99
person 0.0041 209 77 240 91
person 0.0041 2 93 62 120
person 0.0039 408 74 426 82
person 0.0038 180 107 198 122
person 0.0038 83 82 118 90
person 0.0038 -1 87 65 150
person 0.0037 486 90 500 118
person 0.0035 367 107 395 128
person 0.0034 350 113 370 135
person 0.0034 187 71 208 81
person 0.0034 396 75 407 82
person 0.0032 343 114 400 140
person 0.0030 0 64 12 109
person 0.0030 72 75 110 95
person 0.0027 135 95 163 118
person 0.0025 56 90 69 104
person 0.0025 113 98 125 116
person 0.0025 443 71 497 117
person 0.0025 171 109 186 122
person 0.0024 316 73 331 84
person 0.0024 119 94 144 118
person 0.0024 183 106 209 123
person 0.0023 253 107 271 125
person 0.0023 95 132 106 172
person 0.0022 380 110 397 124
person 0.0022 0 86 27 146
person 0.0022 418 79 458 114
person 0.0021 65 64 80 75
person 0.0021 127 80 148 87
person 0.0021 448 78 461 95
person 0.0021 327 109 387 142
person 0.0021 74 67 107 89
person 0.0020 391 79 440 96
person 0.0019 458 93 491 117
person 0.0019 225 73 246 84
person 0.0019 114 106 126 120
person 0.0018 91 78 149 90
person 0.0017 30 97 53 113
person 0.0017 294 71 325 85
person 0.0017 356 107 419 144
person 0.0017 370 83 390 95
person 0.0016 77 86 299 185
person 0.0016 240 107 254 126
person 0.0016 420 69 440 85
person 0.0015 372 80 427 96
person 0.0015 197 107 220 124
person 0.0015 50 65 77 95
person 0.0015 126 101 151 124
person 0.0014 89 74 133 87
person 0.0014 164 72 191 84
person 0.0014 171 80 205 97
person 0.0014 0 82 12 149
person 0.0013 45 69 60 90
person 0.0013 367 101 409 133
person 0.0012 106 77 135 90
person 0.0012 227 108 242 125
bicycle 0.0033 -1 90 65 174
car 0.9975 254 93 491 210
car 0.9852 9 87 179 172
car 0.9725 103 86 312 191
car 0.9694 -1 91 66 161
car 0.5475 375 80 440 96
car 0.4564 438 71 496 118
car 0.3996 171 78 227 97
car 0.3995 347 76 376 96
car 0.3679 238 74 322 108
car 0.3677 313 76 359 107
car 0.2634 483 80 501 117
car 0.2555 13 62 501 124
car 0.2061 192 76 240 92
car 0.1764 53 64 119 96
car 0.1591 279 72 327 107
car 0.1554 336 75 363 93
car 0.1046 239 76 290 92
car 0.0717 23 80 57 93
car 0.0681 140 80 175 92
car 0.0583 372 82 406 95
car 0.0474 284 72 323 86
car 0.0464 370 83 390 95
car 0.0456 -7 63 522 207
car 0.0403 341 74 377 87
car 0.0357 142 72 177 86
car 0.0354 191 70 225 81
car 0.0284 63 73 138 97
car 0.0250 243 75 283 86
car 0.0246 76 78 142 91
car 0.0233 414 79 440 96
car 0.0214 83 82 118 90
car 0.0188 0 64 12 109
car 0.0180 -1 80 21 135
car 0.0174 42 72 283 102
car 0.0174 486 75 500 99
car 0.0172 60 69 84 100
car 0.0156 164 75 319 104
car 0.0154 88 80 131 89
car 0.0148 52 73 72 98
car 0.0148 63 65 98 95
car 0.0147 279 70 358 113
car 0.0134 364 83 437 103
car 0.0127 228 78 242 91
car 0.0123 425 67 444 86
car 0.0123 370 82 447 131
car 0.0121 324 72 360 89
car 0.0121 47 84 155 108
car 0.0114 192 76 299 92
car 0.0107 319 75 486 134
car 0.0106 44 64 83 96
car 0.0104 203 73 244 85
car 0.0097 0 92 25 120
car 0.0090 141 77 191 94
car 0.0087 319 73 388 100
car 0.0085 356 75 378 86
car 0.0083 0 91 12 122
car 0.0081 446 69 488 89
car 0.0078 61 78 184 103
car 0.0076 402 72 415 81
car 0.0075 438 80 457 114
car 0.0074 164 82 246 106
car 0.0073 51 78 59 96
car 0.0071 46 76 62 97
car 0.0069 151 78 207 99
car 0.0069 0 85 26 110
car 0.0068 417 71 455 100
car 0.0068 172 84 202 102
car 0.0068 320 73 342 87
car 0.0067 39 74 67 98
car 0.0067 0 75 54 109
car 0.0064 204 72 287 88
car 0.0061 193 67 223 76
car 0.0060 111 74 132 86
car 0.0060 111 79 130 87
car 0.0057 72 75 110 95
car 0.0056 233 78 258 90
car 0.0055 232 73 257 84
car 0.0055 56 90 69 104
car 0.0054 294 74 452 102
car 0.0054 72 70 146 89
car 0.0053 74 67 107 89
car 0.0052 30 63 294 93
car 0.0051 0 89 64 123
car 0.0051 408 77 467 116
car 0.0051 225 73 246 84
car 0.0047 349 89 466 141
car 0.0045 121 80 138 87
car 0.0044 220 76 249 92
car 0.0042 187 71 208 81
car 0.0042 166 67 245 93
car 0.0041 0 82 12 149
car 0.0039 408 74 426 82
car 0.0038 430 76 443 98
car 0.0038 452 89 496 118
car 0.0038 368 86 391 99
car 0.0037 356 86 378 99
car 0.0036 180 71 193 82
car 0.0036 316 73 331 84
car 0.0034 374 74 489 108
car 0.0034 1 76 22 97
motorbike 0.0041 52 73 72 98
motorbike 0.0028 66 72 79 98
motorbike 0.0024 56 90 69 104
motorbike 0.0022 51 78 59 96
motorbike 0.0014 60 69 84 100
bus 0.0190 0 64 12 111
bus 0.0169 0 66 11 91
bus 0.0078 443 70 497 117
bus 0.0055 52 64 123 96
bus 0.0051 483 80 501 117
bus 0.0022 -1 90 65 174
bus 0.0012 0 66 24 108
bus 0.0010 171 79 225 97
bus 0.0010 17 80 54 94
bottle 0.0079 165 144 176 179
bottle 0.0030 95 132 106 172
chair 0.9866 160 182 255 263
chair 0.0033 166 180 246 229
chair 0.0030 199 190 253 255
chair 0.0022 163 218 237 264
chair 0.0010 11 71 508 273
sofa 0.0010 165 183 246 271
diningtable 0.0144 165 183 246 271
