person 0.0071 129 124 375 307
person 0.0040 -2 83 509 403
car 0.0019 137 105 419 293
motorbike 0.0014 139 125 414 314
bird 0.0434 137 124 370 314
cat 0.1166 128 125 376 306
cat 0.0030 46 102 456 362
dog 0.4415 135 122 355 315
dog 0.0046 17 72 429 347
horse 0.0053 139 125 414 314
sheep 0.0210 135 122 355 315
cow 0.0034 139 125 414 314
chair 0.0054 139 125 414 314
chair 0.0020 -2 83 509 403
sofa 0.0075 139 125 414 314
sofa 0.0030 -2 83 509 403
pottedplant 0.0013 129 124 375 307
diningtable 0.0053 -2 83 509 403
diningtable 0.0028 90 91 415 324
