person 0.0328 14 -24 497 391
person 0.0101 362 0 501 272
person 0.0067 225 76 381 280
person 0.0066 24 260 488 361
person 0.0061 237 -3 495 282
cat 0.0017 24 260 488 361
dog 0.8735 236 80 386 275
dog 0.0668 24 260 488 361
dog 0.0485 14 -24 497 391
dog 0.0082 19 151 492 363
dog 0.0048 181 35 467 328
horse 0.0013 24 260 488 361
cow 0.0096 24 260 488 361
chair 0.0406 14 -24 497 391
chair 0.0017 225 76 381 280
chair 0.0014 153 7 484 285
chair 0.0011 24 260 488 361
chair 0.0011 362 0 501 272
sofa 0.6331 14 -24 497 391
sofa 0.0788 24 260 488 361
sofa 0.0150 225 76 381 280
sofa 0.0086 19 151 492 363
sofa 0.0061 153 7 484 285
sofa 0.0035 362 0 501 273
sofa 0.0026 3 0 348 294
