person 0.0039 134 130 147 155
person 0.0028 146 178 185 224
person 0.0019 141 128 158 156
person 0.0012 150 128 162 154
bicycle 0.0147 50 228 276 332
bicycle 0.0023 168 240 270 329
bird 0.0026 428 123 450 143
bird 0.0025 447 98 470 137
bird 0.0010 437 123 451 139
cat 0.0016 146 178 185 224
bottle 0.4039 448 100 470 131
bottle 0.0019 236 251 253 268
bottle 0.0013 159 128 174 153
bottle 0.0011 440 97 473 142
bottle 0.0010 150 128 162 154
chair 0.9677 285 236 366 332
chair 0.2660 180 243 235 294
chair 0.2628 168 240 270 329
chair 0.1949 51 284 121 332
chair 0.0499 50 228 277 332
chair 0.0361 241 262 311 330
chair 0.0247 272 267 313 327
chair 0.0232 235 280 281 331
chair 0.0199 184 241 230 273
chair 0.0123 51 251 150 331
chair 0.0119 451 318 500 331
chair 0.0114 185 239 230 257
chair 0.0106 0 317 25 333
chair 0.0095 50 283 228 330
chair 0.0091 280 267 309 287
chair 0.0068 84 270 114 302
chair 0.0067 186 246 241 324
chair 0.0067 286 293 357 329
chair 0.0060 241 258 309 297
chair 0.0058 428 292 499 333
chair 0.0056 469 95 500 133
chair 0.0054 286 265 313 311
chair 0.0050 68 266 116 306
chair 0.0038 256 283 275 330
chair 0.0036 0 298 26 333
chair 0.0035 470 59 500 134
chair 0.0033 286 318 355 332
chair 0.0031 209 261 283 332
chair 0.0031 149 220 250 293
chair 0.0031 164 235 230 262
chair 0.0030 219 245 301 301
chair 0.0028 152 235 223 278
chair 0.0028 276 265 310 274
chair 0.0027 184 220 206 254
chair 0.0026 179 278 272 333
chair 0.0025 263 249 279 265
chair 0.0023 -1 326 25 337
chair 0.0023 51 283 76 330
chair 0.0022 253 278 294 331
chair 0.0021 187 252 226 282
chair 0.0021 50 259 113 318
chair 0.0021 240 232 277 268
chair 0.0021 438 312 500 335
chair 0.0020 217 241 231 252
chair 0.0019 303 239 361 296
chair 0.0019 0 306 28 348
chair 0.0016 462 299 504 331
chair 0.0016 247 243 347 313
chair 0.0016 84 260 139 311
chair 0.0015 82 274 106 293
chair 0.0014 262 281 283 331
chair 0.0013 96 262 125 309
chair 0.0013 0 295 58 332
chair 0.0012 161 231 197 266
chair 0.0011 215 234 275 272
chair 0.0010 233 260 313 275
chair 0.0010 75 319 105 331
chair 0.0010 69 272 129 322
chair 0.0010 495 278 500 332
chair 0.0010 69 314 91 331
chair 0.0010 62 315 118 332
chair 0.0010 179 248 216 265
sofa 0.0089 428 293 500 333
sofa 0.0078 50 228 276 332
sofa 0.0035 451 318 500 331
sofa 0.0017 53 284 126 332
sofa 0.0014 433 311 500 335
sofa 0.0012 462 299 504 331
pottedplant 0.7798 50 228 277 332
pottedplant 0.6621 240 232 277 268
pottedplant 0.4816 426 293 475 331
pottedplant 0.0421 168 240 270 329
pottedplant 0.0413 426 281 504 336
pottedplant 0.0390 429 315 501 332
pottedplant 0.0191 180 243 235 294
pottedplant 0.0163 248 247 277 267
pottedplant 0.0126 448 296 500 332
pottedplant 0.0090 425 307 469 337
pottedplant 0.0080 184 241 230 273
pottedplant 0.0068 189 232 297 275
pottedplant 0.0061 231 232 262 268
pottedplant 0.0059 427 314 466 331
pottedplant 0.0056 215 234 275 272
pottedplant 0.0052 140 176 187 224
pottedplant 0.0048 129 221 240 290
pottedplant 0.0040 83 -1 103 37
pottedplant 0.0038 60 278 261 333
pottedplant 0.0029 445 294 468 322
pottedplant 0.0028 179 222 217 255
pottedplant 0.0026 193 244 324 302
pottedplant 0.0025 61 249 187 331
pottedplant 0.0025 242 231 271 248
pottedplant 0.0024 452 299 477 329
pottedplant 0.0024 149 224 331 286
pottedplant 0.0023 428 123 450 143
pottedplant 0.0023 447 98 470 137
pottedplant 0.0023 236 251 253 268
pottedplant 0.0022 159 281 249 332
pottedplant 0.0020 444 317 488 331
pottedplant 0.0019 432 154 462 282
pottedplant 0.0017 425 302 451 331
pottedplant 0.0017 164 235 230 262
pottedplant 0.0014 425 265 478 325
pottedplant 0.0012 437 123 451 139
pottedplant 0.0011 454 293 474 320
pottedplant 0.0010 420 292 495 360
diningtable 0.3026 241 262 311 330
diningtable 0.2305 179 242 317 331
diningtable 0.0218 50 228 276 332
diningtable 0.0156 236 257 312 297
diningtable 0.0145 237 249 356 332
diningtable 0.0137 233 280 283 331
diningtable 0.0113 272 267 313 327
diningtable 0.0092 240 264 286 291
diningtable 0.0083 182 238 246 307
diningtable 0.0067 253 278 294 331
diningtable 0.0063 159 277 274 332
diningtable 0.0062 233 260 313 275
diningtable 0.0055 451 318 500 331
diningtable 0.0053 288 240 359 328
diningtable 0.0036 279 266 310 287
diningtable 0.0036 246 255 277 275
diningtable 0.0035 239 232 277 269
diningtable 0.0034 222 257 288 316
diningtable 0.0028 428 293 501 333
diningtable 0.0024 0 317 25 333
diningtable 0.0023 168 223 317 291
diningtable 0.0021 189 232 297 275
diningtable 0.0020 262 281 283 331
diningtable 0.0018 -1 319 69 332
diningtable 0.0018 60 278 261 333
diningtable 0.0017 185 239 230 257
diningtable 0.0017 433 311 500 335
diningtable 0.0016 286 265 313 311
diningtable 0.0015 261 263 306 273
diningtable 0.0015 250 269 273 287
diningtable 0.0014 256 283 275 330
diningtable 0.0012 0 311 60 340
diningtable 0.0011 181 241 248 275
diningtable 0.0010 233 262 253 290
diningtable 0.0010 273 262 312 276
diningtable 0.0010 286 318 355 332
diningtable 0.0010 164 235 230 262
tvmonitor 0.0685 110 101 216 228
tvmonitor 0.0451 0 170 23 328
tvmonitor 0.0151 495 193 500 322
tvmonitor 0.0020 496 209 499 286
tvmonitor 0.0016 0 122 23 167
tvmonitor 0.0015 486 187 500 321
tvmonitor 0.0012 426 145 466 288
