person 0.0021 0 8 13 68
person 0.0021 0 18 25 70
person 0.0018 0 4 6 32
person 0.0013 0 21 9 108
person 0.0011 0 29 11 78
bicycle 0.0010 57 106 108 141
bottle 0.0010 0 13 6 37
chair 0.9877 266 79 405 327
chair 0.9746 107 62 241 286
chair 0.9665 279 29 343 86
chair 0.9134 121 28 190 77
chair 0.1873 95 66 158 192
chair 0.0527 343 53 407 82
chair 0.0519 111 60 221 194
chair 0.0412 0 18 25 70
chair 0.0331 102 30 192 166
chair 0.0307 0 42 43 157
chair 0.0294 332 62 409 258
chair 0.0211 122 53 436 193
chair 0.0187 61 48 102 106
chair 0.0110 119 39 432 317
chair 0.0086 58 13 118 156
chair 0.0080 67 42 93 63
chair 0.0080 265 60 392 205
chair 0.0077 91 75 133 173
chair 0.0069 60 54 106 147
chair 0.0048 64 59 97 93
chair 0.0047 0 8 13 68
chair 0.0043 344 54 409 112
chair 0.0036 109 71 150 154
chair 0.0036 358 47 420 225
chair 0.0035 0 29 11 78
chair 0.0034 273 43 367 132
chair 0.0033 0 13 44 73
chair 0.0032 61 102 104 144
chair 0.0028 0 13 6 37
chair 0.0028 100 98 141 186
chair 0.0027 81 39 139 162
chair 0.0020 325 50 413 138
chair 0.0017 109 56 187 132
chair 0.0017 265 56 332 181
chair 0.0016 434 0 499 157
chair 0.0015 0 21 9 108
chair 0.0013 92 32 349 159
chair 0.0013 345 66 437 127
chair 0.0012 0 42 6 87
chair 0.0012 117 125 143 178
chair 0.0011 120 37 193 112
chair 0.0011 130 121 234 260
chair 0.0010 204 68 348 173
chair 0.0010 41 2 91 70
sofa 0.0333 0 45 44 156
sofa 0.0019 63 56 98 96
sofa 0.0016 0 18 25 70
sofa 0.0011 67 42 93 63
pottedplant 0.9218 207 30 274 100
pottedplant 0.0495 192 34 297 123
pottedplant 0.0056 228 76 248 97
pottedplant 0.0031 223 58 251 91
pottedplant 0.0029 121 28 378 174
pottedplant 0.0029 232 31 274 81
pottedplant 0.0027 232 62 255 88
pottedplant 0.0011 250 33 274 75
pottedplant 0.0010 -1 25 46 126
pottedplant 0.0010 152 28 287 96
diningtable 0.7552 115 57 389 330
diningtable 0.1767 139 60 372 176
diningtable 0.0787 192 34 297 123
diningtable 0.0035 202 81 278 112
diningtable 0.0028 242 83 405 333
diningtable 0.0025 106 56 216 184
diningtable 0.0017 0 10 11 66
diningtable 0.0016 0 18 25 70
diningtable 0.0014 0 13 6 37
diningtable 0.0014 207 37 274 108
diningtable 0.0012 91 72 146 190
diningtable 0.0011 107 64 190 142
tvmonitor 0.0342 0 72 43 154
tvmonitor 0.0135 0 22 23 70
tvmonitor 0.0023 0 8 13 68
tvmonitor 0.0015 0 29 11 78
tvmonitor 0.0015 343 53 407 82
tvmonitor 0.0010 0 13 6 37
