person 0.7336 39 9 381 333
person 0.0750 0 132 129 329
person 0.0175 0 97 115 252
person 0.0098 383 146 499 323
person 0.0081 0 136 51 219
person 0.0037 13 139 82 203
person 0.0035 0 141 56 328
person 0.0026 163 13 474 319
person 0.0022 0 63 58 253
person 0.0017 51 164 134 323
person 0.0017 18 122 158 228
person 0.0014 -8 63 189 280
person 0.0014 0 124 23 228
person 0.0012 479 188 500 277
person 0.0010 32 139 73 186
bottle 0.0024 -2 145 129 327
chair 0.1886 -2 145 129 327
chair 0.0447 0 137 49 217
chair 0.0433 94 194 127 235
chair 0.0181 14 140 81 201
chair 0.0164 90 189 128 324
chair 0.0136 0 97 115 252
chair 0.0110 0 137 55 328
chair 0.0060 51 164 134 323
chair 0.0048 32 139 73 186
chair 0.0048 84 155 338 325
chair 0.0043 21 136 149 215
chair 0.0030 0 252 126 331
chair 0.0023 0 138 22 326
chair 0.0023 0 124 23 228
chair 0.0016 73 190 130 230
chair 0.0016 45 167 163 264
chair 0.0014 27 159 237 322
sofa 0.0033 -1 144 129 328
tvmonitor 0.6401 48 71 152 132
tvmonitor 0.0889 48 7 142 74
tvmonitor 0.0241 154 61 185 125
tvmonitor 0.0039 24 54 228 137
tvmonitor 0.0010 42 18 160 142
