person 0.0063 279 91 298 113
person 0.0034 274 88 288 115
person 0.0018 274 102 286 117
person 0.0016 276 86 285 101
person 0.0012 319 84 333 98
bird 0.0011 274 102 286 117
chair 0.0020 62 -1 214 411
pottedplant 0.6732 316 387 376 481
pottedplant 0.6458 228 427 313 500
pottedplant 0.1574 169 136 372 362
pottedplant 0.1419 2 431 137 499
pottedplant 0.1158 1 165 59 337
pottedplant 0.0710 277 439 356 499
pottedplant 0.0439 285 274 375 471
pottedplant 0.0428 8 162 108 341
pottedplant 0.0356 164 186 302 377
pottedplant 0.0331 188 342 341 471
pottedplant 0.0259 36 141 105 269
pottedplant 0.0239 21 21 214 388
pottedplant 0.0208 -1 361 131 501
pottedplant 0.0202 94 401 198 497
pottedplant 0.0190 78 333 195 483
pottedplant 0.0179 243 240 377 419
pottedplant 0.0156 -1 175 62 254
pottedplant 0.0149 65 71 389 437
pottedplant 0.0144 282 209 379 375
pottedplant 0.0142 49 183 104 262
pottedplant 0.0141 186 275 275 381
pottedplant 0.0122 172 269 378 480
pottedplant 0.0106 134 199 246 378
pottedplant 0.0104 6 -8 283 512
pottedplant 0.0096 94 155 292 418
pottedplant 0.0093 43 125 108 221
pottedplant 0.0093 103 203 199 375
pottedplant 0.0090 62 383 110 443
pottedplant 0.0080 23 209 192 369
pottedplant 0.0072 29 251 99 356
pottedplant 0.0068 293 469 363 500
pottedplant 0.0067 116 472 240 500
pottedplant 0.0064 51 381 151 485
pottedplant 0.0060 105 443 261 499
pottedplant 0.0056 218 385 371 504
pottedplant 0.0054 324 276 375 435
pottedplant 0.0053 65 435 146 498
pottedplant 0.0052 267 285 364 388
pottedplant 0.0050 9 359 63 498
pottedplant 0.0047 41 371 123 452
pottedplant 0.0045 232 304 284 361
pottedplant 0.0045 209 251 304 384
pottedplant 0.0043 175 169 255 347
pottedplant 0.0041 187 285 245 351
pottedplant 0.0039 219 139 375 290
pottedplant 0.0039 248 346 290 397
pottedplant 0.0039 183 90 224 154
pottedplant 0.0038 315 445 377 500
pottedplant 0.0038 56 377 237 498
pottedplant 0.0035 173 352 268 474
pottedplant 0.0035 150 386 305 493
pottedplant 0.0033 60 119 98 166
pottedplant 0.0031 232 339 309 405
pottedplant 0.0028 328 390 377 447
pottedplant 0.0026 260 135 366 386
pottedplant 0.0026 113 486 195 500
pottedplant 0.0026 93 443 186 499
pottedplant 0.0026 31 359 94 431
pottedplant 0.0026 172 130 299 317
pottedplant 0.0024 49 328 324 489
pottedplant 0.0022 218 278 322 359
pottedplant 0.0021 334 255 374 340
pottedplant 0.0019 252 362 283 393
pottedplant 0.0019 181 88 357 173
pottedplant 0.0019 131 430 342 500
pottedplant 0.0017 26 74 107 206
pottedplant 0.0017 3 82 66 267
pottedplant 0.0016 106 39 351 318
pottedplant 0.0016 139 184 180 294
pottedplant 0.0015 322 470 377 500
pottedplant 0.0015 210 308 337 405
pottedplant 0.0015 130 168 192 354
pottedplant 0.0015 11 2 110 173
pottedplant 0.0015 -6 41 145 316
pottedplant 0.0014 135 487 170 500
pottedplant 0.0013 59 193 236 449
pottedplant 0.0013 205 198 339 358
pottedplant 0.0013 28 471 175 499
pottedplant 0.0013 66 125 93 149
pottedplant 0.0013 308 137 379 292
pottedplant 0.0013 106 457 162 497
pottedplant 0.0013 329 176 374 342
pottedplant 0.0012 67 385 142 448
pottedplant 0.0012 183 308 291 445
pottedplant 0.0011 0 246 50 346
pottedplant 0.0010 173 77 278 177
pottedplant 0.0010 261 339 371 488
pottedplant 0.0010 110 458 216 496
