person 0.9747 137 96 448 367
person 0.9580 189 89 249 203
person 0.8480 357 92 456 208
person 0.5479 352 86 414 187
person 0.4985 285 85 307 108
person 0.1557 366 123 455 265
person 0.0972 68 124 78 141
person 0.0149 368 111 407 176
person 0.0143 240 96 324 199
person 0.0111 395 113 443 175
person 0.0081 71 123 109 150
person 0.0065 495 136 500 173
person 0.0064 336 98 422 258
person 0.0062 279 83 316 122
person 0.0061 249 97 408 203
person 0.0051 226 112 246 159
person 0.0047 180 128 236 201
person 0.0041 139 98 344 197
person 0.0040 67 124 97 146
person 0.0040 87 126 110 155
person 0.0038 330 99 336 107
person 0.0038 373 133 405 173
person 0.0038 496 150 500 175
person 0.0036 259 86 306 148
person 0.0034 286 86 338 118
person 0.0031 214 110 255 178
person 0.0028 61 122 85 144
person 0.0028 466 135 501 189
person 0.0028 340 101 347 112
person 0.0028 353 127 408 225
person 0.0025 491 149 500 196
person 0.0024 493 113 500 178
person 0.0024 15 137 152 176
person 0.0023 231 123 413 249
person 0.0022 23 136 144 227
person 0.0022 230 104 241 146
person 0.0021 479 94 500 183
person 0.0019 463 136 501 262
person 0.0019 407 95 453 152
person 0.0018 391 115 412 156
person 0.0016 345 71 355 87
person 0.0016 493 160 500 184
person 0.0015 155 86 422 226
person 0.0015 403 121 432 166
person 0.0015 49 122 114 222
person 0.0013 47 125 99 162
person 0.0013 487 145 500 239
person 0.0012 64 112 81 141
person 0.0011 65 99 107 151
person 0.0011 271 86 364 152
person 0.0011 415 100 488 217
person 0.0011 58 124 70 141
person 0.0011 -2 82 363 367
person 0.0010 357 135 418 189
person 0.0010 90 109 332 264
person 0.0010 233 123 252 162
car 0.0016 0 73 25 85
car 0.0012 276 62 287 68
bottle 0.0815 68 124 78 141
bottle 0.0239 88 123 109 151
bottle 0.0086 495 136 500 173
bottle 0.0085 496 150 500 175
bottle 0.0042 114 340 143 374
bottle 0.0035 53 281 125 375
bottle 0.0027 383 138 394 152
bottle 0.0012 67 124 97 146
bottle 0.0011 0 280 93 375
bottle 0.0010 61 122 85 144
bottle 0.0010 58 124 70 141
chair 0.9392 17 136 97 262
chair 0.7062 178 136 237 208
chair 0.5661 454 149 499 275
chair 0.4640 371 145 457 262
chair 0.3295 331 294 367 372
chair 0.3234 0 132 18 219
chair 0.2996 241 149 263 200
chair 0.2085 385 200 446 262
chair 0.0908 117 303 379 368
chair 0.0729 365 196 393 238
chair 0.0557 71 123 109 150
chair 0.0511 178 135 194 176
chair 0.0459 457 134 498 191
chair 0.0383 433 153 470 240
chair 0.0375 186 94 250 207
chair 0.0346 163 255 209 338
chair 0.0343 133 131 451 378
chair 0.0273 99 164 197 234
chair 0.0248 87 126 110 155
chair 0.0236 62 250 431 368
chair 0.0225 130 259 219 361
chair 0.0220 365 190 422 246
chair 0.0194 297 291 368 374
chair 0.0184 115 341 142 374
chair 0.0178 495 136 500 173
chair 0.0164 179 133 215 195
chair 0.0152 0 134 26 171
chair 0.0148 329 291 403 376
chair 0.0147 388 111 467 241
chair 0.0143 395 116 418 158
chair 0.0136 457 137 476 168
chair 0.0131 496 150 500 175
chair 0.0130 0 161 17 240
chair 0.0127 67 124 97 146
chair 0.0123 -1 128 16 180
chair 0.0111 411 130 422 155
chair 0.0104 5 125 48 194
chair 0.0103 395 113 443 175
chair 0.0103 12 135 32 168
chair 0.0096 35 127 50 144
chair 0.0090 168 138 207 209
chair 0.0085 23 128 43 157
chair 0.0080 25 127 40 144
chair 0.0080 68 124 78 141
chair 0.0080 44 130 121 175
chair 0.0075 93 148 151 175
chair 0.0072 55 126 112 158
chair 0.0063 230 293 365 370
chair 0.0062 15 137 152 176
chair 0.0059 456 137 480 188
chair 0.0053 460 138 490 169
chair 0.0051 403 121 432 166
chair 0.0048 180 136 191 153
chair 0.0047 0 157 21 206
chair 0.0046 356 89 416 177
chair 0.0046 2 135 104 187
chair 0.0046 80 124 124 157
chair 0.0045 0 129 12 161
chair 0.0045 354 170 398 224
chair 0.0043 493 160 500 184
chair 0.0041 -1 123 52 242
chair 0.0040 469 137 499 173
chair 0.0038 193 154 256 191
chair 0.0038 192 174 241 208
chair 0.0036 468 150 500 214
chair 0.0035 418 140 490 283
chair 0.0035 395 149 460 214
chair 0.0034 28 195 94 264
chair 0.0032 491 149 500 196
chair 0.0031 194 338 259 368
chair 0.0029 389 125 412 161
chair 0.0027 154 334 325 370
chair 0.0026 23 136 144 227
chair 0.0025 30 132 53 152
chair 0.0025 358 293 402 362
chair 0.0025 48 126 58 140
chair 0.0024 94 148 152 202
chair 0.0024 354 124 365 165
chair 0.0023 472 159 500 188
chair 0.0022 357 92 456 208
chair 0.0022 466 190 500 291
chair 0.0022 409 151 464 250
chair 0.0022 130 354 283 374
chair 0.0021 64 130 101 154
chair 0.0020 127 135 240 213
chair 0.0020 378 177 440 248
chair 0.0020 373 201 402 240
chair 0.0020 30 123 52 147
chair 0.0019 493 113 500 178
chair 0.0019 181 135 208 176
chair 0.0019 438 190 472 249
chair 0.0018 326 261 379 370
chair 0.0018 357 106 367 121
chair 0.0017 235 125 252 161
chair 0.0017 462 125 501 233
chair 0.0016 409 96 446 154
chair 0.0016 360 190 393 270
chair 0.0015 136 257 304 369
chair 0.0015 315 316 346 373
chair 0.0015 0 107 27 180
diningtable 0.3207 99 164 197 234
diningtable 0.2667 94 150 152 175
diningtable 0.2105 17 136 155 251
diningtable 0.1109 15 137 152 176
diningtable 0.0986 93 148 153 202
diningtable 0.0687 53 281 125 375
diningtable 0.0685 241 149 263 200
diningtable 0.0408 99 164 195 199
diningtable 0.0400 0 286 256 370
diningtable 0.0353 100 148 152 164
diningtable 0.0279 133 131 451 378
diningtable 0.0262 86 154 159 233
diningtable 0.0212 36 315 394 370
diningtable 0.0178 113 174 200 188
diningtable 0.0167 64 145 159 165
diningtable 0.0145 11 253 419 367
diningtable 0.0135 19 261 161 369
diningtable 0.0132 19 151 101 268
diningtable 0.0126 94 166 204 184
diningtable 0.0125 203 152 266 196
diningtable 0.0123 130 259 219 361
diningtable 0.0108 63 124 111 154
diningtable 0.0107 179 131 244 213
diningtable 0.0104 134 354 268 375
diningtable 0.0097 463 136 501 262
diningtable 0.0093 493 160 500 184
diningtable 0.0086 -13 327 223 374
diningtable 0.0085 135 338 268 372
diningtable 0.0082 30 314 144 377
diningtable 0.0073 130 176 204 225
diningtable 0.0068 26 113 232 194
diningtable 0.0068 44 130 121 175
diningtable 0.0061 0 127 22 218
diningtable 0.0059 353 127 408 225
diningtable 0.0054 2 135 104 187
diningtable 0.0053 468 147 500 195
diningtable 0.0053 -4 132 111 228
diningtable 0.0052 354 142 405 183
diningtable 0.0050 53 147 147 195
diningtable 0.0048 355 168 383 175
diningtable 0.0046 491 149 500 196
diningtable 0.0042 435 152 499 254
diningtable 0.0042 354 166 370 175
diningtable 0.0041 80 124 124 157
diningtable 0.0040 353 168 403 177
diningtable 0.0038 128 348 228 367
diningtable 0.0037 114 340 143 374
diningtable 0.0035 72 146 130 178
diningtable 0.0034 355 172 404 194
diningtable 0.0034 496 150 500 175
diningtable 0.0034 84 137 203 187
diningtable 0.0033 215 136 416 218
diningtable 0.0032 92 149 130 161
diningtable 0.0032 5 94 179 219
diningtable 0.0032 354 170 398 224
diningtable 0.0030 16 127 116 158
diningtable 0.0029 43 129 137 214
diningtable 0.0029 47 125 99 162
diningtable 0.0027 357 157 400 170
diningtable 0.0025 355 165 383 178
diningtable 0.0024 355 159 370 170
diningtable 0.0023 82 118 160 172
diningtable 0.0023 223 157 247 187
diningtable 0.0023 184 107 398 257
diningtable 0.0023 90 152 132 170
diningtable 0.0022 0 130 44 234
diningtable 0.0022 113 353 398 375
diningtable 0.0021 98 340 219 371
diningtable 0.0021 227 156 243 173
diningtable 0.0021 473 166 500 196
diningtable 0.0021 191 173 242 210
diningtable 0.0021 0 142 16 203
diningtable 0.0020 39 163 133 258
diningtable 0.0019 0 156 193 369
diningtable 0.0019 336 98 422 258
diningtable 0.0018 356 154 381 173
diningtable 0.0018 19 138 103 170
diningtable 0.0016 87 126 110 155
diningtable 0.0016 125 154 172 174
diningtable 0.0015 0 280 94 375
diningtable 0.0015 106 161 149 184
diningtable 0.0015 217 143 252 186
diningtable 0.0014 366 123 455 265
diningtable 0.0014 139 98 344 197
diningtable 0.0014 207 161 243 182
diningtable 0.0013 174 294 390 370
diningtable 0.0013 24 145 245 307
diningtable 0.0013 1 135 24 169
diningtable 0.0013 0 157 24 245
diningtable 0.0013 77 292 167 371
diningtable 0.0013 495 136 500 173
diningtable 0.0013 240 96 324 199
diningtable 0.0012 143 165 210 196
diningtable 0.0012 436 173 475 250
diningtable 0.0012 249 97 408 203
diningtable 0.0012 105 158 171 188
diningtable 0.0011 353 161 372 181
diningtable 0.0010 457 185 499 274
diningtable 0.0010 120 150 156 177
diningtable 0.0010 358 147 418 198
