person 0.9842 57 353 122 443
person 0.0202 83 393 122 443
person 0.0169 323 353 329 361
person 0.0117 323 349 329 359
person 0.0098 74 413 122 451
person 0.0031 53 395 120 439
person 0.0016 78 357 142 440
person 0.0010 79 401 106 435
person 0.0010 98 416 123 442
boat 0.7847 24 431 147 464
boat 0.3694 89 5 305 431
boat 0.0823 61 359 68 365
boat 0.0192 41 358 47 362
boat 0.0158 323 353 329 361
boat 0.0130 68 413 127 452
boat 0.0118 19 359 28 363
boat 0.0065 58 370 125 447
boat 0.0059 29 358 44 362
boat 0.0056 46 359 66 364
boat 0.0032 323 349 329 359
boat 0.0028 9 359 25 363
boat 0.0020 282 356 307 361
boat 0.0016 76 435 145 463
boat 0.0015 279 345 308 360
boat 0.0014 41 408 143 463
boat 0.0014 0 358 10 364
bird 0.0225 61 359 68 365
bird 0.0096 287 92 292 96
bird 0.0056 41 358 47 362
bird 0.0015 287 94 291 99
bird 0.0014 257 165 277 174
bird 0.0012 19 359 28 363
