person 0.9952 8 0 493 376
person 0.5510 116 146 139 176
person 0.4947 0 142 14 167
person 0.2221 75 142 94 171
person 0.2185 153 149 169 177
person 0.1572 64 150 77 171
person 0.1555 34 152 49 170
person 0.1327 96 138 118 173
person 0.1049 156 148 178 177
person 0.0685 27 151 40 170
person 0.0525 131 148 147 176
person 0.0498 168 150 184 177
person 0.0494 34 257 51 275
person 0.0352 21 146 31 167
person 0.0341 0 246 11 274
person 0.0266 94 149 113 173
person 0.0251 138 149 162 177
person 0.0156 69 139 101 176
person 0.0114 79 135 135 178
person 0.0106 42 248 59 274
person 0.0089 27 257 44 275
person 0.0078 25 144 45 169
person 0.0075 47 153 56 169
person 0.0074 101 140 150 178
person 0.0069 0 257 9 275
person 0.0057 -6 83 218 354
person 0.0056 58 151 71 171
person 0.0050 0 137 12 156
person 0.0039 48 143 57 168
person 0.0033 0 226 11 256
person 0.0033 159 163 170 178
person 0.0029 3 149 20 170
person 0.0026 138 142 187 179
person 0.0025 17 250 31 274
person 0.0025 54 137 116 178
person 0.0024 162 142 190 177
person 0.0019 14 116 198 200
person 0.0019 0 88 91 349
person 0.0018 135 163 147 177
person 0.0015 16 148 35 171
person 0.0014 0 218 18 285
person 0.0013 20 137 66 174
person 0.0013 0 245 24 275
person 0.0013 53 148 76 173
person 0.0012 6 139 51 173
person 0.0012 169 146 183 166
person 0.0011 0 135 23 175
person 0.0010 77 136 89 156
person 0.0010 54 241 69 274
person 0.0010 44 151 59 171
car 0.0434 1 19 500 409
car 0.0013 75 83 355 289
car 0.0011 -1 242 68 339
bus 0.8191 -1 102 253 360
bus 0.0791 -1 -22 496 348
bus 0.0062 75 83 355 289
bus 0.0052 2 105 206 201
bus 0.0015 0 203 61 341
bus 0.0013 0 115 101 339
train 0.0010 -1 -22 496 348
bottle 0.0015 5 -25 493 353
diningtable 0.0010 6 21 498 407
tvmonitor 0.0092 1 19 500 409
