person 0.0223 145 -3 496 228
person 0.0022 438 16 500 215
person 0.0016 287 -2 502 159
person 0.0012 474 18 500 217
person 0.0010 363 11 500 227
car 0.0010 63 4 500 377
dog 0.9860 74 8 500 280
dog 0.0055 442 77 500 221
dog 0.0035 474 133 500 223
dog 0.0016 473 51 500 225
dog 0.0013 297 -6 497 296
dog 0.0011 452 147 500 218
dog 0.0010 449 111 500 281
chair 0.6736 65 5 498 377
chair 0.0564 80 9 184 186
chair 0.0428 81 -8 500 180
chair 0.0211 -2 1 67 241
chair 0.0070 120 1 177 29
chair 0.0055 288 1 500 215
chair 0.0024 65 0 198 367
chair 0.0021 72 4 275 198
chair 0.0017 52 -6 307 305
chair 0.0011 0 -2 98 370
chair 0.0010 8 -5 182 236
chair 0.0010 0 0 11 33
chair 0.0010 176 0 462 78
sofa 0.8407 65 5 498 377
sofa 0.0352 81 -7 501 178
sofa 0.0305 288 2 500 213
sofa 0.0035 306 -28 498 394
sofa 0.0030 176 0 462 78
sofa 0.0019 70 197 491 378
sofa 0.0015 289 -1 500 87
sofa 0.0014 80 9 184 186
diningtable 0.0171 -1 8 67 267
diningtable 0.0014 0 -3 98 371
