person 0.0012 -2 0 59 139
person 0.0011 0 0 51 45
bicycle 0.0014 -1 -2 344 291
bird 0.0014 0 0 51 45
bird 0.0011 134 5 371 238
cat 0.2588 117 4 383 239
cat 0.1832 -1 -2 344 291
cat 0.0324 178 -10 497 379
cat 0.0116 205 1 320 241
cat 0.0028 -2 0 59 139
cat 0.0023 0 8 112 282
cat 0.0015 0 176 501 370
sofa 0.0064 -8 -20 498 378
sofa 0.0049 -2 206 505 370
pottedplant 0.1768 -1 -2 344 291
pottedplant 0.1639 233 -10 497 371
pottedplant 0.0195 -1 179 504 371
pottedplant 0.0103 293 5 500 231
pottedplant 0.0092 0 0 109 365
pottedplant 0.0074 117 4 383 239
pottedplant 0.0049 371 5 498 356
pottedplant 0.0027 0 -10 62 324
pottedplant 0.0027 0 0 264 147
pottedplant 0.0013 -1 42 217 273
