person 0.0085 71 2 77 8
boat 0.0048 71 2 77 8
boat 0.0011 70 0 78 4
bird 0.0022 71 2 77 8
bird 0.0012 100 14 106 18
bird 0.0011 362 157 376 165
chair 0.9915 293 18 336 74
chair 0.9903 338 19 382 73
chair 0.9861 161 22 204 70
chair 0.9845 222 17 255 80
chair 0.9810 376 19 414 75
chair 0.9771 414 19 475 76
chair 0.0413 411 27 447 77
chair 0.0164 171 10 479 75
chair 0.0147 368 20 388 73
chair 0.0079 310 14 486 73
chair 0.0070 439 26 473 78
chair 0.0054 387 18 414 32
chair 0.0053 161 22 196 47
chair 0.0048 223 48 253 81
chair 0.0047 423 29 447 65
chair 0.0041 328 23 350 72
chair 0.0028 496 7 499 65
chair 0.0028 281 16 392 74
chair 0.0022 223 18 252 50
chair 0.0022 442 40 470 69
chair 0.0020 431 43 461 68
chair 0.0018 496 37 499 74
chair 0.0017 431 29 463 63
chair 0.0017 296 17 331 37
chair 0.0016 373 21 386 52
chair 0.0016 366 19 459 74
chair 0.0015 371 33 384 74
chair 0.0015 343 18 377 34
chair 0.0015 455 20 473 73
chair 0.0014 41 15 389 76
chair 0.0010 327 34 342 74
chair 0.0010 343 21 377 49
chair 0.0010 190 29 205 63
diningtable 0.0040 416 20 473 84
diningtable 0.0036 372 19 413 75
diningtable 0.0028 295 19 342 74
diningtable 0.0017 339 19 381 74
diningtable 0.0017 368 20 388 73
