person 0.1756 95 183 139 244
person 0.0281 410 12 462 155
person 0.0166 416 34 457 120
person 0.0063 415 47 442 109
person 0.0061 424 50 448 119
person 0.0051 42 0 82 17
person 0.0041 431 49 444 104
person 0.0035 414 51 426 83
person 0.0034 19 1 79 40
person 0.0027 433 41 460 111
person 0.0023 8 0 83 22
person 0.0023 446 54 461 97
person 0.0011 434 48 444 86
person 0.0010 210 185 226 245
person 0.0010 172 209 190 227
cat 0.0010 410 12 462 155
bottle 0.5737 211 183 225 239
bottle 0.0212 66 79 78 98
bottle 0.0195 0 28 7 46
bottle 0.0190 0 33 7 61
bottle 0.0175 172 209 190 227
bottle 0.0133 34 33 49 65
bottle 0.0128 15 29 30 44
bottle 0.0108 5 35 20 58
bottle 0.0101 54 34 68 62
bottle 0.0091 54 46 70 69
bottle 0.0090 47 39 60 59
bottle 0.0086 211 214 225 247
bottle 0.0075 17 47 29 64
bottle 0.0074 0 36 9 77
bottle 0.0074 16 38 30 59
bottle 0.0074 55 25 67 51
bottle 0.0074 0 0 7 24
bottle 0.0066 4 29 23 46
bottle 0.0062 37 30 48 45
bottle 0.0061 17 56 28 80
bottle 0.0056 0 9 6 25
bottle 0.0054 222 222 233 244
bottle 0.0051 0 20 7 41
bottle 0.0051 0 53 12 83
bottle 0.0049 31 35 41 61
bottle 0.0046 45 29 61 48
bottle 0.0043 61 77 69 98
bottle 0.0040 55 17 69 40
bottle 0.0040 48 44 60 67
bottle 0.0039 150 184 169 204
bottle 0.0038 59 58 70 75
bottle 0.0036 3 55 22 82
bottle 0.0035 64 38 77 60
bottle 0.0034 63 48 77 68
bottle 0.0034 2 31 25 62
bottle 0.0034 26 32 45 64
bottle 0.0033 31 44 41 69
bottle 0.0033 17 64 28 87
bottle 0.0033 211 233 224 249
bottle 0.0032 33 57 49 78
bottle 0.0031 217 196 233 245
bottle 0.0031 0 66 12 87
bottle 0.0029 14 50 31 85
bottle 0.0029 31 30 40 46
bottle 0.0028 219 230 228 247
bottle 0.0028 1 0 86 127
bottle 0.0025 67 80 80 108
bottle 0.0023 30 57 41 78
bottle 0.0023 3 43 22 69
bottle 0.0023 40 12 63 44
bottle 0.0023 11 30 34 63
bottle 0.0022 304 233 314 246
bottle 0.0021 16 7 30 28
bottle 0.0021 2 62 24 89
bottle 0.0021 64 70 77 83
bottle 0.0020 0 120 8 135
bottle 0.0020 36 14 52 40
bottle 0.0020 43 40 64 72
bottle 0.0019 204 236 213 249
bottle 0.0018 34 67 49 84
bottle 0.0018 63 60 77 72
bottle 0.0017 60 67 69 84
bottle 0.0016 27 218 43 247
bottle 0.0016 64 73 81 101
bottle 0.0015 62 31 79 66
bottle 0.0014 0 27 30 50
bottle 0.0014 0 29 13 65
bottle 0.0014 66 17 78 39
bottle 0.0014 66 21 77 53
bottle 0.0014 1 0 26 22
bottle 0.0014 35 218 45 243
bottle 0.0013 50 20 71 56
bottle 0.0012 0 11 9 47
bottle 0.0012 0 78 7 90
bottle 0.0012 34 26 52 51
bottle 0.0012 -1 6 105 370
bottle 0.0012 23 53 46 81
bottle 0.0012 30 215 39 228
bottle 0.0011 0 21 24 99
bottle 0.0011 18 94 26 134
bottle 0.0011 173 206 195 222
bottle 0.0011 17 33 52 80
bottle 0.0010 213 184 223 201
bottle 0.0010 12 1 33 18
chair 0.9879 227 247 355 375
chair 0.4827 90 243 196 375
chair 0.0347 0 290 29 374
chair 0.0157 158 247 290 375
chair 0.0102 1 271 61 358
chair 0.0076 0 298 27 335
chair 0.0068 0 334 30 374
chair 0.0064 95 245 145 370
chair 0.0046 0 245 26 349
chair 0.0045 29 304 66 357
chair 0.0040 3 244 91 373
chair 0.0037 27 285 67 340
chair 0.0034 181 260 237 372
chair 0.0032 157 232 201 248
chair 0.0030 0 322 27 350
chair 0.0029 84 235 366 359
chair 0.0027 103 303 191 372
chair 0.0022 246 250 349 297
chair 0.0022 34 240 170 373
chair 0.0021 95 183 139 244
chair 0.0019 153 220 216 249
chair 0.0015 127 233 154 247
chair 0.0015 104 233 130 245
chair 0.0013 311 293 348 319
chair 0.0010 0 290 46 343
chair 0.0010 195 335 232 371
sofa 0.0014 90 243 196 375
pottedplant 0.0017 171 209 190 227
pottedplant 0.0012 0 0 90 156
diningtable 0.0164 155 242 341 374
diningtable 0.0126 91 234 198 364
diningtable 0.0043 153 220 216 249
diningtable 0.0040 3 244 91 373
diningtable 0.0023 218 238 295 255
diningtable 0.0014 157 232 201 248
diningtable 0.0014 76 222 351 311
diningtable 0.0012 156 222 202 240
diningtable 0.0010 142 238 343 257
diningtable 0.0010 52 196 367 251
diningtable 0.0010 127 233 154 247
tvmonitor 0.9638 233 190 289 236
tvmonitor 0.0658 408 10 469 158
tvmonitor 0.0037 339 285 401 370
