person 0.9877 10 97 267 497
person 0.0012 223 494 236 500
cat 0.0065 254 391 295 439
dog 0.0014 253 394 297 439
horse 0.0067 253 394 297 439
bottle 0.0373 223 494 236 500
bottle 0.0152 230 492 248 500
bottle 0.0098 259 486 276 501
bottle 0.0097 246 490 265 500
bottle 0.0026 258 183 278 216
bottle 0.0021 7 99 305 496
bottle 0.0018 306 185 324 209
bottle 0.0013 210 494 232 500
bottle 0.0013 96 215 147 256
bottle 0.0012 277 454 305 500
bottle 0.0011 242 488 275 500
chair 0.0015 223 494 236 500
chair 0.0011 253 394 297 439
chair 0.0010 4 410 42 498
sofa 0.0012 12 476 337 500
pottedplant 0.3070 293 145 332 209
pottedplant 0.0093 4 411 42 498
pottedplant 0.0047 305 175 326 204
pottedplant 0.0028 254 391 295 439
pottedplant 0.0025 223 494 236 500
pottedplant 0.0023 264 140 332 213
pottedplant 0.0010 230 492 248 500
diningtable 0.0033 12 476 337 500
diningtable 0.0019 16 443 331 500
diningtable 0.0014 9 121 268 501
