person 0.9548 206 155 376 235
person 0.0515 180 170 394 290
person 0.0128 482 140 500 331
person 0.0064 490 148 500 293
person 0.0061 478 239 500 318
person 0.0060 203 173 316 228
person 0.0026 73 130 141 191
person 0.0018 473 52 500 304
person 0.0017 98 129 415 246
person 0.0015 484 236 501 378
person 0.0013 175 93 379 221
person 0.0010 287 157 380 228
chair 0.9724 245 116 284 166
chair 0.9438 416 127 479 216
chair 0.8382 186 131 224 196
chair 0.7174 302 120 337 162
chair 0.5348 368 115 406 132
chair 0.5203 310 118 331 153
chair 0.4932 280 124 301 163
chair 0.4495 344 120 405 203
chair 0.4036 287 123 315 162
chair 0.3569 180 168 395 291
chair 0.3001 -1 186 56 360
chair 0.2842 406 118 467 170
chair 0.2551 297 121 323 162
chair 0.0907 332 119 413 156
chair 0.0689 368 116 409 156
chair 0.0576 389 115 406 132
chair 0.0536 370 114 408 196
chair 0.0324 259 114 274 140
chair 0.0309 380 122 417 203
chair 0.0289 187 161 224 201
chair 0.0217 276 112 360 169
chair 0.0193 419 146 453 162
chair 0.0183 404 123 457 202
chair 0.0181 195 114 384 177
chair 0.0160 245 118 263 165
chair 0.0147 349 131 391 155
chair 0.0147 309 118 351 155
chair 0.0139 189 162 223 183
chair 0.0137 454 123 477 161
chair 0.0134 382 120 415 148
chair 0.0131 376 119 420 167
chair 0.0119 200 152 381 237
chair 0.0114 331 116 409 138
chair 0.0112 395 130 421 144
chair 0.0110 276 123 295 149
chair 0.0107 296 129 343 173
chair 0.0079 306 125 363 180
chair 0.0078 321 125 362 161
chair 0.0077 449 116 463 154
chair 0.0076 325 129 398 175
chair 0.0076 363 117 381 133
chair 0.0075 371 112 404 124
chair 0.0072 190 152 221 178
chair 0.0068 0 53 55 341
chair 0.0067 325 124 396 147
chair 0.0065 443 122 470 164
chair 0.0062 358 120 401 146
chair 0.0058 455 124 480 197
chair 0.0057 136 105 440 214
chair 0.0053 353 117 471 161
chair 0.0053 376 125 402 159
chair 0.0052 315 124 419 216
chair 0.0052 464 125 482 163
chair 0.0051 6 177 116 278
chair 0.0050 239 108 314 170
chair 0.0048 419 167 474 215
chair 0.0048 347 129 392 143
chair 0.0046 188 171 201 195
chair 0.0045 249 140 284 165
chair 0.0042 186 155 207 209
chair 0.0039 447 108 460 144
chair 0.0038 186 131 194 162
chair 0.0038 313 117 326 135
chair 0.0037 186 128 226 165
chair 0.0035 400 147 426 202
chair 0.0034 186 129 201 164
chair 0.0033 369 111 389 124
chair 0.0031 364 139 394 166
chair 0.0029 492 123 500 261
chair 0.0029 377 135 400 171
chair 0.0028 145 133 272 237
chair 0.0028 60 117 369 194
chair 0.0026 420 133 454 156
chair 0.0026 477 238 501 318
chair 0.0025 436 123 475 181
chair 0.0024 387 135 409 171
chair 0.0023 363 112 415 140
chair 0.0023 308 117 320 132
chair 0.0022 296 120 311 131
chair 0.0022 184 150 224 235
chair 0.0022 421 149 452 174
chair 0.0021 276 118 397 194
chair 0.0021 278 122 289 132
chair 0.0020 185 132 248 213
chair 0.0020 362 155 398 207
chair 0.0019 392 113 405 122
chair 0.0018 266 122 333 183
chair 0.0018 485 192 500 328
chair 0.0017 354 147 386 178
chair 0.0016 189 178 198 200
chair 0.0015 467 124 480 146
chair 0.0015 0 168 113 359
chair 0.0014 430 159 463 186
chair 0.0014 364 109 380 124
chair 0.0013 368 157 392 188
chair 0.0013 447 137 467 169
chair 0.0013 336 138 388 187
chair 0.0012 379 150 399 195
chair 0.0010 347 136 375 165
sofa 0.7954 180 168 395 291
sofa 0.3284 -1 186 56 360
sofa 0.0214 195 160 375 234
sofa 0.0039 0 53 55 341
sofa 0.0025 478 239 500 318
sofa 0.0022 0 172 112 356
sofa 0.0018 413 124 477 217
sofa 0.0015 487 160 500 320
diningtable 0.4574 321 118 416 201
diningtable 0.2713 330 119 414 156
diningtable 0.1192 324 125 398 146
diningtable 0.0263 347 136 403 205
diningtable 0.0247 307 120 354 161
diningtable 0.0247 395 130 421 143
diningtable 0.0247 347 129 392 143
diningtable 0.0233 403 124 476 216
diningtable 0.0227 324 126 375 159
diningtable 0.0210 368 116 409 156
diningtable 0.0181 318 123 368 148
diningtable 0.0175 350 116 406 174
diningtable 0.0147 349 131 391 155
diningtable 0.0123 387 120 432 201
diningtable 0.0103 216 113 432 189
diningtable 0.0092 331 116 409 138
diningtable 0.0089 249 113 477 241
diningtable 0.0088 382 120 415 148
diningtable 0.0087 252 114 292 165
diningtable 0.0086 287 123 315 162
diningtable 0.0084 325 129 398 175
diningtable 0.0079 277 123 296 164
diningtable 0.0076 376 119 420 167
diningtable 0.0062 393 132 422 151
diningtable 0.0062 302 124 370 181
diningtable 0.0058 369 137 414 205
diningtable 0.0044 6 177 116 278
diningtable 0.0039 368 115 406 132
diningtable 0.0031 353 117 471 161
diningtable 0.0029 297 122 324 163
diningtable 0.0026 226 149 403 231
diningtable 0.0025 295 129 345 173
diningtable 0.0025 400 147 426 202
diningtable 0.0021 358 120 401 146
diningtable 0.0019 315 127 346 158
diningtable 0.0018 297 111 421 141
diningtable 0.0017 276 112 360 169
diningtable 0.0017 244 122 354 188
diningtable 0.0015 310 118 331 153
diningtable 0.0013 324 134 356 167
tvmonitor 0.9918 67 128 140 191
tvmonitor 0.0025 33 175 70 191
tvmonitor 0.0023 58 124 142 236
tvmonitor 0.0013 85 145 118 179
tvmonitor 0.0010 0 0 22 24
