person 0.9975 208 205 281 371
person 0.9942 161 245 190 305
person 0.9871 365 198 420 341
person 0.9705 472 228 500 295
person 0.9466 428 251 442 288
person 0.9289 41 258 56 293
person 0.9025 20 260 33 290
person 0.8561 442 255 457 287
person 0.7712 12 255 22 288
person 0.6492 409 253 421 288
person 0.5334 363 248 379 289
person 0.3262 318 260 326 280
person 0.2343 324 262 333 280
person 0.1716 380 226 417 313
person 0.1467 268 261 278 279
person 0.0670 363 230 386 317
person 0.0451 401 260 418 291
person 0.0385 208 273 222 327
person 0.0345 298 273 304 281
person 0.0293 494 237 500 263
person 0.0265 90 222 484 317
person 0.0187 24 256 36 287
person 0.0164 496 227 499 254
person 0.0163 130 198 370 357
person 0.0160 394 222 423 320
person 0.0154 180 251 188 283
person 0.0128 181 252 187 266
person 0.0116 369 253 416 331
person 0.0115 494 255 500 280
person 0.0113 302 211 449 331
person 0.0107 263 262 270 280
person 0.0103 394 254 418 332
person 0.0098 134 271 145 283
person 0.0095 368 255 386 302
person 0.0095 493 247 500 273
person 0.0069 321 268 328 282
person 0.0068 492 237 500 283
person 0.0065 425 254 437 285
person 0.0064 113 257 125 281
person 0.0061 396 244 417 275
person 0.0060 451 253 461 270
person 0.0058 493 262 499 294
person 0.0054 320 259 337 282
person 0.0053 369 252 383 287
person 0.0052 1 237 339 302
person 0.0052 442 254 454 267
person 0.0050 359 243 401 335
person 0.0050 193 244 441 299
person 0.0049 472 228 498 256
person 0.0047 429 252 442 271
person 0.0046 261 267 269 287
person 0.0045 48 21 462 358
person 0.0042 134 260 145 282
person 0.0041 391 224 496 314
person 0.0039 108 260 115 281
person 0.0039 396 261 407 280
person 0.0037 267 270 275 281
person 0.0036 474 260 497 295
person 0.0035 0 256 6 285
person 0.0035 494 216 500 268
person 0.0033 126 254 133 268
person 0.0032 161 252 177 286
person 0.0032 10 253 44 296
person 0.0032 201 273 208 281
person 0.0030 18 255 26 267
person 0.0029 230 230 501 355
person 0.0029 425 248 471 293
person 0.0029 402 274 417 299
person 0.0027 170 246 185 276
person 0.0027 117 250 125 272
person 0.0027 410 252 420 271
person 0.0026 474 226 501 354
person 0.0026 371 249 381 270
person 0.0026 473 240 498 262
person 0.0025 382 236 415 282
person 0.0023 439 223 511 294
person 0.0022 46 256 55 266
person 0.0021 187 273 205 281
person 0.0021 469 234 486 285
person 0.0021 0 268 5 286
person 0.0021 259 259 270 297
person 0.0020 319 250 326 273
person 0.0020 471 241 482 260
person 0.0019 363 237 395 286
person 0.0019 366 278 378 294
person 0.0019 261 256 272 284
person 0.0018 422 272 428 282
person 0.0018 370 271 383 289
person 0.0017 175 248 184 272
person 0.0016 185 273 192 282
person 0.0016 208 236 223 322
person 0.0016 270 246 279 276
person 0.0016 114 271 129 282
person 0.0015 283 217 382 283
person 0.0015 255 278 268 299
person 0.0015 471 246 481 272
person 0.0014 257 282 266 296
person 0.0013 204 267 236 325
person 0.0013 -20 186 451 354
person 0.0012 362 253 382 339
bicycle 0.0239 268 261 278 279
bicycle 0.0171 476 264 494 293
bicycle 0.0083 478 276 492 296
bicycle 0.0061 318 260 326 280
bicycle 0.0045 180 251 188 283
bicycle 0.0030 321 268 328 282
bicycle 0.0029 324 262 333 280
bicycle 0.0029 493 262 499 294
bicycle 0.0024 492 278 500 297
bicycle 0.0018 267 270 275 281
bicycle 0.0018 12 258 22 291
bicycle 0.0016 409 261 420 290
bicycle 0.0014 185 273 192 282
bicycle 0.0013 186 257 208 282
bicycle 0.0012 471 262 478 276
bicycle 0.0011 298 273 304 281
bicycle 0.0011 187 273 205 281
bicycle 0.0011 473 270 482 283
bicycle 0.0011 20 259 33 291
bicycle 0.0010 446 256 461 283
bicycle 0.0010 365 259 379 293
car 0.0306 187 273 205 281
car 0.0111 185 273 192 282
car 0.0075 365 199 417 339
car 0.0064 201 273 208 281
car 0.0046 186 269 208 283
car 0.0030 494 255 500 280
car 0.0022 370 225 410 294
car 0.0015 471 230 500 294
car 0.0013 471 262 478 276
car 0.0013 460 263 472 277
car 0.0012 493 247 500 273
car 0.0011 115 270 140 283
car 0.0011 381 234 416 284
motorbike 0.0027 268 261 278 279
motorbike 0.0013 363 248 379 289
motorbike 0.0011 318 260 326 280
motorbike 0.0011 324 262 333 280
bus 0.0010 365 199 417 339
bird 0.0023 298 273 304 281
bottle 0.0139 249 283 262 297
bottle 0.0054 209 287 222 328
bottle 0.0051 237 277 250 300
bottle 0.0049 257 282 266 296
bottle 0.0037 250 288 259 301
pottedplant 0.0153 186 257 208 282
pottedplant 0.0102 261 223 283 278
pottedplant 0.0075 314 214 333 268
pottedplant 0.0043 187 273 205 281
pottedplant 0.0031 319 250 326 273
pottedplant 0.0031 180 251 188 283
pottedplant 0.0030 318 260 326 280
pottedplant 0.0028 270 246 279 276
pottedplant 0.0027 268 261 278 279
pottedplant 0.0023 324 262 333 280
pottedplant 0.0019 289 216 353 282
pottedplant 0.0019 199 255 210 282
pottedplant 0.0017 267 238 279 281
pottedplant 0.0017 182 251 216 290
pottedplant 0.0017 316 214 331 248
pottedplant 0.0015 186 269 208 283
pottedplant 0.0012 201 273 208 281
