person 0.9824 332 185 489 499
person 0.9624 77 155 243 501
person 0.9514 2 134 127 497
person 0.9112 248 166 390 502
person 0.8395 216 162 297 504
person 0.6037 378 143 475 305
person 0.2706 330 151 388 259
person 0.2389 206 153 304 354
person 0.1301 476 195 495 360
person 0.1006 218 122 303 179
person 0.0471 380 145 439 187
person 0.0399 476 166 493 282
person 0.0255 434 149 494 281
person 0.0244 1 158 43 284
person 0.0154 480 181 496 491
person 0.0137 149 118 291 205
person 0.0113 109 95 392 333
person 0.0112 139 129 226 191
person 0.0111 129 124 302 287
person 0.0097 112 146 241 272
person 0.0091 104 143 381 514
person 0.0078 331 153 379 179
person 0.0069 381 155 493 421
person 0.0067 2 378 168 500
person 0.0058 196 190 238 290
person 0.0054 446 174 494 380
person 0.0053 268 146 400 279
person 0.0052 333 154 394 213
person 0.0051 484 212 496 373
person 0.0049 417 166 476 313
person 0.0048 0 138 113 287
person 0.0044 0 143 48 417
person 0.0042 311 151 414 325
person 0.0041 482 180 496 310
person 0.0040 151 148 283 523
person 0.0038 109 189 128 257
person 0.0037 202 104 436 485
person 0.0035 392 125 480 229
person 0.0035 315 81 487 256
person 0.0034 470 139 496 307
person 0.0033 360 307 497 499
person 0.0027 42 69 448 434
person 0.0025 170 139 264 302
person 0.0022 46 105 290 401
person 0.0022 472 201 492 308
person 0.0021 436 180 495 525
person 0.0020 435 132 489 222
person 0.0020 212 114 304 255
person 0.0020 -11 356 253 511
person 0.0019 326 175 464 305
person 0.0019 484 146 496 267
person 0.0018 325 166 370 283
person 0.0017 489 250 496 392
person 0.0016 263 119 469 367
person 0.0016 209 148 349 428
person 0.0015 184 78 361 200
person 0.0015 22 0 477 177
person 0.0014 477 185 491 249
person 0.0013 32 135 231 281
person 0.0013 478 114 496 256
person 0.0011 378 147 449 225
person 0.0011 477 216 491 291
person 0.0010 484 220 495 288
person 0.0010 65 45 373 222
person 0.0010 201 173 227 278
car 0.0044 73 95 414 483
car 0.0020 208 148 303 422
aeroplane 0.0024 73 95 414 483
aeroplane 0.0018 208 148 303 422
bus 0.0101 42 69 448 434
bus 0.0081 206 153 304 354
bus 0.0017 217 162 297 504
train 0.0060 42 69 448 434
train 0.0025 206 153 304 354
train 0.0013 217 162 297 504
train 0.0010 104 143 381 514
boat 0.0310 42 69 448 434
boat 0.0217 206 153 304 354
boat 0.0069 109 95 392 333
boat 0.0021 78 136 246 460
bottle 0.0010 351 454 382 500
chair 0.0162 143 128 225 189
chair 0.0030 139 122 305 199
chair 0.0025 218 122 303 179
sofa 0.0015 -5 54 498 373
sofa 0.0011 73 95 414 483
pottedplant 0.0033 100 0 486 173
tvmonitor 0.0031 42 69 448 434
tvmonitor 0.0020 206 153 304 354
