person 0.9961 80 158 130 275
person 0.0181 47 175 52 188
person 0.0147 0 153 5 213
person 0.0092 28 176 33 187
person 0.0051 11 169 18 181
person 0.0049 0 100 14 128
person 0.0047 46 161 53 188
person 0.0028 0 145 7 185
person 0.0023 25 115 39 132
person 0.0019 0 85 9 202
person 0.0018 0 96 12 117
person 0.0018 0 185 5 214
person 0.0015 27 159 34 188
person 0.0015 0 134 14 221
person 0.0015 370 179 386 190
person 0.0011 0 75 4 97
person 0.0010 81 213 94 255
bicycle 0.0026 81 213 94 255
car 0.0013 0 155 6 187
train 0.0014 0 149 5 216
train 0.0011 0 92 14 218
train 0.0011 -9 55 497 250
bird 0.0014 103 15 117 25
bird 0.0010 230 215 238 222
dog 0.0015 0 185 5 214
