person 0.0557 102 1 116 22
person 0.0209 94 1 112 22
person 0.0096 110 1 126 21
person 0.0083 2 0 42 24
person 0.0053 0 0 7 36
person 0.0052 121 1 141 20
person 0.0051 95 8 110 23
person 0.0040 125 0 151 21
person 0.0039 98 4 120 26
person 0.0023 139 0 154 20
person 0.0022 0 -2 9 59
person 0.0020 111 5 129 27
person 0.0015 -1 -2 69 56
motorbike 0.0010 247 118 396 365
bird 0.0016 41 100 46 109
bird 0.0011 0 97 3 131
cow 0.9920 69 71 202 147
cow 0.9765 246 129 399 371
cow 0.0016 125 0 152 21
cow 0.0010 121 1 141 20
chair 0.0092 -1 -2 69 56
chair 0.0023 0 22 61 56
chair 0.0018 102 1 116 22
chair 0.0018 121 1 141 20
chair 0.0017 40 0 62 14
chair 0.0017 2 -4 43 26
chair 0.0013 114 2 147 30
chair 0.0013 42 0 81 15
chair 0.0013 110 1 126 21
chair 0.0012 125 0 151 21
chair 0.0011 0 0 7 36
pottedplant 0.0478 136 42 173 71
