person 0.9760 371 204 404 292
person 0.9019 312 208 329 254
person 0.5542 335 210 344 235
person 0.5274 344 210 355 235
person 0.2300 443 225 466 275
person 0.2000 328 214 340 234
person 0.0613 443 226 454 254
person 0.0542 351 220 370 244
person 0.0446 361 216 375 246
person 0.0359 308 208 323 252
person 0.0237 352 210 366 235
person 0.0220 61 208 97 261
person 0.0186 367 214 395 266
person 0.0151 371 213 390 251
person 0.0150 197 221 211 237
person 0.0119 63 210 95 234
person 0.0096 444 224 454 242
person 0.0068 335 206 345 220
person 0.0064 347 211 374 251
person 0.0062 389 215 405 264
person 0.0062 308 211 320 233
person 0.0060 496 217 499 243
person 0.0051 374 205 387 241
person 0.0046 383 209 410 286
person 0.0046 329 211 351 242
person 0.0045 358 200 384 244
person 0.0041 439 244 459 277
person 0.0040 325 206 336 220
person 0.0039 408 203 446 298
person 0.0038 360 226 379 252
person 0.0030 375 212 401 251
person 0.0030 19 217 64 270
person 0.0029 494 201 499 279
person 0.0029 448 224 459 242
person 0.0028 363 196 374 228
person 0.0025 495 219 499 259
person 0.0025 317 210 348 251
person 0.0022 383 201 397 219
person 0.0021 401 213 412 247
person 0.0020 380 205 386 219
person 0.0017 359 205 446 302
person 0.0016 190 220 208 238
person 0.0016 335 197 344 209
person 0.0016 348 232 359 246
person 0.0016 399 209 414 271
person 0.0015 306 208 319 218
person 0.0015 52 205 93 240
person 0.0013 415 214 460 288
person 0.0013 389 207 407 236
person 0.0013 496 206 499 238
person 0.0013 338 200 377 242
person 0.0013 351 195 369 230
person 0.0012 334 201 415 299
person 0.0011 368 196 414 250
person 0.0011 344 202 357 224
bicycle 0.0037 351 220 370 244
bicycle 0.0032 445 240 466 278
bicycle 0.0016 313 220 327 255
bicycle 0.0014 439 246 458 275
bicycle 0.0013 345 214 356 241
train 0.9393 -2 65 333 380
train 0.0137 451 128 499 301
train 0.0014 479 138 500 293
train 0.0011 494 156 499 264
dog 0.0011 350 228 368 248
chair 0.2590 22 227 60 273
chair 0.0459 54 231 94 265
chair 0.0024 439 246 458 275
chair 0.0023 445 240 466 278
chair 0.0019 27 218 98 265
pottedplant 0.0028 352 210 366 235
pottedplant 0.0019 341 202 374 241
pottedplant 0.0017 351 195 369 230
pottedplant 0.0014 335 206 345 220
pottedplant 0.0013 443 225 465 278
pottedplant 0.0010 344 210 355 235
tvmonitor 0.0010 483 2 500 76
