person 0.9776 234 247 288 325
person 0.9766 367 239 428 323
person 0.2771 353 266 442 333
person 0.0893 216 267 298 334
person 0.0034 493 219 500 339
person 0.0022 195 237 313 323
person 0.0020 226 255 265 321
bicycle 0.9803 351 282 444 333
bicycle 0.9501 212 282 305 331
bicycle 0.3248 490 275 500 339
bicycle 0.3053 225 249 291 328
bicycle 0.2616 358 246 435 328
bicycle 0.0407 491 300 500 350
bicycle 0.0141 488 291 500 365
bicycle 0.0102 217 267 268 327
bicycle 0.0048 213 284 255 329
bicycle 0.0045 492 253 500 325
bicycle 0.0039 476 296 499 337
bicycle 0.0031 235 282 256 313
bicycle 0.0026 474 270 500 347
bicycle 0.0018 228 278 242 292
bicycle 0.0018 164 263 386 337
bicycle 0.0018 380 276 433 322
bicycle 0.0016 265 294 283 319
bicycle 0.0015 487 220 500 331
bicycle 0.0014 399 288 418 309
bicycle 0.0012 227 275 245 298
bicycle 0.0011 385 294 411 318
bicycle 0.0011 396 296 418 317
bicycle 0.0010 320 234 482 357
car 0.0011 490 276 500 338
motorbike 0.0037 216 267 298 334
motorbike 0.0016 353 266 442 333
bird 0.0010 58 75 64 81
chair 0.0020 356 261 440 334
