person 0.9422 218 151 276 279
person 0.9362 308 133 387 299
person 0.6785 166 163 225 341
person 0.6762 0 115 24 140
person 0.1456 168 168 222 254
person 0.0427 264 170 279 191
person 0.0346 284 88 298 103
person 0.0292 0 112 24 194
person 0.0238 0 119 11 144
person 0.0231 265 171 292 218
person 0.0123 171 63 184 75
person 0.0103 236 51 258 83
person 0.0098 280 86 302 107
person 0.0081 272 195 332 268
person 0.0069 274 93 308 123
person 0.0061 302 189 337 247
person 0.0059 220 153 272 215
person 0.0052 224 65 240 87
person 0.0045 495 38 499 60
person 0.0043 44 39 58 62
person 0.0041 245 50 258 70
person 0.0032 289 197 354 283
person 0.0028 168 62 174 74
person 0.0025 0 110 12 196
person 0.0023 493 35 500 120
person 0.0023 271 87 296 106
person 0.0022 174 120 186 150
person 0.0021 0 125 7 160
person 0.0019 174 110 185 138
person 0.0019 267 51 278 68
person 0.0019 228 52 267 98
person 0.0019 267 53 279 81
person 0.0016 0 93 8 136
person 0.0016 494 35 499 81
person 0.0015 158 217 217 302
person 0.0015 152 214 179 245
person 0.0015 82 55 422 315
person 0.0015 0 74 24 140
person 0.0014 217 205 291 317
person 0.0014 164 244 229 353
person 0.0014 289 193 333 231
person 0.0013 269 174 314 216
person 0.0013 140 218 175 292
person 0.0012 262 178 302 250
person 0.0012 0 137 6 207
person 0.0012 149 214 183 265
person 0.0012 256 159 277 203
person 0.0012 312 191 346 270
person 0.0012 95 131 268 264
person 0.0011 218 171 253 269
person 0.0011 299 170 337 223
person 0.0010 175 122 196 150
bicycle 0.9411 221 219 291 319
bicycle 0.9391 160 241 231 353
bicycle 0.8697 289 222 414 325
bicycle 0.1282 217 216 260 289
bicycle 0.0480 143 244 175 294
bicycle 0.0435 273 204 328 270
bicycle 0.0395 213 225 242 281
bicycle 0.0389 218 167 272 297
bicycle 0.0372 167 165 225 338
bicycle 0.0320 299 149 386 311
bicycle 0.0255 125 212 174 289
bicycle 0.0170 224 220 282 279
bicycle 0.0154 352 266 409 323
bicycle 0.0144 219 207 249 274
bicycle 0.0128 242 255 289 320
bicycle 0.0120 214 255 239 283
bicycle 0.0119 218 202 235 241
bicycle 0.0112 278 219 356 290
bicycle 0.0076 175 148 204 179
bicycle 0.0074 262 216 299 291
bicycle 0.0072 170 281 224 350
bicycle 0.0069 158 257 178 300
bicycle 0.0063 236 242 253 275
bicycle 0.0063 171 131 209 179
bicycle 0.0057 227 233 243 266
bicycle 0.0054 234 233 255 267
bicycle 0.0053 275 233 308 269
bicycle 0.0051 365 229 413 323
bicycle 0.0050 150 239 204 298
bicycle 0.0050 215 249 254 286
bicycle 0.0046 145 225 188 293
bicycle 0.0044 159 254 196 303
bicycle 0.0039 291 224 330 274
bicycle 0.0038 270 209 298 264
bicycle 0.0035 219 213 237 265
bicycle 0.0033 256 179 335 288
bicycle 0.0033 220 218 374 323
bicycle 0.0031 200 245 228 272
bicycle 0.0031 235 207 315 307
bicycle 0.0028 244 250 263 287
bicycle 0.0028 166 264 187 292
bicycle 0.0027 288 222 394 278
bicycle 0.0026 167 240 226 297
bicycle 0.0025 244 227 264 252
bicycle 0.0025 140 198 435 333
bicycle 0.0025 138 214 175 244
bicycle 0.0024 275 242 295 271
bicycle 0.0023 165 246 210 331
bicycle 0.0021 354 225 400 278
bicycle 0.0020 205 242 245 293
bicycle 0.0020 233 224 258 257
bicycle 0.0020 300 200 343 280
bicycle 0.0020 286 236 318 264
bicycle 0.0017 301 238 323 262
bicycle 0.0017 222 239 247 278
bicycle 0.0017 10 67 410 314
bicycle 0.0017 181 154 209 189
bicycle 0.0016 155 197 293 345
bicycle 0.0016 183 202 267 302
bicycle 0.0016 242 232 264 267
bicycle 0.0015 283 242 339 293
bicycle 0.0015 270 194 317 249
bicycle 0.0014 252 223 278 256
bicycle 0.0013 154 216 178 244
bicycle 0.0012 284 188 337 255
bicycle 0.0011 177 271 196 304
bicycle 0.0011 137 249 196 335
bicycle 0.0011 146 212 170 230
bicycle 0.0011 196 229 235 272
bicycle 0.0010 280 244 304 270
bicycle 0.0010 251 260 277 295
car 0.0019 322 58 336 73
car 0.0017 125 215 173 289
car 0.0013 154 167 224 334
car 0.0012 318 58 331 73
car 0.0012 270 193 326 242
motorbike 0.2238 125 212 174 289
motorbike 0.1409 166 254 227 357
motorbike 0.0393 143 244 175 294
motorbike 0.0167 154 167 224 334
motorbike 0.0093 273 204 328 270
motorbike 0.0074 143 212 173 262
motorbike 0.0052 221 219 291 319
motorbike 0.0030 145 225 188 293
motorbike 0.0028 137 239 163 278
motorbike 0.0017 129 214 171 243
motorbike 0.0015 128 232 148 265
motorbike 0.0015 125 217 153 265
motorbike 0.0014 122 180 194 299
motorbike 0.0012 218 202 235 241
motorbike 0.0010 216 215 274 286
bird 0.0026 99 37 109 54
bird 0.0010 465 45 469 52
bottle 0.0507 335 258 348 281
bottle 0.0370 330 251 352 287
bottle 0.0354 318 246 346 293
bottle 0.0285 325 247 338 272
bottle 0.0252 326 251 340 286
bottle 0.0204 320 245 342 275
bottle 0.0195 323 256 341 301
bottle 0.0136 311 240 351 280
bottle 0.0117 342 259 354 278
bottle 0.0110 335 263 346 289
bottle 0.0091 325 254 356 300
bottle 0.0089 295 234 386 285
bottle 0.0060 311 251 370 303
bottle 0.0030 293 241 350 296
bottle 0.0027 340 249 359 273
bottle 0.0025 317 274 331 301
bottle 0.0023 263 223 419 328
bottle 0.0017 324 238 338 264
bottle 0.0017 302 257 343 299
bottle 0.0017 313 244 333 273
bottle 0.0010 314 264 334 296
chair 0.7323 206 88 229 124
chair 0.7160 274 93 308 122
chair 0.0630 172 91 185 118
chair 0.0432 378 102 396 126
chair 0.0345 208 87 221 107
chair 0.0274 271 87 296 106
chair 0.0260 175 134 212 181
chair 0.0211 290 95 310 120
chair 0.0211 216 87 235 103
chair 0.0154 284 88 298 103
chair 0.0148 216 100 233 125
chair 0.0148 267 88 283 104
chair 0.0127 199 84 210 109
chair 0.0124 265 94 283 117
chair 0.0075 382 99 414 132
chair 0.0070 201 91 214 117
chair 0.0065 264 104 279 123
chair 0.0062 174 120 186 150
chair 0.0059 227 87 242 102
chair 0.0053 300 107 321 125
chair 0.0053 175 148 204 179
chair 0.0051 224 65 240 87
chair 0.0048 386 111 410 135
chair 0.0043 217 74 273 129
chair 0.0040 173 127 206 162
chair 0.0040 174 110 185 138
chair 0.0038 178 132 210 153
chair 0.0037 382 111 400 133
chair 0.0035 280 86 302 107
chair 0.0030 152 91 186 120
chair 0.0030 196 84 204 107
chair 0.0028 311 106 335 127
chair 0.0026 400 112 415 134
chair 0.0025 221 70 236 100
chair 0.0025 302 104 337 145
chair 0.0023 174 142 205 165
chair 0.0023 199 80 208 97
chair 0.0021 216 88 253 125
chair 0.0021 138 78 155 95
chair 0.0020 446 104 465 126
chair 0.0020 294 91 307 101
chair 0.0019 226 89 245 123
chair 0.0018 302 95 319 120
chair 0.0017 296 103 328 128
chair 0.0017 220 85 249 106
chair 0.0016 262 124 278 148
chair 0.0015 215 58 292 149
chair 0.0015 263 108 279 140
chair 0.0014 176 91 192 116
chair 0.0013 273 103 311 141
chair 0.0013 239 88 349 152
chair 0.0013 283 201 308 221
chair 0.0012 216 91 277 147
chair 0.0012 175 122 196 150
chair 0.0012 294 110 312 134
chair 0.0011 288 222 394 278
chair 0.0011 289 103 319 143
chair 0.0011 171 63 184 75
chair 0.0011 151 96 184 146
chair 0.0010 134 92 158 119
chair 0.0010 298 112 327 140
chair 0.0010 395 96 416 117
pottedplant 0.8672 445 106 491 184
pottedplant 0.5030 217 123 254 164
pottedplant 0.4723 308 111 337 174
pottedplant 0.3831 247 139 283 180
pottedplant 0.3406 233 97 278 141
pottedplant 0.2656 279 158 306 189
pottedplant 0.2551 236 51 271 103
pottedplant 0.2382 232 66 276 136
pottedplant 0.1928 378 102 396 126
pottedplant 0.1795 377 72 396 121
pottedplant 0.1496 298 122 327 148
pottedplant 0.1428 386 111 410 135
pottedplant 0.1417 203 173 229 206
pottedplant 0.1162 240 50 265 87
pottedplant 0.0830 275 67 293 89
pottedplant 0.0803 266 66 283 88
pottedplant 0.0777 236 102 274 126
pottedplant 0.0775 215 58 292 149
pottedplant 0.0694 382 99 414 132
pottedplant 0.0679 259 154 306 192
pottedplant 0.0662 302 104 337 145
pottedplant 0.0533 218 151 276 253
pottedplant 0.0532 207 102 302 203
pottedplant 0.0513 442 109 466 170
pottedplant 0.0505 127 78 156 117
pottedplant 0.0478 221 143 288 182
pottedplant 0.0427 227 115 283 165
pottedplant 0.0384 224 65 240 87
pottedplant 0.0352 314 145 335 179
pottedplant 0.0347 264 164 279 186
pottedplant 0.0322 382 111 400 133
pottedplant 0.0316 373 71 392 104
pottedplant 0.0306 172 91 185 118
pottedplant 0.0298 313 127 348 179
pottedplant 0.0257 239 71 269 99
pottedplant 0.0234 265 171 292 218
pottedplant 0.0227 308 103 364 176
pottedplant 0.0226 260 159 285 188
pottedplant 0.0222 189 97 381 203
pottedplant 0.0222 371 32 384 44
pottedplant 0.0221 138 78 155 95
pottedplant 0.0214 254 73 270 95
pottedplant 0.0209 297 126 314 146
pottedplant 0.0200 174 135 206 170
pottedplant 0.0187 258 124 276 146
pottedplant 0.0183 44 39 59 62
pottedplant 0.0182 348 130 367 157
pottedplant 0.0181 391 38 409 56
pottedplant 0.0178 267 53 279 81
pottedplant 0.0178 495 38 499 60
pottedplant 0.0174 266 70 285 99
pottedplant 0.0173 295 160 333 195
pottedplant 0.0170 159 64 356 237
pottedplant 0.0167 264 64 295 103
pottedplant 0.0165 245 50 258 70
pottedplant 0.0163 290 163 311 198
pottedplant 0.0156 445 108 466 142
pottedplant 0.0155 252 105 397 189
pottedplant 0.0153 248 62 277 91
pottedplant 0.0151 283 70 296 101
pottedplant 0.0149 400 112 415 134
pottedplant 0.0147 293 101 343 177
pottedplant 0.0145 269 174 314 216
pottedplant 0.0143 332 130 369 174
pottedplant 0.0143 224 148 266 177
pottedplant 0.0137 252 150 280 191
pottedplant 0.0134 303 134 383 269
pottedplant 0.0126 198 160 237 204
pottedplant 0.0126 179 143 209 183
pottedplant 0.0124 321 43 337 72
pottedplant 0.0123 446 104 465 126
pottedplant 0.0122 489 106 500 142
pottedplant 0.0121 229 87 264 125
pottedplant 0.0116 327 104 337 126
pottedplant 0.0113 168 160 222 246
pottedplant 0.0112 313 103 346 149
pottedplant 0.0110 178 132 210 153
pottedplant 0.0110 235 97 254 116
pottedplant 0.0108 478 95 499 188
pottedplant 0.0108 217 128 255 195
pottedplant 0.0104 208 149 278 203
pottedplant 0.0104 296 122 331 165
pottedplant 0.0103 176 154 227 197
pottedplant 0.0103 128 77 155 98
pottedplant 0.0102 237 130 321 189
pottedplant 0.0099 310 106 335 128
pottedplant 0.0097 235 148 254 164
pottedplant 0.0097 235 117 274 150
pottedplant 0.0096 262 132 281 153
pottedplant 0.0094 268 90 303 122
pottedplant 0.0094 291 26 297 47
pottedplant 0.0091 231 151 256 172
pottedplant 0.0090 235 59 258 90
pottedplant 0.0089 258 163 275 184
pottedplant 0.0085 249 126 281 163
pottedplant 0.0083 252 97 274 116
pottedplant 0.0082 322 58 336 73
pottedplant 0.0079 246 92 279 122
pottedplant 0.0079 268 167 297 192
pottedplant 0.0078 282 87 299 105
diningtable 0.0296 270 91 301 121
diningtable 0.0140 206 88 233 124
diningtable 0.0113 172 91 185 118
diningtable 0.0053 384 101 413 132
diningtable 0.0052 216 87 235 103
diningtable 0.0051 275 97 309 126
diningtable 0.0043 174 142 205 165
diningtable 0.0043 208 87 221 107
diningtable 0.0038 215 58 292 149
diningtable 0.0036 271 87 296 106
diningtable 0.0031 153 92 185 119
diningtable 0.0029 233 97 278 142
diningtable 0.0027 172 130 206 157
diningtable 0.0023 127 79 154 115
diningtable 0.0022 127 94 153 117
diningtable 0.0021 154 90 184 103
diningtable 0.0020 214 73 275 130
diningtable 0.0020 221 70 236 100
diningtable 0.0020 269 185 312 218
diningtable 0.0020 179 133 210 152
diningtable 0.0019 199 84 210 109
diningtable 0.0018 378 102 396 126
diningtable 0.0018 264 167 306 216
diningtable 0.0018 265 94 283 117
diningtable 0.0017 284 88 298 103
diningtable 0.0016 170 72 187 100
diningtable 0.0016 210 88 259 125
diningtable 0.0015 227 87 242 102
diningtable 0.0015 196 84 204 107
diningtable 0.0014 171 131 209 179
diningtable 0.0014 224 65 240 87
diningtable 0.0014 276 181 308 205
diningtable 0.0012 490 102 500 130
diningtable 0.0011 311 106 335 127
diningtable 0.0010 -1 126 73 198
tvmonitor 0.0275 0 79 50 135
tvmonitor 0.0194 391 38 409 56
tvmonitor 0.0036 0 90 27 139
tvmonitor 0.0033 321 43 337 73
tvmonitor 0.0026 43 71 63 123
tvmonitor 0.0015 30 80 57 129
tvmonitor 0.0012 41 90 50 122
tvmonitor 0.0010 0 115 24 140
