person 0.9848 4 101 153 312
person 0.9782 137 72 392 313
person 0.8623 148 118 208 238
person 0.7110 6 128 48 179
person 0.1498 125 156 151 216
person 0.1476 300 139 339 200
person 0.1316 317 140 341 189
person 0.0576 94 150 152 217
person 0.0486 107 142 149 181
person 0.0167 20 129 46 157
person 0.0134 89 107 154 230
person 0.0130 170 70 347 224
person 0.0125 41 104 146 224
person 0.0103 76 171 145 222
person 0.0095 178 133 224 200
person 0.0092 31 129 49 151
person 0.0092 321 161 341 194
person 0.0086 11 149 36 172
person 0.0079 108 146 137 172
person 0.0062 5 146 44 191
person 0.0046 193 143 218 180
person 0.0043 292 94 339 200
person 0.0043 308 126 337 180
person 0.0041 188 145 209 178
person 0.0040 119 140 155 201
person 0.0039 182 146 214 192
person 0.0034 196 151 212 173
person 0.0033 0 133 16 312
person 0.0033 105 140 177 227
person 0.0032 315 158 355 205
person 0.0030 71 151 166 250
person 0.0025 0 124 5 334
person 0.0024 0 134 3 189
person 0.0021 316 144 327 160
person 0.0020 1 105 55 310
person 0.0019 180 162 222 202
person 0.0019 0 139 5 203
person 0.0014 127 157 149 184
person 0.0013 0 121 21 203
person 0.0013 50 140 121 234
person 0.0012 4 136 29 184
person 0.0012 190 160 207 176
person 0.0012 195 109 452 280
person 0.0012 15 130 64 172
person 0.0012 122 149 149 174
person 0.0011 183 155 192 172
person 0.0011 144 120 194 178
person 0.0010 99 113 145 172
person 0.0010 107 173 151 221
person 0.0010 473 144 500 304
person 0.0010 5 156 25 186
person 0.0010 281 138 351 225
bottle 0.0117 110 146 147 173
bottle 0.0022 124 164 151 216
bottle 0.0012 106 124 147 175
chair 0.9137 423 186 451 258
chair 0.5355 378 170 395 227
chair 0.4280 99 243 154 312
chair 0.4110 334 187 384 209
chair 0.3379 58 237 150 316
chair 0.2727 344 201 393 231
chair 0.0665 409 260 462 312
chair 0.0628 362 208 393 230
chair 0.0586 376 170 390 213
chair 0.0381 334 186 374 199
chair 0.0359 340 182 395 219
chair 0.0340 52 245 108 312
chair 0.0236 475 206 500 284
chair 0.0190 459 259 497 312
chair 0.0186 372 231 485 311
chair 0.0184 326 175 390 209
chair 0.0149 378 256 415 311
chair 0.0142 424 181 476 268
chair 0.0140 473 144 500 304
chair 0.0134 368 184 460 262
chair 0.0114 388 175 499 298
chair 0.0087 5 297 58 313
chair 0.0077 0 111 148 322
chair 0.0077 360 188 397 231
chair 0.0067 338 196 385 218
chair 0.0066 5 281 58 313
chair 0.0057 318 165 403 233
chair 0.0053 377 168 387 196
chair 0.0051 321 191 418 252
chair 0.0049 0 258 60 312
chair 0.0048 2 233 130 313
chair 0.0047 322 161 341 195
chair 0.0046 386 211 473 277
chair 0.0043 456 217 499 312
chair 0.0043 492 214 500 321
chair 0.0042 493 258 500 314
chair 0.0037 75 227 445 304
chair 0.0035 449 146 499 305
chair 0.0032 338 161 468 248
chair 0.0031 491 136 500 282
chair 0.0026 0 261 10 313
chair 0.0023 0 210 15 312
chair 0.0023 373 226 452 263
chair 0.0019 475 220 498 260
chair 0.0017 66 245 254 312
chair 0.0016 105 164 419 313
chair 0.0016 324 199 382 236
chair 0.0016 490 277 499 312
chair 0.0015 373 169 421 231
chair 0.0014 472 236 499 316
chair 0.0014 296 159 338 203
chair 0.0014 491 296 500 313
chair 0.0013 403 255 501 312
chair 0.0013 495 230 500 304
chair 0.0012 374 166 403 218
chair 0.0012 0 157 53 310
chair 0.0011 0 296 9 312
chair 0.0011 307 181 336 201
chair 0.0011 472 277 499 313
chair 0.0010 315 158 355 205
sofa 0.0012 75 227 445 304
pottedplant 0.0011 107 142 149 181
diningtable 0.2909 370 228 465 311
diningtable 0.2253 373 226 452 263
diningtable 0.0634 75 227 445 304
diningtable 0.0592 334 188 383 208
diningtable 0.0401 345 190 463 281
diningtable 0.0247 333 198 391 233
diningtable 0.0234 409 260 462 312
diningtable 0.0228 459 259 497 312
diningtable 0.0225 105 164 419 313
diningtable 0.0222 334 186 374 199
diningtable 0.0175 4 109 153 324
diningtable 0.0134 62 240 157 253
diningtable 0.0129 326 176 389 208
diningtable 0.0117 475 206 500 284
diningtable 0.0109 386 211 473 277
diningtable 0.0089 54 237 153 302
diningtable 0.0060 473 144 500 304
diningtable 0.0053 456 217 499 312
diningtable 0.0049 172 187 224 212
diningtable 0.0033 388 175 499 298
diningtable 0.0031 338 161 468 248
diningtable 0.0028 378 210 440 246
diningtable 0.0028 51 220 157 274
diningtable 0.0024 303 183 382 201
diningtable 0.0024 285 224 452 305
diningtable 0.0023 51 245 109 312
diningtable 0.0022 403 255 501 312
diningtable 0.0022 378 172 396 227
diningtable 0.0020 340 181 395 219
diningtable 0.0019 321 161 341 195
diningtable 0.0018 475 220 498 260
diningtable 0.0018 63 232 156 248
diningtable 0.0018 318 165 403 233
diningtable 0.0017 321 191 418 252
diningtable 0.0017 423 186 451 258
diningtable 0.0016 411 231 463 302
diningtable 0.0015 29 85 408 298
diningtable 0.0015 377 255 416 311
diningtable 0.0014 338 196 385 218
diningtable 0.0013 169 192 203 213
diningtable 0.0013 362 208 394 230
diningtable 0.0013 385 204 433 236
diningtable 0.0012 35 178 171 313
diningtable 0.0012 125 173 151 220
diningtable 0.0012 493 258 500 314
diningtable 0.0011 383 198 451 258
diningtable 0.0011 175 177 222 205
diningtable 0.0011 94 245 153 312
diningtable 0.0010 375 228 424 252
