person 0.0074 324 179 333 200
person 0.0047 325 177 332 187
person 0.0038 480 176 488 188
person 0.0029 466 176 471 187
person 0.0021 390 202 403 219
person 0.0020 486 204 500 215
person 0.0020 492 184 500 195
person 0.0019 350 183 356 196
person 0.0013 357 193 362 206
person 0.0012 335 181 345 199
person 0.0012 465 217 472 224
person 0.0012 469 215 475 223
person 0.0011 277 153 285 167
person 0.0010 493 211 500 221
person 0.0010 163 191 168 205
person 0.0010 440 225 447 234
car 0.2732 486 204 500 215
car 0.0145 413 164 425 172
car 0.0058 493 211 500 221
car 0.0054 465 217 472 224
car 0.0047 411 159 426 170
car 0.0044 488 164 499 172
car 0.0038 433 167 441 174
car 0.0038 491 193 500 208
car 0.0034 420 166 435 172
car 0.0031 492 184 500 195
car 0.0028 378 160 387 167
car 0.0019 480 202 503 217
car 0.0015 382 160 390 168
car 0.0010 469 215 475 223
bus 0.0016 486 204 500 215
bus 0.0015 486 172 501 191
bus 0.0014 488 164 499 172
train 0.8972 208 143 438 232
train 0.0613 1 164 119 236
train 0.0311 402 200 429 219
train 0.0058 480 176 488 188
train 0.0052 466 172 486 190
train 0.0051 -3 159 128 204
train 0.0037 0 136 179 218
train 0.0037 467 168 502 192
train 0.0032 486 172 501 191
train 0.0031 488 164 499 172
train 0.0030 388 201 406 219
train 0.0028 475 166 497 176
train 0.0023 465 160 502 181
train 0.0015 387 198 442 221
train 0.0014 423 203 436 217
train 0.0013 -4 157 110 186
train 0.0011 492 184 500 195
boat 0.0021 486 204 500 215
