person 0.2559 109 47 139 73
person 0.1803 143 47 171 73
person 0.1180 99 47 130 71
person 0.0959 134 35 170 72
person 0.0654 152 48 189 73
person 0.0167 92 48 115 69
person 0.0121 5 29 290 128
person 0.0082 165 50 196 72
person 0.0071 101 45 118 66
person 0.0065 133 43 187 77
person 0.0055 147 57 167 72
person 0.0050 100 44 148 79
person 0.0048 111 55 134 74
person 0.0040 119 46 159 76
person 0.0038 155 50 170 70
person 0.0025 106 45 126 66
person 0.0021 143 44 161 65
person 0.0020 86 51 99 69
person 0.0017 161 57 190 73
person 0.0016 90 45 107 66
person 0.0016 159 51 181 70
person 0.0015 47 31 157 96
person 0.0012 166 60 185 72
person 0.0011 86 31 179 74
car 0.9653 8 36 286 132
car 0.0340 4 39 61 89
car 0.0267 10 40 65 63
car 0.0116 212 96 244 123
car 0.0016 2 38 165 115
car 0.0011 212 105 236 122
car 0.0010 207 96 283 125
boat 0.0021 12 40 64 61
