person 0.2495 352 161 407 306
person 0.2255 362 164 398 215
person 0.0816 364 168 395 295
person 0.0346 362 163 381 204
person 0.0335 277 136 456 326
person 0.0251 361 144 440 302
person 0.0246 392 176 425 205
person 0.0086 362 163 379 185
person 0.0059 378 165 419 204
person 0.0051 351 163 409 227
person 0.0038 409 181 426 205
person 0.0032 390 187 427 216
person 0.0022 389 183 433 246
person 0.0017 378 182 402 205
person 0.0013 357 161 387 240
person 0.0012 389 195 410 211
person 0.0011 359 155 423 213
person 0.0011 364 158 392 191
person 0.0010 407 188 427 213
car 0.0524 277 134 456 327
car 0.0503 328 151 421 316
motorbike 0.0014 277 134 456 327
bus 0.1902 277 134 456 327
bus 0.0756 328 151 421 316
train 0.0205 311 121 438 325
boat 0.0022 311 121 438 325
dog 0.0108 361 169 419 215
dog 0.0045 361 163 396 208
dog 0.0014 393 172 426 216
pottedplant 0.0050 392 201 427 218
