person 0.9817 77 257 176 365
person 0.0095 128 251 177 351
person 0.0048 103 272 158 337
person 0.0046 116 188 257 368
person 0.0041 144 278 178 348
person 0.0033 103 303 177 361
person 0.0013 125 252 158 317
person 0.0013 77 261 130 361
person 0.0011 109 272 192 369
person 0.0010 127 253 154 290
horse 0.9959 110 188 249 369
horse 0.0030 79 253 173 357
horse 0.0024 164 283 222 357
horse 0.0017 128 251 177 351
horse 0.0014 128 237 224 353
bottle 0.0013 124 301 138 322
tvmonitor 0.0012 68 29 133 105
