person 0.9696 283 170 381 334
person 0.9692 162 199 231 331
person 0.9561 225 196 301 333
person 0.9437 94 202 171 315
person 0.1497 0 177 16 324
person 0.0455 282 129 384 269
person 0.0267 0 108 22 320
person 0.0250 43 179 227 315
person 0.0141 197 194 378 337
person 0.0131 125 196 293 336
person 0.0079 0 242 14 330
person 0.0072 0 159 54 329
person 0.0046 18 145 473 340
person 0.0045 6 217 186 332
person 0.0041 0 149 7 308
person 0.0040 0 301 24 333
person 0.0039 259 180 286 235
person 0.0035 282 126 325 236
person 0.0034 174 131 411 292
person 0.0027 0 222 24 329
person 0.0025 491 161 500 257
person 0.0024 0 143 107 329
person 0.0023 482 183 500 282
person 0.0022 90 189 198 247
person 0.0021 115 194 173 240
person 0.0018 492 241 500 332
person 0.0018 0 241 58 337
person 0.0017 231 128 352 218
person 0.0016 233 183 290 239
person 0.0016 293 192 350 322
person 0.0016 16 132 277 305
person 0.0013 485 163 500 219
person 0.0013 68 214 148 321
person 0.0012 0 225 9 289
person 0.0011 75 179 247 256
person 0.0010 0 286 14 326
person 0.0010 359 313 386 332
dog 0.0016 258 182 286 213
dog 0.0010 94 202 171 315
bottle 0.0266 186 105 195 140
bottle 0.0070 103 126 114 141
bottle 0.0052 92 126 103 141
bottle 0.0051 116 126 126 140
bottle 0.0047 130 125 141 140
bottle 0.0041 0 177 11 320
bottle 0.0037 130 152 147 175
bottle 0.0034 0 135 6 155
bottle 0.0034 207 129 218 141
bottle 0.0023 72 127 84 140
bottle 0.0017 20 112 33 130
bottle 0.0013 59 126 71 142
bottle 0.0013 0 301 24 333
bottle 0.0012 156 195 240 323
bottle 0.0011 16 135 30 155
bottle 0.0010 5 134 20 155
bottle 0.0010 0 242 14 330
chair 0.0407 432 254 500 328
chair 0.0233 375 253 502 334
chair 0.0199 95 201 168 326
chair 0.0134 18 154 265 317
chair 0.0129 378 293 500 332
chair 0.0088 45 189 173 318
chair 0.0066 0 212 16 328
chair 0.0059 283 220 300 254
chair 0.0046 488 165 500 213
chair 0.0042 450 199 500 260
chair 0.0035 0 301 24 333
chair 0.0031 0 155 9 323
chair 0.0029 439 177 501 315
chair 0.0023 482 183 500 282
chair 0.0021 491 197 500 278
chair 0.0020 98 267 158 316
chair 0.0017 480 251 500 334
chair 0.0014 151 199 228 333
chair 0.0014 215 211 235 244
chair 0.0013 283 170 381 334
chair 0.0011 182 182 266 239
chair 0.0011 387 155 502 339
chair 0.0010 0 265 14 324
sofa 0.4070 48 161 288 321
sofa 0.2260 226 191 300 327
sofa 0.2189 156 195 240 323
sofa 0.0554 18 145 473 340
sofa 0.0464 100 196 173 320
sofa 0.0404 138 175 365 329
sofa 0.0211 96 154 385 259
sofa 0.0124 183 178 292 245
sofa 0.0047 75 179 247 256
sofa 0.0038 0 212 16 328
sofa 0.0029 386 257 502 333
sofa 0.0028 175 174 306 295
sofa 0.0025 184 176 255 220
sofa 0.0025 233 183 290 239
sofa 0.0024 2 279 429 341
sofa 0.0020 239 171 288 216
sofa 0.0014 283 170 381 334
sofa 0.0012 174 131 411 292
pottedplant 0.0015 0 155 9 323
pottedplant 0.0010 0 198 21 318
diningtable 0.0028 -5 288 176 334
diningtable 0.0026 432 255 500 327
diningtable 0.0021 0 301 24 333
diningtable 0.0018 -6 312 181 339
diningtable 0.0018 451 200 500 263
diningtable 0.0017 1 317 95 335
diningtable 0.0015 439 177 501 315
diningtable 0.0013 3 291 89 330
tvmonitor 0.0826 488 165 500 213
tvmonitor 0.0687 432 255 500 327
tvmonitor 0.0055 451 200 500 263
tvmonitor 0.0033 486 138 500 218
tvmonitor 0.0026 469 253 500 321
tvmonitor 0.0021 379 286 500 336
tvmonitor 0.0018 36 182 288 326
tvmonitor 0.0018 453 164 501 216
tvmonitor 0.0016 492 241 500 332
tvmonitor 0.0012 492 100 500 224
tvmonitor 0.0012 484 159 499 267
