person 0.0094 171 246 185 255
person 0.0089 162 252 214 266
person 0.0050 173 244 199 259
person 0.0023 183 244 212 259
person 0.0010 494 264 500 269
boat 0.7515 143 164 232 268
boat 0.2936 150 252 226 267
boat 0.1186 152 234 239 267
boat 0.0528 203 231 239 267
boat 0.0435 312 237 318 242
boat 0.0412 383 221 391 241
boat 0.0380 140 256 157 267
boat 0.0354 141 240 155 256
boat 0.0248 135 246 147 253
boat 0.0232 154 158 201 267
boat 0.0228 315 238 322 243
boat 0.0184 144 236 153 250
boat 0.0158 105 237 118 246
boat 0.0156 228 260 238 264
boat 0.0147 150 254 169 266
boat 0.0123 494 264 500 269
boat 0.0111 494 217 500 227
boat 0.0104 88 248 96 253
boat 0.0102 173 244 199 259
boat 0.0099 494 255 500 267
boat 0.0094 171 246 185 255
boat 0.0092 183 244 212 259
boat 0.0089 354 247 368 252
boat 0.0083 102 244 119 251
boat 0.0082 138 262 157 268
boat 0.0082 183 253 228 265
boat 0.0080 215 259 239 265
boat 0.0074 494 241 500 256
boat 0.0074 93 248 106 253
boat 0.0074 494 222 500 236
boat 0.0069 360 210 496 254
boat 0.0068 75 238 87 245
boat 0.0059 195 239 218 261
boat 0.0057 384 221 410 241
boat 0.0057 326 235 337 242
boat 0.0055 494 233 500 247
boat 0.0053 207 229 225 254
boat 0.0052 273 239 280 244
boat 0.0051 42 256 47 261
boat 0.0050 351 220 397 247
boat 0.0050 447 231 465 236
boat 0.0049 378 219 400 243
boat 0.0048 153 244 168 257
boat 0.0047 56 246 69 251
boat 0.0047 0 248 9 255
boat 0.0043 289 238 298 242
boat 0.0043 65 246 78 251
boat 0.0041 199 257 234 265
boat 0.0040 327 247 334 252
boat 0.0039 366 221 392 243
boat 0.0038 76 246 89 252
boat 0.0038 356 245 380 252
boat 0.0037 457 230 475 236
boat 0.0036 276 239 284 244
boat 0.0035 67 236 78 248
boat 0.0035 116 247 126 253
boat 0.0033 154 254 178 267
boat 0.0031 359 235 382 244
boat 0.0029 135 216 238 280
boat 0.0029 0 233 5 244
boat 0.0028 178 222 235 264
boat 0.0027 95 237 108 246
boat 0.0026 383 233 393 243
boat 0.0024 354 238 366 244
boat 0.0024 298 238 308 243
boat 0.0021 333 235 347 242
boat 0.0019 121 247 139 254
boat 0.0019 55 235 67 250
boat 0.0018 151 259 226 271
boat 0.0017 363 218 419 248
boat 0.0017 494 194 500 229
boat 0.0016 461 229 488 237
boat 0.0016 138 263 146 267
boat 0.0015 135 234 165 269
boat 0.0015 390 235 408 241
boat 0.0014 263 264 270 269
boat 0.0014 149 239 169 261
boat 0.0014 443 231 455 236
boat 0.0013 137 257 147 266
boat 0.0013 211 229 237 252
boat 0.0013 422 236 436 240
boat 0.0013 156 244 179 257
boat 0.0012 457 234 475 240
boat 0.0012 87 236 96 247
boat 0.0011 470 248 482 254
boat 0.0011 361 230 395 246
boat 0.0011 448 235 466 239
boat 0.0011 0 253 8 260
boat 0.0011 475 246 495 253
boat 0.0011 48 245 60 252
boat 0.0010 175 220 198 239
boat 0.0010 213 254 239 266
boat 0.0010 110 237 124 246
boat 0.0010 340 231 497 247
boat 0.0010 333 248 348 253
boat 0.0010 81 188 424 263
bird 0.0085 494 264 500 269
bird 0.0029 373 164 379 168
bird 0.0020 494 255 500 267
bird 0.0015 263 264 270 269
bird 0.0013 42 256 47 261
bird 0.0013 494 217 500 227
bird 0.0011 373 167 379 172
bird 0.0011 59 212 66 217
