person 0.3799 -3 244 137 378
person 0.1269 0 292 97 378
person 0.0621 64 293 100 344
person 0.0488 14 275 116 359
person 0.0217 1 251 52 379
person 0.0197 28 292 97 352
person 0.0122 30 298 136 378
person 0.0025 270 44 293 81
person 0.0015 0 325 53 383
person 0.0014 26 290 77 334
person 0.0010 0 192 30 368
boat 0.0028 221 35 290 86
bird 0.0030 222 36 288 85
bird 0.0029 262 44 290 81
bird 0.0013 266 44 283 62
horse 0.0012 230 41 296 83
bottle 0.0016 65 294 100 343
bottle 0.0011 457 7 497 77
bottle 0.0010 0 219 11 248
chair 0.3812 -3 242 140 379
chair 0.0217 -1 243 32 383
chair 0.0174 64 293 100 344
chair 0.0170 141 306 441 374
chair 0.0155 124 221 454 371
chair 0.0135 14 275 116 359
chair 0.0095 61 218 88 266
chair 0.0087 1 322 134 383
chair 0.0063 87 185 130 266
chair 0.0046 0 225 56 377
chair 0.0040 0 293 97 377
chair 0.0020 0 219 11 248
chair 0.0012 11 167 73 269
chair 0.0012 0 228 9 258
chair 0.0012 265 294 447 384
chair 0.0011 0 325 52 383
sofa 0.8198 126 217 453 348
sofa 0.4493 -3 244 137 378
sofa 0.0260 14 275 116 359
sofa 0.0220 -1 243 32 383
sofa 0.0186 1 322 134 383
sofa 0.0171 64 293 100 344
sofa 0.0101 0 293 97 377
sofa 0.0078 141 306 441 374
sofa 0.0058 0 225 56 377
sofa 0.0027 144 224 418 302
sofa 0.0021 151 281 410 350
pottedplant 0.5220 0 42 172 266
pottedplant 0.2802 70 65 189 143
pottedplant 0.1579 165 103 235 229
pottedplant 0.1309 148 95 379 232
pottedplant 0.0754 0 33 58 92
pottedplant 0.0511 10 167 73 270
pottedplant 0.0413 3 105 135 217
pottedplant 0.0358 -2 29 60 138
pottedplant 0.0331 285 98 377 233
pottedplant 0.0296 24 222 58 268
pottedplant 0.0292 0 25 63 271
pottedplant 0.0226 71 105 147 154
pottedplant 0.0093 56 97 161 182
pottedplant 0.0072 51 57 202 181
pottedplant 0.0064 -4 84 104 280
pottedplant 0.0056 0 32 11 71
pottedplant 0.0050 6 130 57 235
pottedplant 0.0042 159 108 200 227
pottedplant 0.0040 243 140 282 219
pottedplant 0.0039 0 31 30 74
pottedplant 0.0032 2 22 129 197
pottedplant 0.0026 31 238 52 271
pottedplant 0.0026 63 180 80 216
pottedplant 0.0024 24 105 153 334
pottedplant 0.0023 22 144 113 253
pottedplant 0.0023 -1 26 22 223
pottedplant 0.0021 85 55 421 257
pottedplant 0.0020 188 183 222 229
pottedplant 0.0018 307 173 369 234
pottedplant 0.0017 77 80 273 241
pottedplant 0.0017 457 7 497 76
pottedplant 0.0017 0 86 17 279
pottedplant 0.0017 0 7 49 81
pottedplant 0.0015 -1 -31 61 94
pottedplant 0.0014 162 178 201 230
pottedplant 0.0013 325 98 374 221
pottedplant 0.0013 29 217 54 237
pottedplant 0.0013 300 182 343 254
pottedplant 0.0012 14 155 52 202
pottedplant 0.0012 0 219 11 248
pottedplant 0.0012 53 180 76 216
pottedplant 0.0012 42 164 87 238
pottedplant 0.0012 235 100 362 255
pottedplant 0.0012 0 101 12 156
pottedplant 0.0011 21 157 64 217
pottedplant 0.0011 13 165 36 192
pottedplant 0.0010 206 201 228 228
pottedplant 0.0010 0 33 9 147
diningtable 0.0012 141 306 441 374
diningtable 0.0012 64 293 100 344
tvmonitor 0.0034 66 291 98 338
tvmonitor 0.0012 494 119 500 312
