person 0.4014 359 96 366 110
person 0.3915 396 78 402 92
person 0.3491 385 101 392 111
person 0.3186 415 98 422 111
person 0.2509 393 100 398 111
person 0.2023 412 81 423 92
person 0.1991 430 108 439 123
person 0.1909 490 183 499 197
person 0.1862 473 160 483 178
person 0.1661 367 63 373 73
person 0.1643 404 78 410 92
person 0.1564 27 41 494 221
person 0.1305 367 88 374 103
person 0.1243 481 115 489 131
person 0.1230 490 162 500 176
person 0.1173 402 88 408 96
person 0.1130 262 48 483 206
person 0.1023 306 87 316 102
person 0.1002 377 61 383 72
person 0.0999 364 95 370 108
person 0.0913 383 64 498 194
person 0.0896 386 106 392 113
person 0.0895 387 76 393 85
person 0.0874 484 182 491 195
person 0.0857 397 87 405 96
person 0.0854 375 66 381 79
person 0.0835 367 65 373 78
person 0.0834 473 155 483 170
person 0.0774 491 134 500 147
person 0.0711 295 87 308 103
person 0.0700 319 89 328 102
person 0.0680 464 134 471 148
person 0.0654 479 161 490 178
person 0.0652 481 154 490 168
person 0.0650 465 96 471 109
person 0.0637 287 88 298 102
person 0.0622 427 134 433 145
person 0.0618 443 135 452 149
person 0.0562 386 74 391 82
person 0.0549 195 40 470 148
person 0.0544 452 135 462 149
person 0.0497 434 134 442 147
person 0.0488 9 82 505 322
person 0.0482 374 126 379 141
person 0.0472 247 65 459 129
person 0.0423 422 128 433 141
person 0.0420 460 147 471 160
person 0.0413 338 95 344 105
person 0.0410 482 174 491 191
person 0.0397 490 171 500 191
person 0.0396 493 148 500 157
person 0.0390 489 106 497 118
person 0.0378 473 115 480 131
person 0.0373 464 103 472 121
person 0.0359 494 156 500 168
person 0.0348 320 48 493 136
person 0.0346 290 78 297 89
person 0.0344 384 80 500 323
person 0.0339 324 89 339 101
person 0.0329 433 128 442 141
person 0.0320 254 91 259 101
person 0.0316 464 127 471 140
person 0.0301 494 130 500 140
person 0.0299 371 118 409 163
person 0.0298 272 53 394 104
person 0.0292 334 91 344 102
person 0.0282 460 153 471 165
person 0.0278 414 87 422 94
person 0.0275 366 78 374 89
person 0.0273 414 126 422 139
person 0.0268 453 144 463 158
person 0.0266 481 106 489 120
person 0.0259 393 107 399 113
person 0.0257 449 116 459 130
person 0.0257 412 108 420 116
person 0.0241 445 144 451 158
person 0.0226 383 59 392 69
person 0.0218 357 89 368 103
person 0.0213 423 77 431 89
person 0.0211 472 148 481 158
person 0.0205 425 110 434 123
person 0.0202 296 97 309 105
person 0.0198 474 174 481 189
person 0.0196 317 75 472 161
person 0.0191 340 64 448 132
person 0.0190 339 88 494 224
person 0.0189 405 106 498 241
person 0.0189 292 96 299 105
person 0.0188 442 126 450 139
person 0.0169 385 51 391 59
person 0.0166 297 79 310 91
person 0.0163 320 97 327 106
person 0.0157 454 108 462 117
person 0.0155 406 109 414 116
person 0.0152 404 118 412 129
person 0.0142 475 181 481 195
person 0.0141 472 127 478 135
person 0.0141 442 118 454 130
person 0.0140 470 108 480 121
person 0.0138 296 52 451 112
bicycle 0.0044 296 97 309 105
bicycle 0.0039 308 97 317 105
bicycle 0.0031 295 87 308 103
bicycle 0.0019 320 97 327 106
bicycle 0.0017 490 183 499 197
bicycle 0.0017 306 87 316 102
bicycle 0.0016 287 88 298 102
bicycle 0.0014 359 96 366 110
bicycle 0.0012 364 95 370 108
bicycle 0.0011 433 128 442 141
bicycle 0.0011 415 98 422 111
bicycle 0.0011 402 88 408 96
bicycle 0.0010 367 88 374 103
bicycle 0.0010 292 96 299 105
car 0.5149 427 76 444 87
car 0.1938 392 60 405 68
car 0.1851 399 52 415 62
car 0.1324 412 81 423 92
car 0.1169 287 88 298 102
car 0.0990 392 53 408 62
car 0.0730 350 79 370 88
car 0.0536 411 53 421 62
car 0.0478 383 59 392 69
car 0.0469 412 58 424 67
car 0.0434 296 97 309 105
car 0.0388 404 118 412 129
car 0.0375 385 51 391 59
car 0.0327 422 58 428 66
car 0.0277 334 91 344 102
car 0.0266 402 58 412 67
car 0.0263 423 77 431 89
car 0.0229 414 87 422 94
car 0.0227 308 97 317 105
car 0.0225 422 55 429 63
car 0.0223 247 65 459 129
car 0.0222 324 89 339 101
car 0.0209 295 87 308 103
car 0.0187 320 54 467 111
car 0.0166 410 117 423 128
car 0.0165 402 88 408 96
car 0.0146 306 67 408 126
car 0.0142 415 98 422 111
car 0.0141 475 80 496 90
car 0.0134 412 108 420 116
car 0.0129 379 48 499 137
car 0.0126 306 87 316 102
car 0.0124 248 50 260 58
car 0.0124 292 96 299 105
car 0.0116 319 89 328 102
car 0.0116 324 100 337 109
car 0.0109 490 183 499 197
car 0.0109 338 95 344 105
car 0.0105 387 45 393 52
car 0.0097 423 74 448 90
car 0.0091 257 106 268 116
car 0.0088 397 87 405 96
car 0.0087 424 114 435 125
car 0.0082 388 57 408 70
car 0.0079 268 97 278 108
car 0.0079 422 128 433 141
car 0.0078 255 51 272 58
car 0.0077 340 64 448 132
car 0.0076 327 85 374 105
car 0.0075 320 97 327 106
car 0.0073 342 81 363 90
car 0.0072 490 79 500 89
car 0.0068 291 84 313 105
car 0.0068 491 134 500 147
car 0.0067 366 78 374 89
car 0.0065 240 66 252 78
car 0.0065 406 109 414 116
car 0.0065 404 78 410 92
car 0.0063 443 81 452 88
car 0.0063 372 44 389 52
car 0.0062 493 148 500 157
car 0.0061 488 188 500 209
car 0.0057 311 41 496 153
car 0.0054 423 74 437 82
car 0.0052 277 51 291 61
car 0.0052 409 79 426 93
car 0.0049 490 162 500 176
car 0.0049 290 78 297 89
car 0.0048 318 87 345 102
car 0.0048 377 61 383 72
car 0.0047 241 64 251 72
car 0.0045 257 100 271 111
car 0.0045 393 100 398 111
car 0.0042 357 89 368 103
car 0.0042 490 171 500 191
car 0.0042 473 78 482 89
car 0.0040 390 50 423 65
car 0.0037 278 98 285 106
car 0.0036 246 63 257 72
car 0.0035 344 43 447 88
car 0.0035 346 77 376 92
car 0.0034 328 87 351 103
car 0.0034 396 118 405 127
car 0.0034 371 118 409 163
car 0.0031 322 27 488 101
car 0.0031 284 83 305 104
car 0.0030 414 126 422 139
car 0.0030 245 67 257 78
car 0.0029 281 90 291 101
car 0.0029 404 56 430 72
car 0.0029 383 64 498 194
car 0.0027 375 53 440 74
car 0.0027 381 56 415 71
car 0.0027 356 70 368 80
car 0.0027 272 53 394 104
car 0.0027 289 58 355 94
car 0.0026 297 79 310 91
car 0.0024 267 51 280 59
car 0.0024 386 106 392 113
car 0.0023 359 96 366 110
motorbike 0.0300 415 98 422 111
motorbike 0.0206 295 87 308 103
motorbike 0.0179 306 87 316 102
motorbike 0.0124 287 88 298 102
motorbike 0.0111 402 88 408 96
motorbike 0.0094 308 97 317 105
motorbike 0.0093 393 100 398 111
motorbike 0.0083 296 97 309 105
motorbike 0.0073 412 81 423 92
motorbike 0.0061 404 78 410 92
motorbike 0.0061 396 78 402 92
motorbike 0.0058 397 87 405 96
motorbike 0.0051 291 84 313 105
motorbike 0.0041 490 183 499 197
motorbike 0.0036 414 87 422 94
motorbike 0.0031 319 89 328 102
motorbike 0.0028 359 96 366 110
motorbike 0.0027 320 97 327 106
motorbike 0.0025 385 101 392 111
motorbike 0.0024 412 108 420 116
motorbike 0.0019 367 88 374 103
motorbike 0.0017 491 134 500 147
motorbike 0.0017 364 95 370 108
motorbike 0.0014 387 76 393 85
motorbike 0.0014 292 96 299 105
motorbike 0.0011 375 66 381 79
motorbike 0.0011 490 162 500 176
motorbike 0.0010 422 128 433 141
motorbike 0.0010 324 89 339 101
bus 0.0477 288 38 358 89
bus 0.0135 371 118 409 163
bus 0.0048 294 54 371 101
bus 0.0042 292 70 354 98
bus 0.0039 310 57 352 73
bus 0.0038 427 76 444 87
bus 0.0037 328 84 374 105
bus 0.0021 302 25 358 69
bus 0.0013 312 60 366 87
bus 0.0013 350 79 370 88
bus 0.0010 309 78 352 94
bus 0.0010 412 81 423 92
bus 0.0010 477 155 500 233
train 0.3756 370 121 410 162
train 0.2637 51 92 359 240
train 0.1071 25 60 492 272
train 0.0203 374 124 406 146
train 0.0108 272 84 476 184
train 0.0086 329 102 455 171
train 0.0086 288 38 358 89
train 0.0080 24 106 252 221
train 0.0063 374 126 379 141
train 0.0050 55 101 384 179
train 0.0044 220 104 413 168
train 0.0037 219 82 527 227
train 0.0031 361 109 417 137
train 0.0030 272 53 394 104
train 0.0029 396 118 405 127
train 0.0024 388 123 407 144
train 0.0023 347 109 412 164
train 0.0021 247 40 421 119
train 0.0021 346 78 443 156
train 0.0019 0 133 513 332
train 0.0016 365 96 431 129
train 0.0015 383 111 413 134
train 0.0015 368 127 392 154
train 0.0014 375 115 405 128
train 0.0014 208 77 389 192
train 0.0013 477 155 500 233
train 0.0013 386 128 408 152
train 0.0013 196 72 443 124
train 0.0011 302 25 358 69
train 0.0011 339 88 494 224
train 0.0011 26 127 297 299
train 0.0011 369 119 389 147
train 0.0011 342 101 416 126
train 0.0010 404 118 412 129
train 0.0010 405 124 412 137
train 0.0010 360 116 400 148
boat 0.0099 475 80 496 90
boat 0.0088 491 134 500 147
boat 0.0068 472 89 500 95
boat 0.0058 488 188 500 209
boat 0.0044 486 196 500 222
boat 0.0039 493 148 500 157
boat 0.0037 490 79 500 89
boat 0.0027 494 130 500 140
boat 0.0024 490 101 499 111
boat 0.0024 489 106 497 118
boat 0.0023 370 121 410 162
boat 0.0019 487 211 500 226
boat 0.0019 490 87 500 99
boat 0.0017 490 183 499 197
boat 0.0015 469 86 502 101
boat 0.0015 480 150 491 158
boat 0.0012 473 78 482 89
boat 0.0011 288 38 358 89
boat 0.0010 475 99 495 112
boat 0.0010 412 81 423 92
boat 0.0010 427 76 444 87
boat 0.0010 475 181 499 220
bird 0.0011 491 134 500 147
horse 0.0014 415 98 422 111
cow 0.0025 415 98 422 111
cow 0.0012 491 134 500 147
chair 0.0020 491 134 500 147
chair 0.0014 493 148 500 157
