person 0.8538 73 112 119 186
person 0.7261 0 134 34 194
person 0.1715 34 133 86 197
person 0.0493 27 151 88 219
person 0.0420 0 145 12 189
person 0.0328 2 133 39 166
person 0.0212 1 151 32 224
person 0.0117 1 165 8 186
person 0.0110 9 136 42 181
person 0.0100 92 125 132 173
person 0.0091 12 153 36 200
person 0.0086 56 124 107 196
person 0.0082 40 132 74 162
person 0.0046 68 122 102 175
person 0.0041 -3 132 52 234
person 0.0034 101 136 127 179
person 0.0032 25 140 42 162
person 0.0028 0 176 20 203
person 0.0028 185 160 208 207
person 0.0027 12 165 79 262
person 0.0027 74 110 114 153
person 0.0023 22 129 61 163
person 0.0023 40 101 132 195
person 0.0021 63 131 89 187
person 0.0021 3 136 67 200
person 0.0020 28 145 44 166
person 0.0018 34 148 42 163
person 0.0017 0 155 5 183
person 0.0017 76 107 151 189
person 0.0016 -16 111 132 248
person 0.0016 97 133 141 187
person 0.0014 45 130 211 214
person 0.0012 8 97 102 192
person 0.0012 19 148 51 205
person 0.0012 68 133 85 163
person 0.0012 36 156 78 178
person 0.0011 21 139 75 175
person 0.0010 0 132 13 169
person 0.0010 12 161 324 421
bottle 0.3522 134 159 164 216
bottle 0.2286 191 161 207 209
bottle 0.1608 169 169 178 205
bottle 0.1279 128 157 141 195
bottle 0.0580 164 161 178 193
bottle 0.0436 142 158 158 193
bottle 0.0351 165 180 180 213
bottle 0.0256 193 159 205 178
bottle 0.0180 180 174 194 201
bottle 0.0136 161 193 185 217
bottle 0.0134 176 159 201 198
bottle 0.0128 158 160 185 195
bottle 0.0093 133 159 147 193
bottle 0.0077 141 88 157 117
bottle 0.0073 181 170 215 220
bottle 0.0055 46 87 51 98
bottle 0.0051 79 89 87 97
bottle 0.0051 100 211 123 241
bottle 0.0046 90 89 98 98
bottle 0.0040 151 202 192 231
bottle 0.0040 70 88 80 97
bottle 0.0039 60 89 68 98
bottle 0.0039 147 156 154 165
bottle 0.0037 170 190 191 208
bottle 0.0035 174 158 203 180
bottle 0.0035 118 82 131 99
bottle 0.0034 155 161 171 210
bottle 0.0032 33 157 313 289
bottle 0.0032 50 88 60 98
bottle 0.0028 111 177 133 233
bottle 0.0025 152 176 201 224
bottle 0.0025 66 224 99 304
bottle 0.0023 168 78 177 86
bottle 0.0023 159 62 170 82
bottle 0.0023 154 157 189 182
bottle 0.0022 143 83 156 100
bottle 0.0022 156 169 233 224
bottle 0.0021 158 243 184 281
bottle 0.0020 182 78 194 86
bottle 0.0020 188 158 208 181
bottle 0.0020 177 178 200 212
bottle 0.0019 121 166 141 225
bottle 0.0017 114 75 129 88
bottle 0.0017 252 77 265 103
bottle 0.0016 100 189 126 225
bottle 0.0015 102 151 205 220
bottle 0.0014 133 59 155 81
bottle 0.0014 34 148 42 163
bottle 0.0012 218 192 240 224
bottle 0.0011 98 85 106 99
bottle 0.0011 184 88 200 112
bottle 0.0011 145 207 198 245
bottle 0.0011 121 203 221 249
bottle 0.0011 103 171 246 230
bottle 0.0010 23 61 313 217
bottle 0.0010 152 156 203 201
bottle 0.0010 120 153 186 187
bottle 0.0010 253 73 263 92
bottle 0.0010 175 79 189 87
bottle 0.0010 104 78 123 99
bottle 0.0010 174 154 188 162
chair 0.9440 289 179 332 272
chair 0.9281 28 166 82 228
chair 0.8256 0 183 34 263
chair 0.5861 271 174 309 231
chair 0.5053 0 449 332 500
chair 0.3982 40 132 74 162
chair 0.3255 238 151 278 183
chair 0.3224 236 169 271 207
chair 0.1787 316 206 331 275
chair 0.1752 243 160 297 206
chair 0.1376 170 159 195 196
chair 0.1131 258 181 273 213
chair 0.0947 283 158 332 180
chair 0.0938 0 186 75 258
chair 0.0925 230 150 248 185
chair 0.0830 185 160 208 207
chair 0.0791 257 161 295 179
chair 0.0709 37 158 88 199
chair 0.0701 236 152 258 184
chair 0.0580 149 155 201 185
chair 0.0552 278 170 332 237
chair 0.0506 0 198 17 268
chair 0.0465 260 142 274 153
chair 0.0442 70 134 84 163
chair 0.0388 153 159 171 194
chair 0.0386 158 160 185 195
chair 0.0366 163 144 221 179
chair 0.0352 172 157 205 181
chair 0.0350 320 230 333 280
chair 0.0341 291 127 332 162
chair 0.0326 250 150 282 168
chair 0.0302 42 409 339 501
chair 0.0250 245 163 290 188
chair 0.0244 241 167 273 192
chair 0.0239 316 158 331 174
chair 0.0237 62 162 86 197
chair 0.0230 252 165 333 264
chair 0.0219 46 136 291 220
chair 0.0179 38 156 300 280
chair 0.0173 113 155 130 178
chair 0.0170 38 129 88 191
chair 0.0164 142 156 159 183
chair 0.0164 15 184 59 249
chair 0.0163 280 120 292 152
chair 0.0163 59 206 95 224
chair 0.0159 255 168 278 206
chair 0.0158 247 152 330 212
chair 0.0152 12 134 95 225
chair 0.0149 15 135 40 165
chair 0.0136 193 159 205 178
chair 0.0132 115 154 236 214
chair 0.0130 164 161 178 193
chair 0.0128 0 179 21 210
chair 0.0125 300 205 331 281
chair 0.0124 174 154 188 162
chair 0.0123 134 161 165 214
chair 0.0118 234 158 265 197
chair 0.0116 240 150 312 170
chair 0.0115 282 160 332 203
chair 0.0111 120 153 186 187
chair 0.0110 263 157 309 217
chair 0.0101 -1 158 49 275
chair 0.0100 1 165 8 186
chair 0.0095 105 135 137 186
chair 0.0095 260 174 293 217
chair 0.0092 147 141 333 212
chair 0.0085 169 147 210 169
chair 0.0085 13 158 35 195
chair 0.0082 193 166 230 210
chair 0.0082 106 171 123 190
chair 0.0081 26 194 92 246
chair 0.0081 111 144 135 173
chair 0.0073 293 131 315 150
chair 0.0073 212 160 263 208
chair 0.0069 108 135 141 164
chair 0.0067 0 407 41 454
chair 0.0067 230 150 245 169
chair 0.0066 12 161 324 421
chair 0.0062 225 150 238 188
chair 0.0060 144 159 334 266
chair 0.0059 0 137 36 226
chair 0.0059 67 122 103 166
chair 0.0056 206 153 306 214
chair 0.0055 316 156 331 165
chair 0.0055 286 127 310 151
chair 0.0055 300 484 331 500
chair 0.0054 188 158 208 181
chair 0.0054 26 335 324 490
chair 0.0053 174 172 192 202
chair 0.0053 148 133 239 193
chair 0.0053 273 152 301 162
chair 0.0052 36 213 60 236
chair 0.0052 18 190 38 243
chair 0.0051 0 215 12 273
chair 0.0051 26 141 42 162
chair 0.0049 102 119 139 173
chair 0.0048 110 162 132 193
chair 0.0047 283 167 330 184
chair 0.0047 10 167 44 247
chair 0.0046 66 117 126 203
sofa 0.1200 242 160 298 207
sofa 0.0846 247 152 330 212
sofa 0.0646 237 150 303 185
sofa 0.0465 270 174 310 231
sofa 0.0099 236 169 271 207
sofa 0.0094 287 156 332 180
sofa 0.0081 256 159 315 180
sofa 0.0047 282 160 332 203
sofa 0.0047 278 170 332 237
sofa 0.0041 252 165 333 264
sofa 0.0036 240 150 312 170
sofa 0.0030 4 164 329 501
sofa 0.0021 256 156 314 198
sofa 0.0020 254 162 296 191
sofa 0.0018 291 127 332 162
sofa 0.0016 147 141 333 212
sofa 0.0014 259 161 294 178
sofa 0.0013 40 132 74 162
sofa 0.0011 229 154 318 240
sofa 0.0011 266 147 325 168
sofa 0.0010 247 149 285 171
pottedplant 0.0972 212 65 259 99
pottedplant 0.0286 222 63 249 87
pottedplant 0.0211 210 64 223 83
pottedplant 0.0152 192 67 245 98
pottedplant 0.0131 229 74 265 104
pottedplant 0.0085 252 77 265 103
pottedplant 0.0081 253 73 263 92
pottedplant 0.0068 207 66 229 92
pottedplant 0.0064 134 161 165 214
pottedplant 0.0047 227 80 248 102
pottedplant 0.0046 133 58 155 81
pottedplant 0.0033 118 82 131 99
pottedplant 0.0030 171 40 206 78
pottedplant 0.0030 196 60 269 114
pottedplant 0.0028 33 157 313 289
pottedplant 0.0027 232 46 266 96
pottedplant 0.0025 203 73 219 88
pottedplant 0.0024 199 80 237 100
pottedplant 0.0022 227 89 247 115
pottedplant 0.0021 114 75 129 88
pottedplant 0.0020 218 77 241 103
pottedplant 0.0019 103 77 124 99
pottedplant 0.0016 101 64 132 108
pottedplant 0.0015 245 68 268 99
pottedplant 0.0015 182 78 194 86
pottedplant 0.0014 225 102 238 116
pottedplant 0.0013 104 37 130 93
pottedplant 0.0013 91 200 249 288
pottedplant 0.0011 161 158 196 199
pottedplant 0.0010 232 86 261 116
diningtable 0.7402 2 166 330 500
diningtable 0.0302 28 167 309 330
diningtable 0.0237 247 152 330 212
diningtable 0.0133 63 284 254 465
diningtable 0.0115 242 160 298 207
diningtable 0.0114 91 200 249 288
diningtable 0.0099 18 228 296 399
diningtable 0.0090 134 161 165 214
diningtable 0.0090 237 150 303 185
diningtable 0.0082 152 156 203 201
diningtable 0.0057 1 151 32 224
diningtable 0.0055 1 177 19 200
diningtable 0.0052 71 288 284 381
diningtable 0.0051 270 174 310 231
diningtable 0.0049 274 171 334 224
diningtable 0.0041 158 160 185 195
diningtable 0.0039 116 151 198 188
diningtable 0.0038 240 150 312 170
diningtable 0.0038 256 159 315 180
diningtable 0.0038 172 157 205 181
diningtable 0.0037 46 136 291 220
diningtable 0.0036 150 157 194 184
diningtable 0.0033 175 158 213 210
diningtable 0.0032 161 143 223 180
diningtable 0.0031 284 158 331 179
diningtable 0.0031 62 198 102 218
diningtable 0.0031 129 317 177 387
diningtable 0.0030 170 159 195 196
diningtable 0.0030 109 137 139 161
diningtable 0.0027 1 165 8 186
diningtable 0.0025 6 176 26 200
diningtable 0.0025 140 158 161 195
diningtable 0.0025 0 405 328 499
diningtable 0.0024 151 157 171 183
diningtable 0.0024 103 171 246 230
diningtable 0.0024 30 160 87 210
diningtable 0.0024 115 154 236 214
diningtable 0.0024 59 206 95 224
diningtable 0.0022 169 147 210 169
diningtable 0.0021 282 160 332 203
diningtable 0.0021 259 161 294 178
diningtable 0.0020 54 203 100 235
diningtable 0.0020 1 180 28 210
diningtable 0.0018 156 169 233 224
diningtable 0.0018 146 181 330 315
diningtable 0.0017 254 151 298 166
diningtable 0.0016 26 335 324 490
diningtable 0.0016 251 159 284 179
diningtable 0.0015 252 165 333 264
diningtable 0.0015 112 181 276 263
diningtable 0.0015 173 161 251 213
diningtable 0.0014 111 144 135 173
diningtable 0.0014 92 125 132 173
diningtable 0.0014 152 236 189 285
diningtable 0.0014 26 194 92 246
diningtable 0.0013 197 172 236 228
diningtable 0.0013 147 141 333 212
diningtable 0.0013 106 140 123 160
diningtable 0.0013 70 152 209 247
diningtable 0.0012 96 227 249 326
diningtable 0.0012 213 183 247 227
diningtable 0.0012 25 186 136 260
diningtable 0.0011 0 186 75 258
diningtable 0.0011 147 159 287 244
diningtable 0.0011 283 167 330 184
diningtable 0.0011 203 176 223 223
diningtable 0.0011 104 145 124 169
diningtable 0.0010 245 163 290 188
diningtable 0.0010 144 156 157 183
diningtable 0.0010 135 212 204 273
diningtable 0.0010 236 169 271 207
diningtable 0.0010 174 154 188 162
diningtable 0.0010 121 203 221 249
diningtable 0.0010 183 186 252 249
tvmonitor 0.0167 264 41 330 104
tvmonitor 0.0025 166 143 214 175
