person 0.8998 103 123 258 322
person 0.6648 349 151 498 330
person 0.5055 159 200 414 473
person 0.0524 485 154 498 255
person 0.0435 372 172 496 479
person 0.0281 344 154 437 285
person 0.0206 492 145 498 305
person 0.0123 483 144 498 413
person 0.0118 394 223 497 405
person 0.0106 376 227 482 289
person 0.0088 474 152 498 325
person 0.0084 163 181 412 343
person 0.0075 91 155 267 439
person 0.0075 340 240 473 502
person 0.0071 398 198 498 323
person 0.0068 442 154 498 321
person 0.0063 241 227 389 441
person 0.0060 442 124 498 473
person 0.0057 487 156 497 197
person 0.0054 342 0 397 45
person 0.0050 -3 18 66 498
person 0.0047 409 189 487 248
person 0.0046 408 163 492 281
person 0.0043 471 101 498 493
person 0.0041 348 162 479 246
person 0.0034 485 88 498 240
person 0.0032 124 263 351 495
person 0.0031 482 235 498 512
person 0.0024 89 116 478 398
person 0.0020 405 188 469 223
person 0.0019 244 153 482 344
person 0.0018 103 249 319 413
person 0.0016 446 264 497 363
person 0.0015 491 164 498 247
person 0.0015 127 158 235 247
person 0.0015 -1 54 120 445
person 0.0013 94 85 107 121
person 0.0013 492 205 498 324
person 0.0012 159 275 273 483
person 0.0011 456 169 493 264
person 0.0010 182 177 224 218
person 0.0010 348 0 387 11
person 0.0010 447 89 497 279
person 0.0010 489 112 498 205
cat 0.0013 485 154 498 255
dog 0.0014 485 154 498 255
dog 0.0013 342 0 397 45
horse 0.0012 342 0 397 45
bottle 0.1232 182 177 224 218
bottle 0.0102 94 85 107 121
bottle 0.0022 81 97 97 121
bottle 0.0013 78 97 87 120
bottle 0.0012 376 227 482 289
bottle 0.0011 170 170 205 207
bottle 0.0010 347 152 501 326
chair 0.5690 0 374 192 500
chair 0.5409 3 182 185 484
chair 0.5366 174 239 460 501
chair 0.2077 7 174 128 410
chair 0.0533 345 298 456 498
chair 0.0170 379 409 494 500
chair 0.0168 378 304 498 499
chair 0.0126 412 190 472 220
chair 0.0069 37 176 247 415
chair 0.0053 124 263 351 495
chair 0.0040 429 251 498 488
chair 0.0034 120 369 194 500
chair 0.0024 -2 201 98 505
chair 0.0022 159 275 273 483
chair 0.0021 352 154 498 293
chair 0.0021 488 149 498 262
chair 0.0020 481 281 498 506
chair 0.0020 439 411 497 499
chair 0.0019 362 170 496 403
chair 0.0019 93 293 190 381
chair 0.0018 250 323 459 501
chair 0.0018 -13 64 107 455
chair 0.0018 473 440 498 501
chair 0.0017 55 263 207 454
chair 0.0014 409 192 487 244
chair 0.0014 215 205 412 435
chair 0.0013 350 365 433 499
chair 0.0012 309 226 482 493
chair 0.0012 343 166 480 240
chair 0.0012 488 452 498 500
chair 0.0011 446 264 497 363
chair 0.0011 -1 404 104 500
chair 0.0010 492 145 498 305
sofa 0.0091 0 374 192 500
sofa 0.0010 9 190 161 511
sofa 0.0010 347 152 501 326
diningtable 0.0284 152 227 432 503
diningtable 0.0120 90 271 244 457
diningtable 0.0093 100 191 408 399
diningtable 0.0073 94 298 189 376
diningtable 0.0038 95 284 331 499
diningtable 0.0024 429 251 498 488
diningtable 0.0022 376 236 497 498
diningtable 0.0019 103 249 319 413
diningtable 0.0017 42 237 214 481
diningtable 0.0016 120 293 277 378
diningtable 0.0014 409 190 468 222
diningtable 0.0012 0 375 192 500
diningtable 0.0012 13 172 156 496
diningtable 0.0012 408 204 464 226
