person 0.4353 376 145 385 154
person 0.1349 384 146 390 153
person 0.1130 424 68 428 77
person 0.0869 443 52 451 60
person 0.0172 252 41 259 48
person 0.0146 259 41 266 48
person 0.0139 492 72 499 80
person 0.0135 450 51 462 60
person 0.0107 492 46 499 52
person 0.0100 377 143 386 149
person 0.0095 326 13 331 21
person 0.0079 294 180 306 199
person 0.0073 322 40 327 47
person 0.0063 241 43 249 49
person 0.0056 384 143 390 149
person 0.0049 136 49 143 58
person 0.0044 494 60 500 69
person 0.0037 490 48 500 57
person 0.0036 233 84 280 105
person 0.0034 480 47 493 52
person 0.0034 37 51 50 60
person 0.0028 476 48 493 57
person 0.0028 234 43 240 50
person 0.0027 322 13 328 20
person 0.0027 28 59 35 65
person 0.0022 457 50 474 60
person 0.0021 420 60 433 73
person 0.0019 267 42 278 48
person 0.0019 364 61 370 69
person 0.0018 458 48 494 60
person 0.0018 288 42 296 48
person 0.0017 263 164 284 175
person 0.0017 354 60 367 69
person 0.0016 372 143 390 157
person 0.0014 297 11 303 19
person 0.0014 346 90 351 102
person 0.0014 188 42 201 53
person 0.0013 172 42 181 54
person 0.0012 318 2 326 14
person 0.0012 181 49 195 58
person 0.0012 267 164 298 177
person 0.0011 -3 23 505 221
person 0.0011 0 60 5 69
person 0.0011 310 1 317 10
person 0.0010 173 50 183 56
person 0.0010 326 41 334 46
person 0.0010 117 48 127 58
bicycle 0.0047 376 145 385 154
bicycle 0.0012 181 49 195 58
bicycle 0.0010 56 49 89 62
car 0.9813 243 166 310 195
car 0.7590 236 84 287 104
car 0.0416 492 72 499 80
car 0.0331 236 95 252 106
car 0.0223 450 51 462 60
car 0.0142 492 46 499 52
car 0.0131 354 60 367 69
car 0.0119 457 50 474 60
car 0.0113 490 48 500 57
car 0.0095 443 52 451 60
car 0.0081 8 17 487 161
car 0.0079 267 42 278 48
car 0.0076 415 2 486 29
car 0.0075 494 60 500 69
car 0.0063 117 45 127 52
car 0.0056 405 55 418 63
car 0.0048 259 41 266 48
car 0.0043 -9 5 500 96
car 0.0038 272 203 296 212
car 0.0038 490 1 500 28
car 0.0036 293 41 312 48
car 0.0034 37 51 50 60
car 0.0032 252 41 259 48
car 0.0032 405 57 417 67
car 0.0031 480 47 493 52
car 0.0030 236 88 257 105
car 0.0027 -8 25 511 314
car 0.0027 288 42 296 48
car 0.0026 443 48 491 62
car 0.0025 407 56 423 68
car 0.0024 0 60 5 69
car 0.0024 389 57 405 67
car 0.0021 494 17 500 32
car 0.0018 276 42 292 48
car 0.0017 464 181 488 186
car 0.0016 494 177 499 185
car 0.0016 235 41 499 124
car 0.0015 476 48 493 57
car 0.0015 475 1 498 17
car 0.0014 412 4 426 15
car 0.0013 235 18 497 95
car 0.0013 117 48 127 58
car 0.0012 5 53 40 63
car 0.0012 2 12 23 18
car 0.0011 0 0 47 18
car 0.0010 443 49 467 62
car 0.0010 474 179 497 186
motorbike 0.0044 376 145 385 154
motorbike 0.0041 236 95 252 106
motorbike 0.0010 492 72 499 80
bus 0.0078 235 84 288 104
bus 0.0069 458 48 494 60
bus 0.0053 389 57 405 67
bus 0.0050 413 2 481 28
bus 0.0050 405 57 417 67
bus 0.0048 457 50 474 60
bus 0.0029 407 56 423 68
bus 0.0029 490 1 500 28
bus 0.0027 490 48 500 57
bus 0.0025 389 54 446 72
bus 0.0024 450 51 462 60
bus 0.0022 407 54 423 63
bus 0.0022 392 49 464 77
bus 0.0021 406 53 448 63
bus 0.0020 492 72 499 80
bus 0.0019 451 48 480 62
bus 0.0016 494 60 500 69
bus 0.0013 400 55 432 71
bus 0.0011 420 60 433 73
bus 0.0010 378 55 419 71
bus 0.0010 368 58 393 69
train 0.0024 351 50 476 76
train 0.0011 404 46 499 75
train 0.0010 453 47 499 62
boat 0.0010 492 72 499 80
dog 0.0016 376 145 385 154
horse 0.0058 376 145 385 154
cow 0.0014 376 145 385 154
chair 0.0040 37 51 50 60
chair 0.0022 40 50 64 62
chair 0.0016 252 41 259 48
chair 0.0015 188 42 201 53
chair 0.0015 177 41 199 53
chair 0.0014 172 42 181 54
chair 0.0010 376 145 385 154
