bird 0.8586 152 52 246 115
bird 0.8572 134 334 216 423
bird 0.0093 129 26 259 109
bird 0.0076 0 350 133 445
bird 0.0061 131 258 220 412
bird 0.0057 288 36 324 64
bird 0.0046 181 211 247 261
bird 0.0030 120 297 244 435
bird 0.0029 93 -1 281 47
bird 0.0029 107 0 249 25
bird 0.0025 258 29 329 65
bird 0.0024 234 -1 365 60
bird 0.0023 102 38 269 153
bird 0.0018 316 0 377 10
bird 0.0017 129 0 229 52
bird 0.0015 2 0 51 45
bird 0.0015 0 19 147 317
bird 0.0014 52 -10 324 123
bird 0.0014 153 0 269 8
bird 0.0014 235 0 322 10
bird 0.0013 55 -7 316 277
