bottle 0.0291 319 55 329 75
bottle 0.0262 327 41 340 70
bottle 0.0161 308 58 320 74
bottle 0.0140 384 47 394 64
bottle 0.0111 376 49 383 63
bottle 0.0096 357 58 367 74
bottle 0.0093 307 41 321 72
bottle 0.0078 395 46 404 65
bottle 0.0076 382 36 394 62
bottle 0.0075 298 59 309 73
bottle 0.0063 292 61 299 73
bottle 0.0056 295 41 310 72
bottle 0.0056 337 62 349 74
bottle 0.0052 334 47 349 67
bottle 0.0050 347 60 357 73
bottle 0.0044 355 51 366 66
bottle 0.0041 317 46 329 71
bottle 0.0037 343 50 357 65
bottle 0.0030 367 52 376 63
bottle 0.0026 363 34 374 61
bottle 0.0024 326 55 339 74
bottle 0.0016 404 45 409 66
bottle 0.0015 334 36 350 58
bottle 0.0014 374 37 385 61
bottle 0.0012 306 37 319 57
bottle 0.0011 325 37 342 62
bottle 0.0011 366 61 377 73
bottle 0.0010 382 63 396 74
chair 0.9472 353 148 397 194
chair 0.8477 162 96 214 149
chair 0.7772 419 165 495 235
chair 0.6842 89 182 125 288
chair 0.5599 360 216 497 329
chair 0.5497 360 294 500 375
chair 0.5091 73 176 128 365
chair 0.4691 319 111 354 172
chair 0.4327 105 140 131 186
chair 0.3917 284 123 306 152
chair 0.2846 67 150 103 205
chair 0.2427 105 105 144 142
chair 0.1902 93 146 128 208
chair 0.1832 96 167 126 225
chair 0.1820 80 123 130 196
chair 0.1326 303 125 324 161
chair 0.1057 385 158 497 293
chair 0.1019 355 116 405 191
chair 0.0480 67 122 114 205
chair 0.0466 474 152 500 237
chair 0.0367 84 145 127 250
chair 0.0333 85 167 160 374
chair 0.0317 75 109 127 167
chair 0.0308 447 136 499 177
chair 0.0287 359 119 404 155
chair 0.0253 284 117 315 161
chair 0.0216 315 222 506 373
chair 0.0199 315 113 413 183
chair 0.0185 164 96 213 118
chair 0.0159 379 233 496 285
chair 0.0152 107 109 131 179
chair 0.0137 485 169 500 234
chair 0.0130 451 147 500 238
chair 0.0128 298 119 333 165
chair 0.0127 103 165 132 261
chair 0.0125 67 141 98 187
chair 0.0119 86 179 120 244
chair 0.0103 50 113 148 356
chair 0.0089 70 178 115 284
chair 0.0079 95 104 128 146
chair 0.0079 73 167 106 214
chair 0.0076 427 135 484 176
chair 0.0072 87 204 130 333
chair 0.0071 471 140 498 168
chair 0.0070 111 131 127 158
chair 0.0064 433 155 500 277
chair 0.0063 67 155 80 188
chair 0.0058 324 134 352 174
chair 0.0056 102 134 124 175
chair 0.0054 287 101 312 149
chair 0.0050 165 98 187 115
chair 0.0044 492 140 500 168
chair 0.0041 97 136 141 223
chair 0.0041 428 133 501 212
chair 0.0040 66 155 83 207
chair 0.0040 97 169 137 303
chair 0.0039 85 108 156 208
chair 0.0039 238 104 284 147
chair 0.0038 175 108 213 157
chair 0.0034 472 178 500 288
chair 0.0032 108 119 131 147
chair 0.0030 86 173 239 374
chair 0.0030 173 118 204 148
chair 0.0028 235 298 511 369
chair 0.0027 488 128 500 220
chair 0.0026 458 181 497 239
chair 0.0026 324 122 502 347
chair 0.0025 456 192 495 274
chair 0.0025 93 165 111 200
chair 0.0023 302 118 370 190
chair 0.0022 467 132 500 215
chair 0.0022 247 139 281 165
chair 0.0021 66 122 453 358
chair 0.0021 292 127 349 177
chair 0.0020 87 108 116 143
chair 0.0020 105 104 115 125
chair 0.0019 151 314 366 371
chair 0.0019 491 148 500 197
chair 0.0019 290 102 312 129
chair 0.0019 462 225 494 253
chair 0.0019 160 97 196 135
chair 0.0018 97 105 146 173
chair 0.0018 77 148 104 179
chair 0.0017 69 176 94 208
chair 0.0016 460 147 493 177
chair 0.0016 246 119 281 147
chair 0.0015 100 109 174 141
chair 0.0015 278 123 460 234
chair 0.0015 325 110 353 140
chair 0.0015 175 131 216 159
chair 0.0014 280 127 318 178
chair 0.0013 384 217 491 266
chair 0.0013 127 234 516 368
chair 0.0013 88 182 117 220
chair 0.0013 107 186 130 312
chair 0.0013 378 152 401 196
chair 0.0013 72 143 89 164
chair 0.0013 67 157 99 245
chair 0.0011 303 102 377 151
chair 0.0011 339 131 358 178
sofa 0.1328 358 213 501 328
sofa 0.0608 162 96 214 149
sofa 0.0526 105 105 144 142
sofa 0.0223 72 102 125 207
sofa 0.0198 358 246 501 378
sofa 0.0095 319 111 354 172
sofa 0.0093 354 128 403 194
sofa 0.0089 76 156 123 306
sofa 0.0075 -2 107 113 182
sofa 0.0061 66 150 104 206
sofa 0.0061 385 158 497 293
sofa 0.0048 311 108 402 173
sofa 0.0046 418 164 497 236
sofa 0.0035 105 140 131 186
sofa 0.0034 327 302 502 371
sofa 0.0034 92 145 129 209
sofa 0.0031 89 105 131 143
sofa 0.0029 359 119 405 156
sofa 0.0017 66 122 453 358
sofa 0.0015 50 113 148 356
sofa 0.0014 79 106 124 165
sofa 0.0014 100 109 174 141
sofa 0.0014 472 178 500 244
sofa 0.0013 285 120 312 159
sofa 0.0012 242 225 507 371
sofa 0.0011 96 165 127 227
sofa 0.0010 97 105 146 173
pottedplant 0.2639 202 0 278 49
pottedplant 0.1167 69 123 450 358
pottedplant 0.0470 172 134 336 250
pottedplant 0.0089 220 165 340 261
pottedplant 0.0077 252 181 334 247
pottedplant 0.0069 363 34 375 61
pottedplant 0.0066 382 36 395 62
pottedplant 0.0064 188 136 255 171
pottedplant 0.0048 67 113 117 203
pottedplant 0.0047 343 50 357 65
pottedplant 0.0044 355 51 366 66
pottedplant 0.0044 307 40 321 72
pottedplant 0.0040 179 136 215 171
pottedplant 0.0038 391 34 407 62
pottedplant 0.0037 294 40 310 73
pottedplant 0.0036 353 37 366 59
pottedplant 0.0026 376 49 383 63
pottedplant 0.0024 374 37 385 61
pottedplant 0.0024 173 140 271 216
pottedplant 0.0022 395 46 404 65
pottedplant 0.0022 384 47 394 64
pottedplant 0.0022 192 6 302 138
pottedplant 0.0019 347 60 357 73
pottedplant 0.0018 127 112 356 315
pottedplant 0.0018 313 37 332 56
pottedplant 0.0017 202 0 232 38
pottedplant 0.0017 357 58 367 74
pottedplant 0.0016 162 96 214 152
pottedplant 0.0016 66 150 104 206
pottedplant 0.0015 367 52 376 63
pottedplant 0.0013 267 179 283 201
pottedplant 0.0013 341 46 361 69
pottedplant 0.0012 119 109 383 204
pottedplant 0.0012 343 37 360 60
pottedplant 0.0011 349 46 370 70
pottedplant 0.0011 315 43 330 73
pottedplant 0.0011 152 -6 345 159
pottedplant 0.0010 168 122 311 201
pottedplant 0.0010 334 47 349 67
pottedplant 0.0010 370 34 389 62
pottedplant 0.0010 306 37 320 59
pottedplant 0.0010 328 43 353 70
pottedplant 0.0010 298 59 309 73
diningtable 0.7362 84 135 478 369
diningtable 0.0035 161 132 349 255
diningtable 0.0029 424 157 502 238
diningtable 0.0018 474 152 500 237
diningtable 0.0016 236 139 287 171
diningtable 0.0015 190 139 284 176
diningtable 0.0012 220 165 340 261
diningtable 0.0012 170 146 417 322
diningtable 0.0011 358 213 501 328
diningtable 0.0010 486 130 500 236
diningtable 0.0010 105 222 408 369
tvmonitor 0.0332 440 21 468 57
tvmonitor 0.0011 81 35 141 83
