person 0.0213 301 155 339 204
person 0.0055 304 154 324 191
person 0.0055 291 152 311 193
person 0.0041 293 162 308 182
person 0.0029 433 147 444 155
person 0.0021 287 164 303 202
person 0.0020 287 156 320 204
person 0.0020 304 151 321 170
person 0.0013 318 153 328 166
person 0.0012 370 85 375 101
person 0.0012 481 0 500 85
person 0.0011 88 114 108 146
train 0.0016 259 122 290 201
bottle 0.0030 118 122 126 145
bottle 0.0029 370 85 375 101
bottle 0.0028 440 190 456 205
bottle 0.0011 384 105 393 119
bottle 0.0010 0 95 83 331
chair 0.3501 301 155 339 203
chair 0.1772 157 170 174 209
chair 0.1465 288 230 423 331
chair 0.0986 161 171 203 209
chair 0.0471 292 165 311 200
chair 0.0408 66 281 84 327
chair 0.0385 206 166 222 198
chair 0.0290 288 302 415 331
chair 0.0272 319 163 341 200
chair 0.0156 343 234 467 329
chair 0.0153 167 162 224 202
chair 0.0126 294 171 329 205
chair 0.0093 316 144 328 161
chair 0.0086 377 235 401 318
chair 0.0085 326 154 339 166
chair 0.0082 152 164 182 214
chair 0.0076 318 153 328 166
chair 0.0074 390 253 446 331
chair 0.0072 152 162 170 205
chair 0.0071 287 164 303 202
chair 0.0067 398 201 476 219
chair 0.0064 322 165 339 176
chair 0.0060 492 219 500 255
chair 0.0059 287 156 320 204
chair 0.0056 288 179 300 201
chair 0.0056 321 180 392 326
chair 0.0053 344 166 360 192
chair 0.0051 361 143 382 164
chair 0.0048 390 215 500 329
chair 0.0048 196 155 211 165
chair 0.0048 308 174 336 205
chair 0.0045 207 165 222 178
chair 0.0045 176 172 197 187
chair 0.0041 474 186 499 209
chair 0.0037 320 157 340 186
chair 0.0037 493 188 500 211
chair 0.0036 382 232 396 265
chair 0.0036 41 110 525 301
chair 0.0035 373 234 423 319
chair 0.0034 425 190 447 205
chair 0.0031 304 154 324 191
chair 0.0030 312 147 332 173
chair 0.0030 304 151 321 170
chair 0.0029 469 203 500 220
chair 0.0028 170 172 186 185
chair 0.0028 276 287 424 326
chair 0.0028 444 237 500 315
chair 0.0028 196 166 219 177
chair 0.0027 300 158 497 330
chair 0.0027 418 180 478 203
chair 0.0023 340 138 361 185
chair 0.0021 293 162 308 182
chair 0.0020 416 188 457 207
chair 0.0020 119 160 164 204
chair 0.0020 152 162 167 175
chair 0.0020 15 116 492 207
chair 0.0020 298 148 327 173
chair 0.0019 181 150 194 165
chair 0.0019 396 259 440 295
chair 0.0017 208 171 244 188
chair 0.0017 159 184 171 211
chair 0.0016 328 149 338 160
chair 0.0015 293 151 308 167
chair 0.0015 304 145 320 159
chair 0.0014 60 180 108 255
chair 0.0014 163 147 177 162
chair 0.0014 61 161 88 180
chair 0.0014 424 183 450 202
chair 0.0013 452 184 480 199
chair 0.0013 193 159 221 184
chair 0.0013 355 237 405 334
chair 0.0012 445 215 500 247
chair 0.0012 426 152 470 188
chair 0.0012 309 142 330 164
chair 0.0012 491 213 500 281
chair 0.0012 205 159 223 186
chair 0.0012 487 213 500 247
chair 0.0012 300 284 491 333
chair 0.0011 475 203 500 260
chair 0.0011 290 145 311 175
chair 0.0011 383 272 395 303
chair 0.0011 182 170 211 191
chair 0.0010 440 286 500 332
chair 0.0010 179 176 210 204
chair 0.0010 192 169 222 205
chair 0.0010 491 202 500 218
chair 0.0010 288 151 301 165
chair 0.0010 339 168 375 301
chair 0.0010 384 151 471 189
sofa 0.0013 66 280 84 328
sofa 0.0013 390 215 500 329
sofa 0.0010 303 155 340 205
diningtable 0.0245 390 215 500 329
diningtable 0.0233 61 177 112 221
diningtable 0.0202 157 157 214 206
diningtable 0.0195 398 216 499 247
diningtable 0.0087 397 197 498 230
diningtable 0.0082 398 201 476 219
diningtable 0.0064 63 175 104 189
diningtable 0.0062 410 187 481 208
diningtable 0.0049 164 171 206 208
diningtable 0.0046 418 180 478 203
diningtable 0.0044 61 178 108 197
diningtable 0.0040 386 161 501 250
diningtable 0.0038 87 161 159 244
diningtable 0.0037 444 237 500 315
diningtable 0.0032 394 181 478 215
diningtable 0.0029 285 312 417 331
diningtable 0.0026 322 165 339 176
diningtable 0.0025 421 188 452 206
diningtable 0.0021 343 234 467 329
diningtable 0.0018 195 166 221 198
diningtable 0.0017 62 151 110 207
diningtable 0.0017 286 221 505 333
diningtable 0.0015 381 202 495 263
diningtable 0.0014 168 161 223 183
diningtable 0.0012 300 284 491 333
diningtable 0.0011 321 165 341 197
diningtable 0.0011 66 281 84 327
tvmonitor 0.2335 181 150 194 165
tvmonitor 0.0687 361 143 382 164
tvmonitor 0.0681 163 147 177 162
tvmonitor 0.0410 157 95 207 149
tvmonitor 0.0364 471 129 499 169
tvmonitor 0.0187 340 139 361 166
tvmonitor 0.0175 87 108 109 143
tvmonitor 0.0162 260 123 290 199
tvmonitor 0.0125 391 144 404 155
tvmonitor 0.0125 288 146 300 162
tvmonitor 0.0122 164 148 190 168
tvmonitor 0.0121 169 146 182 162
tvmonitor 0.0106 219 91 237 101
tvmonitor 0.0078 370 144 383 161
tvmonitor 0.0073 476 38 500 92
tvmonitor 0.0064 316 144 328 161
tvmonitor 0.0060 340 138 364 186
tvmonitor 0.0050 444 239 500 313
tvmonitor 0.0040 298 144 308 162
tvmonitor 0.0038 394 215 500 327
tvmonitor 0.0037 -1 100 68 330
tvmonitor 0.0035 492 219 500 255
tvmonitor 0.0035 295 139 312 145
tvmonitor 0.0032 389 150 471 198
tvmonitor 0.0032 352 116 394 150
tvmonitor 0.0027 85 117 102 147
tvmonitor 0.0027 304 145 320 159
tvmonitor 0.0025 262 123 288 162
tvmonitor 0.0025 289 142 334 163
tvmonitor 0.0024 349 87 370 99
tvmonitor 0.0023 491 128 500 170
tvmonitor 0.0022 398 216 499 247
tvmonitor 0.0022 293 141 312 164
tvmonitor 0.0019 179 106 190 115
tvmonitor 0.0018 196 155 211 165
tvmonitor 0.0017 262 123 288 142
tvmonitor 0.0016 376 143 401 157
tvmonitor 0.0016 1 105 62 235
tvmonitor 0.0016 347 98 399 130
tvmonitor 0.0016 343 123 399 140
tvmonitor 0.0014 118 122 138 147
tvmonitor 0.0014 377 148 400 176
tvmonitor 0.0014 116 92 206 154
tvmonitor 0.0014 362 125 380 138
tvmonitor 0.0014 356 138 393 173
tvmonitor 0.0014 427 113 444 131
tvmonitor 0.0013 290 127 298 140
tvmonitor 0.0013 459 102 470 119
tvmonitor 0.0012 285 143 304 165
tvmonitor 0.0012 281 134 320 182
tvmonitor 0.0012 107 146 133 158
tvmonitor 0.0011 370 127 388 138
tvmonitor 0.0011 326 154 339 166
tvmonitor 0.0011 381 40 453 54
tvmonitor 0.0011 290 139 300 147
tvmonitor 0.0011 84 108 113 172
tvmonitor 0.0010 426 152 470 188
tvmonitor 0.0010 433 147 444 155
tvmonitor 0.0010 454 104 463 119
tvmonitor 0.0010 492 124 500 139
tvmonitor 0.0010 152 149 165 159
