person 0.0959 403 303 411 313
person 0.0056 407 312 414 320
person 0.0044 410 312 423 322
person 0.0037 414 308 454 323
person 0.0015 407 304 427 314
person 0.0013 424 306 447 315
car 0.6341 409 309 450 323
car 0.0362 403 303 411 313
car 0.0143 410 312 423 322
car 0.0052 495 302 500 315
car 0.0049 401 304 462 325
car 0.0029 495 310 500 321
car 0.0026 410 306 447 316
car 0.0018 439 310 451 321
car 0.0017 407 312 414 320
car 0.0016 407 304 427 314
car 0.0015 401 302 498 330
car 0.0015 407 301 450 320
car 0.0013 393 304 409 313
car 0.0011 405 309 431 323
car 0.0010 495 278 500 318
motorbike 0.0013 403 303 411 313
aeroplane 0.0081 406 305 453 325
aeroplane 0.0039 401 302 498 330
bus 0.0049 409 309 450 323
boat 0.0592 409 309 450 323
boat 0.0033 403 303 411 313
boat 0.0013 410 312 423 322
boat 0.0011 401 302 498 330
boat 0.0010 401 304 462 325
bird 0.0030 403 303 411 313
