person 0.9845 83 10 499 376
person 0.0069 0 226 9 369
person 0.0031 -1 245 45 373
person 0.0014 0 184 14 288
person 0.0013 0 205 15 343
person 0.0010 0 51 69 333
person 0.0010 0 148 15 251
bottle 0.9772 0 251 45 373
bottle 0.1819 34 229 174 374
bottle 0.1708 235 277 255 303
bottle 0.1260 0 193 14 314
bottle 0.1126 227 279 259 375
bottle 0.1110 0 171 14 259
bottle 0.1097 0 231 9 307
bottle 0.1022 193 278 259 374
bottle 0.0479 28 320 70 374
bottle 0.0323 185 331 227 374
bottle 0.0304 18 256 67 376
bottle 0.0291 -1 227 18 356
bottle 0.0162 0 213 11 285
bottle 0.0140 187 335 259 375
bottle 0.0104 70 208 255 373
bottle 0.0092 0 246 8 368
bottle 0.0086 149 240 274 367
bottle 0.0073 0 165 14 219
bottle 0.0066 0 116 15 243
bottle 0.0066 0 238 25 301
bottle 0.0062 4 316 61 376
bottle 0.0062 234 278 256 335
bottle 0.0055 6 246 93 371
bottle 0.0049 141 248 176 368
bottle 0.0036 188 349 225 375
bottle 0.0029 0 227 47 321
bottle 0.0029 161 322 244 375
bottle 0.0028 126 257 193 372
bottle 0.0027 33 294 90 372
bottle 0.0025 -1 182 24 329
bottle 0.0022 0 87 62 362
bottle 0.0022 100 214 184 369
bottle 0.0020 0 275 4 339
bottle 0.0020 0 248 31 329
bottle 0.0019 -2 156 193 378
bottle 0.0017 -4 246 48 293
bottle 0.0015 12 281 53 371
bottle 0.0013 225 274 261 320
bottle 0.0012 0 144 13 203
bottle 0.0012 236 278 275 319
bottle 0.0012 0 115 25 278
bottle 0.0011 0 285 29 372
bottle 0.0011 151 253 181 342
bottle 0.0010 167 267 244 364
chair 0.0014 235 277 255 303
diningtable 0.0047 24 218 231 372
