bottle 0.9907 192 45 214 126
bottle 0.9882 220 45 243 125
bottle 0.0018 267 142 303 210
chair 0.0310 156 44 502 277
chair 0.0185 453 82 501 279
chair 0.0151 371 38 501 180
chair 0.0084 456 224 499 271
chair 0.0044 202 152 503 274
chair 0.0032 392 55 500 282
chair 0.0016 167 173 257 268
chair 0.0016 210 208 499 281
chair 0.0012 454 227 500 326
chair 0.0010 451 197 499 292
sofa 0.9219 156 44 502 275
sofa 0.0192 453 82 501 279
sofa 0.0065 199 169 482 274
sofa 0.0032 167 173 257 268
sofa 0.0028 392 55 500 282
sofa 0.0026 371 38 501 180
sofa 0.0014 165 125 397 276
sofa 0.0010 456 226 500 270
pottedplant 0.8099 82 143 185 226
pottedplant 0.0022 12 -4 272 221
pottedplant 0.0014 100 141 138 182
diningtable 0.0017 3 243 103 271
