person 0.0011 0 -7 20 325
person 0.0010 56 -2 446 331
person 0.0010 0 3 107 325
boat 0.0034 398 -2 500 323
boat 0.0021 56 -2 446 331
boat 0.0010 301 -3 502 326
bird 0.2882 68 7 435 322
bird 0.2733 300 69 378 140
bird 0.1116 175 0 307 146
bird 0.0293 237 170 411 324
bird 0.0255 102 114 387 243
bird 0.0240 114 140 452 325
bird 0.0098 109 112 240 241
bird 0.0045 137 -4 383 244
bird 0.0030 217 15 430 160
bird 0.0018 88 119 311 314
bird 0.0014 445 289 500 333
cat 0.0022 175 0 307 146
cat 0.0013 68 7 435 322
dog 0.0140 68 7 435 322
dog 0.0034 177 6 307 141
dog 0.0011 47 119 384 284
dog 0.0010 111 141 454 325
sheep 0.0110 68 7 435 322
sheep 0.0028 178 4 305 142
sheep 0.0014 302 65 375 143
bottle 0.0016 151 0 210 78
chair 0.0011 0 0 21 82
diningtable 0.0030 56 -2 446 331
diningtable 0.0016 398 -1 500 323
tvmonitor 0.0011 398 -2 500 323
