person 0.9835 29 110 71 180
person 0.9684 90 95 178 260
person 0.9421 287 40 423 363
person 0.3077 494 119 499 134
person 0.1765 493 150 499 159
person 0.0972 493 150 500 177
person 0.0646 439 160 448 166
person 0.0307 437 160 444 167
person 0.0151 494 134 499 151
person 0.0115 494 161 499 180
person 0.0115 464 150 470 155
person 0.0086 422 149 428 158
person 0.0071 493 117 500 149
person 0.0053 78 167 143 258
person 0.0030 468 151 478 157
person 0.0026 97 166 140 221
person 0.0025 460 104 467 109
person 0.0022 29 146 75 203
person 0.0015 494 99 500 134
person 0.0015 57 122 70 166
person 0.0015 315 59 421 218
person 0.0013 0 191 3 232
person 0.0013 434 149 443 157
person 0.0012 51 112 72 176
person 0.0012 490 142 501 166
person 0.0010 64 174 173 270
person 0.0010 276 51 397 245
person 0.0010 442 144 449 149
bicycle 0.9901 185 178 493 366
bicycle 0.9841 29 146 75 203
bicycle 0.8275 63 182 173 268
bicycle 0.0248 30 112 71 190
bicycle 0.0048 276 69 433 394
bicycle 0.0039 61 199 124 270
bicycle 0.0023 38 151 69 193
bicycle 0.0021 83 202 156 271
bicycle 0.0018 105 172 170 253
bicycle 0.0015 80 124 170 263
bicycle 0.0013 45 147 62 178
boat 0.0150 493 150 499 159
boat 0.0038 493 150 500 177
boat 0.0027 494 119 499 134
boat 0.0025 494 134 499 151
boat 0.0011 195 179 506 374
boat 0.0010 494 161 499 180
bird 0.0037 493 150 499 159
bird 0.0012 439 160 448 166
bird 0.0012 494 161 499 180
bird 0.0010 493 150 500 177
dog 0.0017 493 150 499 159
dog 0.0015 493 150 500 177
dog 0.0010 494 161 499 180
horse 0.0031 493 150 500 177
horse 0.0026 493 150 499 159
cow 0.0010 493 150 499 159
bottle 0.0434 401 221 426 276
bottle 0.0031 394 193 426 271
chair 0.0010 493 150 500 177
