person 0.9956 205 2 502 374
person 0.8802 0 61 113 378
person 0.2101 469 46 500 158
person 0.0660 453 44 500 192
person 0.0557 452 37 500 352
person 0.0398 471 47 500 266
person 0.0373 23 165 73 267
person 0.0184 32 177 63 253
person 0.0080 275 114 309 154
person 0.0072 15 103 83 299
person 0.0070 34 209 67 248
person 0.0069 484 52 501 176
person 0.0059 265 119 283 149
person 0.0052 4 79 175 307
person 0.0042 258 109 271 141
person 0.0041 -2 63 270 373
person 0.0038 0 0 5 41
person 0.0031 0 95 52 339
person 0.0025 15 187 82 325
person 0.0023 271 107 300 147
person 0.0019 412 22 500 366
person 0.0018 254 114 274 152
person 0.0018 250 113 263 138
person 0.0013 263 119 305 165
person 0.0012 219 163 252 183
person 0.0012 491 66 500 221
person 0.0012 277 108 289 126
person 0.0012 469 100 500 369
person 0.0011 -1 0 9 56
person 0.0011 258 122 288 163
person 0.0010 445 46 491 145
person 0.0010 29 128 68 227
bottle 0.4017 202 114 214 153
bottle 0.3966 221 120 231 153
bottle 0.2996 232 120 240 152
bottle 0.2580 195 302 238 373
bottle 0.2522 61 1 82 33
bottle 0.1983 168 108 183 156
bottle 0.1753 58 2 69 33
bottle 0.1752 189 116 203 154
bottle 0.1579 115 158 125 183
bottle 0.1404 237 118 252 153
bottle 0.1335 23 61 309 242
bottle 0.1252 183 112 196 155
bottle 0.0940 82 79 103 129
bottle 0.0936 105 162 115 184
bottle 0.0861 211 115 222 152
bottle 0.0776 87 162 96 185
bottle 0.0746 250 115 263 151
bottle 0.0743 96 162 106 185
bottle 0.0700 124 160 134 183
bottle 0.0603 60 78 78 129
bottle 0.0537 177 192 194 234
bottle 0.0527 204 304 227 347
bottle 0.0516 71 1 92 32
bottle 0.0514 96 9 108 29
bottle 0.0510 76 81 89 127
bottle 0.0485 189 192 203 232
bottle 0.0457 76 163 86 184
bottle 0.0413 90 80 109 127
bottle 0.0406 131 159 143 182
bottle 0.0393 126 215 134 226
bottle 0.0331 110 69 131 126
bottle 0.0310 105 215 114 227
bottle 0.0306 159 131 172 155
bottle 0.0293 172 194 188 233
bottle 0.0271 170 102 190 151
bottle 0.0255 13 37 165 253
bottle 0.0218 181 2 504 372
bottle 0.0215 162 203 178 235
bottle 0.0215 116 217 125 226
bottle 0.0207 197 187 212 232
bottle 0.0206 35 176 66 247
bottle 0.0204 150 203 168 236
bottle 0.0203 183 128 194 154
bottle 0.0197 133 213 142 226
bottle 0.0194 184 100 203 154
bottle 0.0193 161 111 175 155
bottle 0.0170 275 114 308 154
bottle 0.0160 233 117 240 134
bottle 0.0154 239 117 250 134
bottle 0.0152 103 57 321 170
bottle 0.0149 239 109 329 200
bottle 0.0148 60 67 444 297
bottle 0.0145 52 41 451 184
bottle 0.0141 256 131 273 156
bottle 0.0141 59 252 79 306
bottle 0.0138 107 9 119 29
bottle 0.0136 53 129 64 158
bottle 0.0136 178 108 221 157
bottle 0.0133 251 152 309 200
bottle 0.0130 0 36 114 364
bottle 0.0119 143 207 153 237
bottle 0.0114 213 131 221 153
bottle 0.0113 345 289 396 370
bottle 0.0112 147 115 359 261
bottle 0.0109 153 310 258 369
bottle 0.0105 259 109 270 139
bottle 0.0097 70 164 78 185
bottle 0.0096 103 70 120 126
bottle 0.0095 221 117 230 136
bottle 0.0094 265 119 283 149
bottle 0.0093 94 216 107 227
bottle 0.0093 86 215 98 228
bottle 0.0090 58 76 72 120
bottle 0.0083 255 114 274 152
bottle 0.0082 250 132 261 155
bottle 0.0075 193 304 221 346
bottle 0.0074 163 108 279 161
bottle 0.0073 -2 84 266 350
bottle 0.0073 212 115 268 157
bottle 0.0070 141 113 160 154
bottle 0.0069 202 87 211 99
bottle 0.0067 213 104 222 127
bottle 0.0064 170 130 183 154
bottle 0.0061 162 97 203 154
bottle 0.0059 38 161 64 223
bottle 0.0056 96 79 108 116
bottle 0.0056 260 107 269 128
bottle 0.0055 201 181 213 202
bottle 0.0055 140 93 267 179
bottle 0.0054 188 307 209 344
bottle 0.0054 168 103 182 126
bottle 0.0053 79 1 98 32
bottle 0.0050 245 113 277 163
bottle 0.0048 182 192 192 208
bottle 0.0048 48 128 162 268
bottle 0.0046 133 154 146 178
bottle 0.0045 91 161 110 185
bottle 0.0044 253 130 276 176
bottle 0.0044 159 319 208 375
bottle 0.0043 258 110 306 161
chair 0.0137 56 244 149 308
chair 0.0119 64 258 131 367
chair 0.0042 60 259 105 322
chair 0.0024 468 205 500 378
chair 0.0022 472 319 500 375
chair 0.0015 94 254 143 303
chair 0.0014 489 315 500 377
chair 0.0012 104 261 138 326
chair 0.0012 118 295 198 354
chair 0.0010 35 238 206 314
diningtable 0.0754 105 301 225 370
diningtable 0.0317 154 315 208 378
diningtable 0.0267 153 310 258 369
diningtable 0.0195 77 305 494 371
diningtable 0.0117 118 295 198 354
diningtable 0.0066 76 284 273 376
diningtable 0.0049 75 328 216 373
diningtable 0.0043 144 331 217 396
diningtable 0.0030 209 37 501 384
diningtable 0.0028 191 310 241 375
diningtable 0.0023 68 336 256 395
diningtable 0.0022 345 291 405 373
diningtable 0.0018 78 239 493 369
diningtable 0.0016 472 319 500 375
diningtable 0.0015 78 347 212 382
diningtable 0.0013 123 246 289 367
diningtable 0.0011 488 312 500 378
tvmonitor 0.8586 185 2 316 62
tvmonitor 0.3465 0 0 43 62
tvmonitor 0.0119 205 0 302 42
tvmonitor 0.0099 0 0 5 41
tvmonitor 0.0053 -1 0 9 56
tvmonitor 0.0033 1 5 27 51
tvmonitor 0.0019 0 0 47 121
tvmonitor 0.0013 186 -27 328 48
tvmonitor 0.0012 168 -1 396 71
tvmonitor 0.0010 9 11 35 47
tvmonitor 0.0010 0 19 6 53
