person 0.0368 29 191 35 198
person 0.0108 41 195 47 202
person 0.0086 183 317 196 332
person 0.0081 13 188 19 195
person 0.0050 62 198 66 204
person 0.0050 308 175 333 188
person 0.0048 68 198 75 205
person 0.0041 39 192 47 199
person 0.0036 123 331 132 345
person 0.0033 0 186 5 193
person 0.0032 80 200 87 207
person 0.0031 85 200 90 208
person 0.0030 120 209 125 217
person 0.0028 273 155 289 189
person 0.0025 298 153 346 209
person 0.0021 270 157 283 187
person 0.0019 108 207 113 214
person 0.0016 50 189 56 197
person 0.0016 125 210 132 217
person 0.0013 187 316 200 338
person 0.0010 134 211 139 218
person 0.0010 300 173 327 190
car 0.0049 13 188 19 195
car 0.0032 0 186 5 193
car 0.0030 29 191 35 198
car 0.0027 357 166 399 184
car 0.0026 494 177 499 188
car 0.0016 357 166 424 188
car 0.0015 189 129 342 240
car 0.0015 0 138 8 146
car 0.0015 8 156 487 369
car 0.0012 495 185 499 216
car 0.0011 486 324 500 370
aeroplane 0.0011 355 165 500 213
bus 0.0451 196 129 356 239
train 0.9888 196 129 356 239
train 0.0162 -3 149 362 223
train 0.0160 1 158 196 213
train 0.0070 355 165 500 213
train 0.0027 356 168 481 193
train 0.0021 357 166 424 188
train 0.0020 284 144 352 215
train 0.0020 79 93 420 287
train 0.0014 237 136 421 227
train 0.0010 2 101 194 213
train 0.0010 358 167 499 263
bird 0.0020 41 195 47 202
bird 0.0017 13 188 19 195
bird 0.0010 62 198 66 204
bird 0.0010 29 191 35 198
pottedplant 0.0053 183 317 196 332
