person 0.6000 428 228 501 371
person 0.1799 399 226 405 233
person 0.0357 492 191 500 225
person 0.0254 169 223 191 243
person 0.0195 169 232 190 244
person 0.0091 307 218 501 374
person 0.0077 474 222 500 369
person 0.0055 493 211 500 229
person 0.0036 -14 196 513 252
person 0.0036 408 151 502 368
person 0.0027 145 195 514 343
person 0.0020 491 171 500 216
person 0.0018 483 167 500 229
person 0.0014 477 216 493 224
person 0.0013 490 193 500 245
person 0.0011 481 156 500 315
person 0.0010 316 216 323 221
car 0.0015 491 185 500 223
boat 0.8655 168 147 196 245
boat 0.1850 169 232 190 244
boat 0.1597 399 226 405 233
boat 0.1087 61 204 99 216
boat 0.0381 169 223 191 243
boat 0.0190 491 185 500 223
boat 0.0190 316 216 323 221
boat 0.0158 54 211 66 216
boat 0.0090 220 197 226 203
boat 0.0080 47 212 62 216
boat 0.0079 61 197 100 213
boat 0.0070 325 218 339 222
boat 0.0053 239 217 251 220
boat 0.0047 334 219 345 222
boat 0.0046 307 218 319 222
boat 0.0041 97 205 161 219
boat 0.0041 238 210 248 216
boat 0.0041 17 210 27 215
boat 0.0038 107 209 151 217
boat 0.0036 96 209 122 217
boat 0.0035 258 218 272 222
boat 0.0034 52 215 67 219
boat 0.0034 169 204 189 240
boat 0.0033 325 206 339 213
boat 0.0030 268 218 280 222
boat 0.0029 232 216 241 220
boat 0.0028 246 217 262 221
boat 0.0028 47 215 62 219
boat 0.0026 404 217 411 224
boat 0.0025 -14 196 513 252
boat 0.0025 91 208 113 216
boat 0.0024 293 218 312 222
boat 0.0024 217 210 233 217
boat 0.0023 342 218 359 222
boat 0.0019 16 216 26 220
boat 0.0019 315 210 327 216
boat 0.0019 441 219 453 224
boat 0.0019 211 198 223 204
boat 0.0018 355 218 366 222
boat 0.0018 103 215 117 220
boat 0.0018 363 218 377 223
boat 0.0017 88 205 132 217
boat 0.0016 230 210 243 217
boat 0.0016 274 218 290 222
boat 0.0015 483 167 500 229
boat 0.0015 285 217 302 222
boat 0.0014 20 210 45 215
boat 0.0014 128 215 150 220
boat 0.0014 218 216 232 220
boat 0.0013 205 209 228 217
boat 0.0013 187 239 200 244
boat 0.0012 115 215 144 220
boat 0.0012 493 211 500 229
boat 0.0012 250 198 259 204
boat 0.0012 31 210 55 215
boat 0.0012 58 214 102 220
boat 0.0012 138 152 216 234
boat 0.0012 372 218 386 223
boat 0.0012 1 155 498 235
boat 0.0011 69 175 179 218
boat 0.0011 168 197 200 245
boat 0.0011 430 220 446 224
boat 0.0010 345 207 358 213
boat 0.0010 56 198 107 221
bird 0.0277 399 226 405 233
bird 0.0011 327 3 349 18
dog 0.0124 428 228 501 371
horse 0.0242 429 224 500 369
sheep 0.0014 428 228 501 371
cow 0.0037 429 224 501 369
