person 0.9687 131 197 148 237
person 0.9254 247 94 418 371
person 0.5583 427 201 446 233
person 0.4356 468 203 485 235
person 0.3525 156 199 179 251
person 0.1278 446 208 462 223
person 0.1207 169 201 184 249
person 0.1017 164 219 177 251
person 0.1005 159 194 177 220
person 0.0983 469 203 481 216
person 0.0788 443 206 467 230
person 0.0726 170 195 185 220
person 0.0651 96 199 106 214
person 0.0608 448 204 465 217
person 0.0498 155 194 166 219
person 0.0443 155 204 168 247
person 0.0436 462 229 473 239
person 0.0422 400 202 415 218
person 0.0344 458 202 471 217
person 0.0328 160 192 173 209
person 0.0282 437 206 459 226
person 0.0238 162 190 191 247
person 0.0233 475 212 492 239
person 0.0217 67 209 75 221
person 0.0208 184 191 191 202
person 0.0207 86 202 98 215
person 0.0206 183 195 192 222
person 0.0203 123 201 132 215
person 0.0192 438 203 453 218
person 0.0190 448 203 482 235
person 0.0169 395 199 406 218
person 0.0161 170 194 184 207
person 0.0159 0 213 9 244
person 0.0159 427 216 486 239
person 0.0141 489 210 500 243
person 0.0139 118 200 126 214
person 0.0115 426 202 477 237
person 0.0110 252 182 261 212
person 0.0103 430 214 498 254
person 0.0094 490 200 500 216
person 0.0087 27 192 39 203
person 0.0083 451 220 481 238
person 0.0081 421 211 452 239
person 0.0064 95 189 106 212
person 0.0064 395 208 407 222
person 0.0063 465 198 484 219
person 0.0062 453 198 476 219
person 0.0053 493 224 500 248
person 0.0053 239 179 249 199
person 0.0051 396 202 418 230
person 0.0048 156 190 180 212
person 0.0048 394 184 404 217
person 0.0045 253 172 261 187
person 0.0045 176 196 197 238
person 0.0044 65 200 75 220
person 0.0043 473 195 497 240
person 0.0042 398 180 419 218
person 0.0038 225 132 518 335
person 0.0035 77 200 85 213
person 0.0034 465 227 486 241
person 0.0034 411 198 456 240
person 0.0031 145 201 155 211
person 0.0031 250 181 262 233
person 0.0030 392 193 409 220
person 0.0029 412 183 422 215
person 0.0029 250 174 262 205
person 0.0028 168 203 205 248
person 0.0025 18 192 47 224
person 0.0024 40 79 60 122
person 0.0023 15 192 33 204
person 0.0023 489 179 500 218
person 0.0022 391 192 430 234
person 0.0022 126 205 136 227
person 0.0022 409 198 422 217
person 0.0022 188 198 201 221
person 0.0021 388 198 412 235
person 0.0021 0 179 65 241
person 0.0021 441 226 473 244
person 0.0021 0 219 13 250
person 0.0020 120 199 144 235
person 0.0020 485 201 500 235
person 0.0019 135 199 158 236
person 0.0018 238 182 253 210
person 0.0015 257 171 266 186
person 0.0015 255 176 266 200
person 0.0015 182 187 209 231
person 0.0014 473 225 495 243
person 0.0013 213 207 462 368
person 0.0012 176 187 218 248
person 0.0012 133 197 146 205
person 0.0012 89 195 108 217
person 0.0012 467 192 480 210
person 0.0012 149 190 171 212
person 0.0012 85 192 99 207
person 0.0012 405 193 427 221
person 0.0012 36 192 45 206
person 0.0011 121 198 134 217
person 0.0011 382 219 417 238
person 0.0011 73 192 181 238
person 0.0011 403 184 502 252
bicycle 0.0459 164 219 177 251
bicycle 0.0088 217 204 463 368
bicycle 0.0056 132 214 146 238
bicycle 0.0042 96 199 106 214
bicycle 0.0035 378 296 500 363
bicycle 0.0028 155 221 167 249
bicycle 0.0016 159 238 176 252
bicycle 0.0015 223 229 245 261
bicycle 0.0015 155 199 179 252
bicycle 0.0012 169 201 184 249
bicycle 0.0011 361 249 501 367
bicycle 0.0010 130 197 148 237
car 0.1843 402 215 497 259
car 0.0551 427 216 486 239
car 0.0471 175 223 225 254
car 0.0360 0 179 62 243
car 0.0272 424 231 502 260
car 0.0133 0 213 9 244
car 0.0082 378 225 450 271
car 0.0081 493 224 500 248
car 0.0051 489 210 500 243
car 0.0049 419 211 454 239
car 0.0046 451 220 481 238
car 0.0045 359 214 476 254
car 0.0042 468 208 487 239
car 0.0040 242 103 460 362
car 0.0038 314 212 476 288
car 0.0036 371 235 500 365
car 0.0029 462 229 473 239
car 0.0028 494 230 500 260
car 0.0026 387 217 428 239
car 0.0025 441 226 473 244
car 0.0021 169 195 185 221
car 0.0019 163 201 188 250
car 0.0019 450 215 502 256
car 0.0019 409 241 463 267
car 0.0017 394 239 501 268
car 0.0016 471 205 499 252
car 0.0014 175 200 233 254
car 0.0014 243 230 267 262
car 0.0011 170 194 184 207
car 0.0010 400 211 498 329
car 0.0010 387 242 445 272
car 0.0010 490 200 500 216
motorbike 0.7910 214 211 498 366
motorbike 0.0112 155 199 179 252
motorbike 0.0109 244 116 431 376
motorbike 0.0087 164 219 177 251
motorbike 0.0061 371 235 500 365
motorbike 0.0058 378 296 500 363
motorbike 0.0044 163 201 188 250
motorbike 0.0037 379 216 497 259
motorbike 0.0032 132 214 146 238
motorbike 0.0031 224 283 480 367
motorbike 0.0022 155 194 166 219
motorbike 0.0021 0 221 9 247
motorbike 0.0021 208 242 282 362
motorbike 0.0018 175 223 225 254
motorbike 0.0015 340 213 482 298
motorbike 0.0013 130 197 148 237
motorbike 0.0012 343 227 447 272
motorbike 0.0011 249 196 387 353
motorbike 0.0010 159 194 177 220
bus 0.0351 216 99 352 264
bus 0.0083 0 179 64 251
bus 0.0041 242 105 474 360
bus 0.0014 219 141 297 247
train 0.0057 216 99 352 264
dog 0.0053 217 204 463 368
dog 0.0012 230 106 415 357
dog 0.0011 0 221 9 247
horse 0.1257 217 204 463 368
horse 0.0022 155 199 179 252
horse 0.0019 158 193 177 220
horse 0.0012 230 106 415 357
horse 0.0012 96 199 106 214
sheep 0.0039 217 204 463 368
cow 0.0052 217 204 463 368
cow 0.0033 0 221 9 247
