person 0.9633 4 49 295 372
person 0.6593 240 47 501 373
person 0.4203 -1 146 35 202
person 0.3548 0 140 31 299
person 0.0162 212 1 367 117
person 0.0148 -25 78 528 370
person 0.0147 0 146 9 199
person 0.0102 159 66 417 324
person 0.0088 -2 149 46 356
person 0.0087 0 140 5 188
person 0.0077 0 144 41 238
person 0.0072 0 108 6 200
person 0.0057 0 -8 27 212
person 0.0048 473 69 500 327
person 0.0046 0 92 97 357
person 0.0045 -2 146 17 200
person 0.0045 67 -2 446 300
person 0.0040 477 113 500 237
person 0.0039 -1 66 49 250
person 0.0037 0 126 4 162
person 0.0036 -1 0 29 76
person 0.0029 210 93 372 294
person 0.0029 203 11 351 227
person 0.0027 0 153 13 288
person 0.0026 201 5 290 124
person 0.0023 -1 -20 60 325
person 0.0019 474 32 500 213
person 0.0018 473 54 500 141
person 0.0017 0 8 55 195
person 0.0017 13 267 96 372
person 0.0015 449 61 499 372
person 0.0014 388 28 499 369
person 0.0012 0 147 26 183
person 0.0011 8 168 40 293
person 0.0011 0 319 30 375
person 0.0010 0 117 29 193
person 0.0010 0 41 6 189
bottle 0.0027 21 267 99 372
bottle 0.0019 0 284 31 374
chair 0.0071 476 108 500 214
chair 0.0035 238 48 503 372
chair 0.0026 477 87 500 347
chair 0.0022 236 103 365 293
chair 0.0020 17 52 302 370
chair 0.0020 473 54 500 141
chair 0.0019 473 40 500 232
chair 0.0018 276 190 316 285
chair 0.0016 0 138 28 368
chair 0.0015 387 4 499 120
chair 0.0010 178 115 411 324
chair 0.0010 212 1 367 117
sofa 0.2061 13 53 309 369
sofa 0.1513 233 33 502 371
sofa 0.0330 235 101 366 295
sofa 0.0293 -21 136 526 380
sofa 0.0201 159 66 417 324
sofa 0.0163 67 -2 446 300
sofa 0.0070 476 108 500 214
sofa 0.0057 477 87 500 347
sofa 0.0041 204 4 365 212
sofa 0.0037 473 40 500 232
sofa 0.0027 222 50 338 261
sofa 0.0026 173 167 474 353
sofa 0.0023 473 54 500 141
sofa 0.0019 7 291 489 373
sofa 0.0016 438 86 500 366
sofa 0.0015 227 7 492 219
sofa 0.0012 276 190 316 285
sofa 0.0012 288 173 377 300
sofa 0.0012 431 221 500 375
diningtable 0.0753 20 269 101 377
diningtable 0.0103 0 290 186 371
diningtable 0.0065 16 319 110 373
diningtable 0.0059 -3 250 277 373
diningtable 0.0036 7 291 489 373
diningtable 0.0029 -32 323 199 374
diningtable 0.0023 20 355 105 373
diningtable 0.0021 114 286 309 371
diningtable 0.0014 0 287 43 374
diningtable 0.0012 -6 155 117 371
diningtable 0.0012 473 54 500 141
diningtable 0.0012 -12 220 517 379
tvmonitor 0.0012 464 0 485 33
