person 0.9806 76 204 276 375
person 0.9678 370 225 492 374
person 0.9643 0 165 48 374
person 0.9215 234 211 433 373
person 0.8426 255 161 299 207
person 0.7417 293 222 383 375
person 0.5720 134 151 181 210
person 0.4583 201 159 248 209
person 0.2626 304 229 374 304
person 0.1610 292 179 339 216
person 0.0621 313 175 354 217
person 0.0347 294 144 343 215
person 0.0282 0 167 20 228
person 0.0257 314 238 369 359
person 0.0224 0 171 25 370
person 0.0194 275 174 326 216
person 0.0166 201 165 235 199
person 0.0153 140 250 270 367
person 0.0148 332 173 353 215
person 0.0122 156 91 415 274
person 0.0111 288 182 316 216
person 0.0100 219 156 250 192
person 0.0094 200 167 249 274
person 0.0084 283 160 355 229
person 0.0074 259 151 331 213
person 0.0068 226 158 262 209
person 0.0065 298 127 339 195
person 0.0064 267 162 316 205
person 0.0063 222 203 342 374
person 0.0060 197 178 240 219
person 0.0060 34 212 468 373
person 0.0060 3 35 443 340
person 0.0055 112 143 327 299
person 0.0052 308 186 337 214
person 0.0052 280 177 306 208
person 0.0046 155 173 181 211
person 0.0040 181 174 222 214
person 0.0038 268 129 370 240
person 0.0037 189 151 280 215
person 0.0035 289 177 342 250
person 0.0034 0 162 44 279
person 0.0034 382 324 484 374
person 0.0032 305 229 356 269
person 0.0031 253 124 307 196
person 0.0030 222 164 305 219
person 0.0028 177 175 201 212
person 0.0027 298 142 326 185
person 0.0027 283 166 301 201
person 0.0026 81 301 98 328
person 0.0026 0 191 28 249
person 0.0025 216 103 341 215
person 0.0025 290 222 310 260
person 0.0025 208 160 243 190
person 0.0022 323 247 421 371
person 0.0022 0 188 8 368
person 0.0020 203 137 248 195
person 0.0020 98 214 145 301
person 0.0020 152 260 213 372
person 0.0019 185 150 336 237
person 0.0019 79 210 179 372
person 0.0019 309 121 356 201
person 0.0019 254 163 308 237
person 0.0019 103 268 121 294
person 0.0019 79 214 126 371
person 0.0017 0 154 15 212
person 0.0016 0 253 18 371
person 0.0016 334 176 367 217
person 0.0016 189 244 208 260
person 0.0016 136 158 161 205
person 0.0015 118 152 165 211
person 0.0015 89 260 238 372
person 0.0014 285 182 303 216
person 0.0014 0 170 99 368
person 0.0014 298 222 340 258
person 0.0014 184 161 233 206
person 0.0014 289 230 300 254
person 0.0014 106 230 130 289
person 0.0013 185 247 207 267
person 0.0013 42 198 224 336
person 0.0012 351 187 367 215
person 0.0012 81 101 262 271
person 0.0012 164 149 247 215
person 0.0012 311 173 359 253
person 0.0012 110 230 126 271
person 0.0012 221 167 248 212
person 0.0012 137 147 178 185
person 0.0012 475 113 500 359
person 0.0011 97 229 125 308
person 0.0011 481 202 500 385
person 0.0011 136 167 179 232
person 0.0010 171 271 198 366
person 0.0010 491 249 500 346
person 0.0010 229 139 416 312
person 0.0010 284 139 322 189
car 0.0029 453 303 499 371
car 0.0017 0 298 91 372
bus 0.2445 15 29 478 347
train 0.6200 15 29 478 347
train 0.0023 74 90 367 283
sheep 0.0058 473 145 500 205
bottle 0.0041 81 301 97 327
chair 0.0016 455 312 499 375
diningtable 0.0011 455 312 499 375
tvmonitor 0.0326 3 35 443 340
