person 0.0925 52 319 79 346
person 0.0729 82 321 108 344
person 0.0056 5 328 29 350
person 0.0056 48 316 102 347
person 0.0051 23 308 100 351
person 0.0041 32 323 45 344
person 0.0035 18 320 58 346
person 0.0031 2 316 35 348
person 0.0026 61 318 91 345
person 0.0014 123 337 130 343
person 0.0011 37 320 59 345
person 0.0011 17 322 39 345
person 0.0010 111 336 122 345
person 0.0010 6 301 179 424
car 0.9990 -1 306 169 426
car 0.0128 0 305 119 338
car 0.0063 0 310 38 332
car 0.0059 23 308 100 351
car 0.0032 3 307 113 317
car 0.0015 7 308 153 355
car 0.0013 1 315 38 347
car 0.0011 0 308 38 320
