person 0.9870 216 82 347 268
person 0.9802 308 105 470 329
person 0.9464 0 59 99 253
person 0.2586 451 153 500 377
person 0.1059 394 145 499 377
person 0.0176 469 72 500 361
person 0.0109 241 122 343 233
person 0.0071 0 207 20 304
person 0.0044 0 65 60 325
person 0.0042 0 204 17 382
person 0.0035 0 99 23 293
person 0.0035 257 189 475 340
person 0.0033 467 207 501 371
person 0.0033 -1 138 32 373
person 0.0033 0 227 9 369
person 0.0026 476 129 500 182
person 0.0025 493 206 500 369
person 0.0022 479 26 500 136
person 0.0021 490 1 500 117
person 0.0021 143 67 382 290
person 0.0021 475 118 500 232
person 0.0018 476 65 500 177
person 0.0018 -1 183 53 353
person 0.0017 0 138 96 289
person 0.0015 1 230 101 324
person 0.0015 429 234 482 348
person 0.0015 388 -1 501 136
person 0.0014 249 112 406 272
person 0.0011 0 75 6 232
person 0.0011 0 238 51 279
person 0.0011 0 250 49 334
person 0.0011 439 8 499 374
person 0.0010 466 11 485 24
person 0.0010 385 145 482 290
person 0.0010 469 31 483 44
bottle 0.9847 434 85 460 156
bottle 0.2713 382 94 415 135
bottle 0.1634 476 101 500 182
bottle 0.1373 397 83 416 128
bottle 0.1101 100 292 113 338
bottle 0.0260 475 143 499 182
bottle 0.0197 477 32 500 172
bottle 0.0173 403 82 415 107
bottle 0.0172 392 83 419 152
bottle 0.0153 485 92 500 160
bottle 0.0139 477 77 497 154
bottle 0.0114 484 127 501 179
bottle 0.0114 457 102 470 128
bottle 0.0105 404 81 414 97
bottle 0.0097 447 88 465 142
bottle 0.0080 491 95 500 136
bottle 0.0074 477 48 499 123
bottle 0.0057 489 37 500 153
bottle 0.0056 478 73 494 117
bottle 0.0052 493 91 500 121
bottle 0.0049 455 93 498 158
bottle 0.0046 454 101 475 148
bottle 0.0045 379 97 403 130
bottle 0.0045 450 85 462 129
bottle 0.0032 447 46 498 180
bottle 0.0030 430 98 470 170
bottle 0.0029 492 70 500 120
bottle 0.0026 421 79 478 158
bottle 0.0023 364 82 426 158
bottle 0.0023 218 243 253 301
bottle 0.0021 490 45 500 108
bottle 0.0021 358 72 466 167
bottle 0.0021 471 147 485 181
bottle 0.0018 394 122 417 151
bottle 0.0015 462 121 492 183
bottle 0.0014 355 85 380 118
bottle 0.0013 463 108 488 141
bottle 0.0011 449 105 485 163
bottle 0.0010 389 1 499 155
chair 0.0895 458 251 475 282
chair 0.0190 300 130 323 153
chair 0.0092 450 161 500 377
chair 0.0078 0 200 26 270
chair 0.0058 0 62 100 281
chair 0.0056 0 212 32 250
chair 0.0049 208 92 325 260
chair 0.0043 472 250 500 376
chair 0.0042 315 130 330 153
chair 0.0038 491 335 500 375
chair 0.0038 456 251 476 324
chair 0.0037 438 249 476 337
chair 0.0031 0 99 23 293
chair 0.0029 0 67 16 173
chair 0.0028 479 290 499 375
chair 0.0028 0 84 13 145
chair 0.0027 492 352 500 376
chair 0.0022 0 220 12 260
chair 0.0020 0 245 20 375
chair 0.0020 449 252 469 282
chair 0.0019 455 235 497 360
chair 0.0017 310 121 470 338
chair 0.0017 407 149 501 364
chair 0.0016 0 68 9 201
chair 0.0015 444 274 471 324
chair 0.0014 490 301 500 373
chair 0.0014 466 255 478 283
chair 0.0013 473 336 499 375
chair 0.0012 0 191 48 276
chair 0.0012 0 237 52 280
chair 0.0011 0 181 11 261
chair 0.0011 476 101 500 182
chair 0.0011 451 289 500 374
chair 0.0011 0 85 56 303
chair 0.0010 0 235 30 264
pottedplant 0.0037 476 101 500 182
pottedplant 0.0023 450 102 501 178
diningtable 0.6279 -29 206 516 377
diningtable 0.4281 223 256 287 367
diningtable 0.0215 309 85 472 317
diningtable 0.0104 23 208 299 376
diningtable 0.0089 389 72 500 221
diningtable 0.0061 1 71 479 394
diningtable 0.0043 391 140 483 183
diningtable 0.0034 393 140 499 213
diningtable 0.0032 392 38 497 343
diningtable 0.0028 348 277 396 362
diningtable 0.0027 0 224 172 369
diningtable 0.0027 173 269 323 379
diningtable 0.0025 161 216 393 371
diningtable 0.0023 173 280 220 366
diningtable 0.0013 384 131 490 266
diningtable 0.0013 122 235 276 359
tvmonitor 0.0014 487 34 500 119
