bird 0.0026 95 48 111 68
sheep 0.9879 50 22 308 255
sheep 0.0558 67 0 275 78
sheep 0.0259 224 152 308 231
sheep 0.0101 275 0 390 23
sheep 0.0057 257 0 313 23
sheep 0.0044 197 0 280 25
sheep 0.0041 95 48 111 68
sheep 0.0034 383 33 400 107
sheep 0.0031 385 20 400 215
sheep 0.0023 388 40 400 92
sheep 0.0021 146 -1 319 41
sheep 0.0019 380 3 400 75
sheep 0.0019 256 2 401 91
sheep 0.0014 357 8 400 142
sheep 0.0014 391 31 400 132
sheep 0.0013 53 -8 404 116
sheep 0.0013 2 1 281 148
sheep 0.0013 270 0 337 25
sheep 0.0012 356 1 399 46
sheep 0.0011 140 14 158 29
sheep 0.0011 245 0 396 226
sheep 0.0011 200 -1 385 33
sheep 0.0011 299 2 401 41
sheep 0.0010 170 31 308 235
sheep 0.0010 116 30 127 41
sheep 0.0010 306 0 364 23
