person 0.9461 92 80 332 321
person 0.0029 158 137 412 265
cat 0.0028 91 35 346 352
cat 0.0012 228 176 319 235
cat 0.0010 220 127 260 167
bottle 0.0016 245 156 264 177
chair 0.4561 59 162 282 322
chair 0.3110 55 160 138 318
chair 0.0187 84 77 323 331
chair 0.0106 59 184 188 346
chair 0.0086 -1 245 31 325
chair 0.0068 29 214 161 325
chair 0.0066 -1 168 32 326
chair 0.0058 0 274 54 329
chair 0.0056 357 306 396 321
chair 0.0052 443 164 500 321
chair 0.0035 57 160 116 268
chair 0.0032 391 157 501 320
chair 0.0029 -3 234 115 324
chair 0.0022 389 234 498 318
chair 0.0021 0 151 118 325
chair 0.0020 -1 220 52 323
chair 0.0018 -1 276 133 329
chair 0.0018 85 156 112 195
chair 0.0018 483 95 500 321
chair 0.0017 9 295 54 325
chair 0.0017 0 276 30 340
chair 0.0017 0 103 55 319
chair 0.0015 58 160 105 219
chair 0.0011 492 166 500 320
sofa 0.0081 0 255 29 326
sofa 0.0042 89 90 348 321
sofa 0.0033 0 247 54 324
sofa 0.0028 -1 170 31 325
sofa 0.0023 -3 234 115 324
sofa 0.0013 -1 277 97 328
diningtable 0.0024 141 101 354 302
diningtable 0.0016 -1 245 31 325
tvmonitor 0.9897 253 60 378 177
tvmonitor 0.0037 368 79 421 154
tvmonitor 0.0031 494 6 500 56
tvmonitor 0.0028 409 47 500 183
tvmonitor 0.0026 492 -2 500 125
tvmonitor 0.0024 486 4 500 181
tvmonitor 0.0012 241 63 404 253
tvmonitor 0.0010 286 208 384 272
