person 0.9933 288 138 353 318
person 0.9897 208 108 283 225
person 0.9564 338 148 386 315
person 0.0675 0 174 4 204
person 0.0482 400 124 413 144
person 0.0331 412 122 428 142
person 0.0291 399 144 414 162
person 0.0246 452 266 482 307
person 0.0242 168 108 185 125
person 0.0221 394 124 405 144
person 0.0218 397 163 414 183
person 0.0218 412 123 429 159
person 0.0192 385 119 394 145
person 0.0169 0 169 4 229
person 0.0161 149 112 165 128
person 0.0139 372 142 383 164
person 0.0130 385 112 395 135
person 0.0111 418 122 433 141
person 0.0105 412 142 428 160
person 0.0103 120 124 135 158
person 0.0103 381 163 395 181
person 0.0097 148 113 168 151
person 0.0088 385 144 396 163
person 0.0084 376 146 387 174
person 0.0084 419 166 438 180
person 0.0082 393 112 403 133
person 0.0073 417 141 433 159
person 0.0071 393 142 403 162
person 0.0067 27 175 35 187
person 0.0053 384 147 396 173
person 0.0050 391 164 412 195
person 0.0048 394 166 416 211
person 0.0045 0 217 4 256
person 0.0044 430 141 440 160
person 0.0044 373 161 388 182
person 0.0042 399 125 415 157
person 0.0041 379 177 395 203
person 0.0040 411 103 424 121
person 0.0039 419 172 433 183
person 0.0038 393 108 406 122
person 0.0035 364 143 373 163
person 0.0035 142 153 159 166
person 0.0032 364 182 390 233
person 0.0031 411 164 423 180
person 0.0030 381 116 398 146
person 0.0029 430 129 440 156
person 0.0028 490 259 500 314
person 0.0028 364 163 378 181
person 0.0027 411 118 425 131
person 0.0027 395 131 406 148
person 0.0026 132 112 146 152
person 0.0025 392 145 404 175
person 0.0024 379 166 395 193
person 0.0024 0 185 5 256
person 0.0024 348 150 390 233
person 0.0024 363 147 374 173
person 0.0024 383 107 394 121
person 0.0023 358 143 366 162
person 0.0023 484 200 501 254
person 0.0023 398 147 414 174
person 0.0023 430 123 440 142
person 0.0022 20 89 471 316
person 0.0021 319 140 411 291
person 0.0021 134 130 145 153
person 0.0021 377 181 395 218
person 0.0021 390 175 413 203
person 0.0020 373 125 384 143
person 0.0019 211 127 222 153
person 0.0019 400 92 412 112
person 0.0019 391 119 409 145
person 0.0018 420 102 433 121
person 0.0018 337 170 402 260
person 0.0018 107 117 387 281
person 0.0018 167 125 188 144
person 0.0017 402 116 415 128
person 0.0017 195 131 215 168
person 0.0017 398 105 414 122
person 0.0017 344 107 355 124
person 0.0017 380 170 404 223
person 0.0016 406 281 430 316
person 0.0016 153 92 341 244
person 0.0015 376 136 386 147
person 0.0015 84 169 102 191
person 0.0015 383 133 394 147
person 0.0014 385 156 413 202
person 0.0014 410 97 422 112
person 0.0014 140 111 160 154
person 0.0013 0 183 22 252
person 0.0013 391 109 406 138
person 0.0013 371 171 389 189
person 0.0013 487 228 500 308
person 0.0012 451 119 459 146
person 0.0012 420 118 433 132
person 0.0012 374 113 386 131
person 0.0012 395 188 416 215
person 0.0011 208 117 240 209
person 0.0011 34 177 48 189
person 0.0011 490 249 500 285
person 0.0011 390 140 410 165
person 0.0010 367 169 390 215
bicycle 0.5750 13 194 57 303
bicycle 0.3500 445 199 492 258
bicycle 0.3408 479 198 500 256
bicycle 0.0528 427 191 482 253
bicycle 0.0485 13 238 52 299
bicycle 0.0453 485 215 501 257
bicycle 0.0446 0 203 5 254
bicycle 0.0385 459 219 490 257
bicycle 0.0133 422 202 454 256
bicycle 0.0123 485 194 500 226
bicycle 0.0108 452 195 500 227
bicycle 0.0077 486 234 500 261
bicycle 0.0051 487 189 500 213
bicycle 0.0048 1 204 29 254
bicycle 0.0048 435 214 479 259
bicycle 0.0037 0 184 3 235
bicycle 0.0036 462 204 491 233
bicycle 0.0035 13 187 119 311
bicycle 0.0032 9 187 54 250
bicycle 0.0027 0 226 3 266
bicycle 0.0026 14 230 88 303
bicycle 0.0026 473 230 498 261
bicycle 0.0026 446 221 468 256
bicycle 0.0024 436 218 457 257
bicycle 0.0022 475 194 500 209
bicycle 0.0021 447 194 466 206
bicycle 0.0017 473 187 500 217
bicycle 0.0015 0 203 11 255
bicycle 0.0013 433 193 479 227
bicycle 0.0013 377 275 405 314
bicycle 0.0012 449 198 484 222
bicycle 0.0012 454 209 479 249
bicycle 0.0012 451 193 500 211
bicycle 0.0012 450 214 492 280
bicycle 0.0011 391 190 484 264
bicycle 0.0011 5 198 43 276
bicycle 0.0010 429 216 449 257
bicycle 0.0010 10 206 34 248
bicycle 0.0010 452 233 481 258
car 0.0305 26 188 53 209
car 0.0152 9 187 54 250
car 0.0094 0 174 4 204
car 0.0065 8 184 53 215
car 0.0057 25 189 58 230
car 0.0056 0 184 3 235
car 0.0054 25 182 48 201
car 0.0032 0 203 5 254
car 0.0025 56 194 87 244
car 0.0019 484 200 501 254
car 0.0012 8 202 40 253
car 0.0010 30 191 73 250
car 0.0010 12 200 58 296
motorbike 0.9872 41 176 275 329
motorbike 0.3370 445 199 492 258
motorbike 0.2646 9 193 78 301
motorbike 0.1249 479 198 500 256
motorbike 0.0929 11 196 56 260
motorbike 0.0551 427 191 482 253
motorbike 0.0493 459 219 490 257
motorbike 0.0207 37 182 138 297
motorbike 0.0171 8 201 40 253
motorbike 0.0163 0 203 5 254
motorbike 0.0146 485 214 500 258
motorbike 0.0140 13 187 53 235
motorbike 0.0092 425 200 453 257
motorbike 0.0091 108 176 143 212
motorbike 0.0072 435 214 479 259
motorbike 0.0072 47 182 151 247
motorbike 0.0059 49 193 89 241
motorbike 0.0052 56 166 197 299
motorbike 0.0048 30 207 52 249
motorbike 0.0047 0 184 3 235
motorbike 0.0045 98 191 154 268
motorbike 0.0041 6 138 316 296
motorbike 0.0031 446 221 468 256
motorbike 0.0031 484 191 500 231
motorbike 0.0030 23 208 46 246
motorbike 0.0027 0 183 22 252
motorbike 0.0026 85 175 129 217
motorbike 0.0026 26 188 53 209
motorbike 0.0025 454 209 479 249
motorbike 0.0024 30 191 73 250
motorbike 0.0020 89 191 200 274
motorbike 0.0020 452 195 500 227
motorbike 0.0020 462 204 491 233
motorbike 0.0019 436 218 457 257
motorbike 0.0018 21 173 113 258
motorbike 0.0018 67 185 222 247
motorbike 0.0017 415 227 438 253
motorbike 0.0017 56 207 87 247
motorbike 0.0017 0 174 4 204
motorbike 0.0016 27 190 54 225
motorbike 0.0016 54 189 109 249
motorbike 0.0015 452 233 481 258
motorbike 0.0015 486 234 500 261
motorbike 0.0012 69 173 104 221
motorbike 0.0011 429 216 449 257
motorbike 0.0011 25 182 48 201
motorbike 0.0011 42 201 82 254
motorbike 0.0010 391 190 484 264
motorbike 0.0010 417 213 439 243
motorbike 0.0010 473 230 498 261
motorbike 0.0010 93 177 146 240
bottle 0.0028 451 262 482 310
bottle 0.0026 292 129 310 154
bottle 0.0022 364 143 373 163
bottle 0.0018 338 129 345 154
bottle 0.0015 372 142 383 164
bottle 0.0012 283 258 295 282
bottle 0.0012 326 125 335 159
pottedplant 0.0019 44 0 123 47
