person 0.0136 372 23 414 92
person 0.0080 240 274 346 375
person 0.0019 341 219 500 373
person 0.0011 167 192 188 253
person 0.0010 483 96 500 373
bottle 0.0378 343 50 362 92
bottle 0.0113 241 80 261 127
bottle 0.0045 432 64 449 94
bottle 0.0035 260 91 273 123
bottle 0.0031 265 92 276 124
bottle 0.0020 209 103 223 128
bottle 0.0017 371 21 412 94
bottle 0.0016 330 339 352 374
chair 0.9001 41 231 206 372
chair 0.8206 350 218 502 376
chair 0.0884 236 276 346 373
chair 0.0149 80 225 135 289
chair 0.0125 239 358 343 373
chair 0.0100 388 303 496 374
chair 0.0058 83 224 180 325
chair 0.0056 244 327 342 373
chair 0.0050 149 201 186 261
chair 0.0041 480 220 500 373
chair 0.0035 11 183 54 321
chair 0.0030 79 225 125 257
chair 0.0025 67 231 142 357
chair 0.0020 492 226 500 370
chair 0.0020 325 338 352 374
chair 0.0016 451 221 499 324
chair 0.0014 301 327 328 368
sofa 0.5887 42 232 206 378
sofa 0.4923 341 218 499 374
sofa 0.0140 234 274 347 365
sofa 0.0025 388 303 496 374
sofa 0.0023 480 220 500 373
sofa 0.0020 83 224 180 325
sofa 0.0014 239 358 343 373
sofa 0.0012 490 273 500 380
sofa 0.0010 62 227 140 310
pottedplant 0.5582 426 21 464 95
pottedplant 0.0084 220 85 237 128
pottedplant 0.0069 429 40 451 95
pottedplant 0.0051 233 78 261 128
pottedplant 0.0045 193 87 220 127
pottedplant 0.0029 151 201 186 262
pottedplant 0.0026 372 23 415 92
pottedplant 0.0020 202 84 241 129
pottedplant 0.0013 434 33 457 82
pottedplant 0.0010 343 50 362 91
diningtable 0.0507 236 276 346 373
diningtable 0.0016 237 342 346 370
diningtable 0.0013 247 320 336 370
diningtable 0.0012 239 358 343 373
tvmonitor 0.0013 496 130 499 175
