person 0.9071 454 29 499 323
person 0.8636 204 11 464 341
person 0.8076 158 98 288 246
person 0.7100 257 58 316 207
person 0.6910 51 167 139 265
person 0.5189 -1 64 117 330
person 0.5152 407 125 445 223
person 0.2335 182 164 223 196
person 0.2298 85 161 138 244
person 0.1784 0 70 117 202
person 0.1000 196 61 317 218
person 0.0872 178 169 220 246
person 0.0784 15 124 160 291
person 0.0531 0 68 62 104
person 0.0494 236 62 335 269
person 0.0461 290 43 453 304
person 0.0394 -1 34 65 312
person 0.0201 364 92 455 257
person 0.0142 102 160 137 222
person 0.0124 135 166 220 247
person 0.0110 177 178 201 245
person 0.0103 0 45 63 119
person 0.0097 0 65 65 171
person 0.0087 110 162 144 241
person 0.0080 133 188 156 244
person 0.0076 66 148 112 206
person 0.0073 166 158 280 261
person 0.0070 149 109 348 290
person 0.0067 393 96 475 332
person 0.0066 53 76 133 181
person 0.0062 128 152 158 242
person 0.0058 201 103 271 202
person 0.0055 273 127 362 220
person 0.0052 256 131 305 217
person 0.0051 26 147 110 280
person 0.0047 51 83 311 256
person 0.0043 451 180 465 254
person 0.0040 130 179 149 224
person 0.0039 55 158 106 241
person 0.0036 208 71 421 250
person 0.0035 3 88 93 263
person 0.0032 41 74 124 242
person 0.0031 148 160 185 237
person 0.0029 87 79 119 150
person 0.0029 -21 72 288 338
person 0.0028 70 161 96 198
person 0.0027 408 104 443 182
person 0.0027 81 115 170 231
person 0.0027 199 169 231 229
person 0.0025 -4 37 178 235
person 0.0024 409 56 496 295
person 0.0024 133 146 302 325
person 0.0024 118 155 139 205
person 0.0024 231 125 437 332
person 0.0023 256 77 295 171
person 0.0023 154 159 212 195
person 0.0021 54 115 116 202
person 0.0021 281 136 313 217
person 0.0020 148 190 175 247
person 0.0020 35 154 142 344
person 0.0019 147 174 170 229
person 0.0019 87 150 111 195
person 0.0019 136 152 160 209
person 0.0018 131 159 150 200
person 0.0018 0 61 24 330
person 0.0018 183 161 246 222
person 0.0017 342 125 448 227
person 0.0017 157 163 219 221
person 0.0017 102 184 137 251
person 0.0017 456 82 500 221
person 0.0016 120 124 163 228
person 0.0016 265 103 299 199
person 0.0014 74 161 93 184
person 0.0013 116 16 383 255
person 0.0013 130 133 246 226
person 0.0012 86 178 151 281
person 0.0012 288 13 436 187
person 0.0012 76 168 106 209
person 0.0012 116 191 141 247
person 0.0011 242 53 380 217
person 0.0010 260 140 292 204
person 0.0010 213 159 241 200
person 0.0010 46 175 210 304
person 0.0010 83 159 116 220
bottle 0.1769 125 115 137 148
bottle 0.1182 49 269 78 322
bottle 0.0374 77 251 91 302
bottle 0.0315 104 138 117 164
bottle 0.0271 138 144 158 178
bottle 0.0231 89 83 114 143
bottle 0.0226 43 273 60 322
bottle 0.0209 177 178 201 245
bottle 0.0190 113 143 126 163
bottle 0.0180 125 150 135 170
bottle 0.0178 125 139 136 166
bottle 0.0174 134 159 147 184
bottle 0.0164 91 250 110 290
bottle 0.0136 107 136 117 153
bottle 0.0112 79 160 103 182
bottle 0.0111 122 131 138 172
bottle 0.0108 94 151 111 174
bottle 0.0105 180 168 214 249
bottle 0.0104 91 157 110 184
bottle 0.0099 102 248 120 287
bottle 0.0098 101 144 117 177
bottle 0.0097 132 146 147 178
bottle 0.0096 133 188 156 244
bottle 0.0092 127 141 152 182
bottle 0.0087 79 250 100 288
bottle 0.0083 93 83 108 125
bottle 0.0079 75 162 91 182
bottle 0.0072 139 157 155 185
bottle 0.0068 71 162 95 197
bottle 0.0068 132 139 143 165
bottle 0.0059 132 160 149 199
bottle 0.0058 97 141 110 165
bottle 0.0055 93 74 122 134
bottle 0.0051 295 140 314 205
bottle 0.0051 112 132 125 154
bottle 0.0048 128 152 158 242
bottle 0.0047 113 150 128 169
bottle 0.0045 131 179 148 223
bottle 0.0045 76 159 106 198
bottle 0.0043 115 213 126 242
bottle 0.0042 131 128 142 157
bottle 0.0042 300 145 311 198
bottle 0.0042 38 273 53 321
bottle 0.0041 97 104 120 144
bottle 0.0040 109 249 127 284
bottle 0.0039 116 117 142 162
bottle 0.0039 176 212 199 246
bottle 0.0038 78 85 106 140
bottle 0.0037 142 165 155 193
bottle 0.0034 138 153 158 207
bottle 0.0033 161 139 170 147
bottle 0.0032 100 157 116 183
bottle 0.0031 140 142 156 164
bottle 0.0029 86 157 151 253
bottle 0.0027 151 185 165 197
bottle 0.0027 120 125 159 182
bottle 0.0027 83 98 119 167
bottle 0.0027 133 181 147 197
bottle 0.0026 126 115 148 169
bottle 0.0025 144 108 157 121
bottle 0.0025 104 242 121 256
bottle 0.0025 139 209 158 248
bottle 0.0025 135 166 220 247
bottle 0.0023 111 126 128 160
bottle 0.0022 120 124 163 228
bottle 0.0022 144 176 156 203
bottle 0.0021 60 272 80 317
bottle 0.0021 452 177 465 222
bottle 0.0021 81 115 170 231
bottle 0.0021 84 157 102 172
bottle 0.0021 75 254 99 315
bottle 0.0020 123 155 138 186
bottle 0.0018 99 95 117 134
bottle 0.0018 112 209 130 248
bottle 0.0017 114 119 128 148
bottle 0.0017 116 140 143 180
bottle 0.0017 51 83 311 256
bottle 0.0016 59 163 143 292
bottle 0.0015 91 135 113 169
bottle 0.0015 304 154 315 188
bottle 0.0015 120 251 136 279
bottle 0.0014 113 208 127 232
bottle 0.0014 147 173 168 209
bottle 0.0014 141 178 158 222
bottle 0.0013 72 89 113 155
bottle 0.0012 103 113 150 168
bottle 0.0012 100 126 120 162
bottle 0.0011 77 92 88 135
bottle 0.0011 78 150 107 177
bottle 0.0010 148 180 173 244
bottle 0.0010 127 116 144 149
bottle 0.0010 104 243 120 270
chair 0.0017 54 245 267 333
diningtable 0.0343 58 241 265 329
diningtable 0.0026 46 175 210 304
diningtable 0.0022 32 245 149 321
diningtable 0.0017 74 238 433 329
diningtable 0.0015 50 269 77 322
diningtable 0.0012 147 198 177 253
diningtable 0.0011 103 213 263 292
diningtable 0.0011 35 153 301 334
tvmonitor 0.0281 156 157 186 185
