person 0.9650 265 118 355 272
person 0.9594 113 108 202 270
person 0.8924 389 102 429 227
person 0.8017 8 120 59 232
person 0.6634 231 125 287 194
person 0.5566 61 96 87 146
person 0.5553 30 95 64 143
person 0.5065 38 95 459 216
person 0.4872 453 117 494 223
person 0.4575 422 114 447 214
person 0.4536 29 94 60 122
person 0.4330 93 129 127 180
person 0.4145 0 95 31 146
person 0.3902 339 110 366 155
person 0.3675 363 108 394 206
person 0.3651 480 119 500 209
person 0.3447 53 130 113 225
person 0.2864 31 138 98 250
person 0.2841 173 116 337 251
person 0.2839 364 109 396 154
person 0.2599 82 104 102 145
person 0.2501 0 91 9 177
person 0.1888 -47 90 540 285
person 0.1644 489 115 500 138
person 0.1395 89 129 129 221
person 0.1336 425 116 447 157
person 0.1328 56 134 109 182
person 0.1137 457 116 493 157
person 0.1130 391 107 429 156
person 0.0922 84 106 101 126
person 0.0809 1 75 138 229
person 0.0762 228 121 287 265
person 0.0748 48 122 76 147
person 0.0578 0 107 13 204
person 0.0488 6 75 491 170
person 0.0432 486 116 500 154
person 0.0404 63 98 93 129
person 0.0392 0 139 10 206
person 0.0337 75 132 105 175
person 0.0330 489 137 500 206
person 0.0322 0 94 7 120
person 0.0311 22 126 68 188
person 0.0284 20 117 75 153
person 0.0278 169 115 187 131
person 0.0278 79 132 99 150
person 0.0272 -8 110 140 167
person 0.0270 42 135 64 176
person 0.0268 96 128 123 159
person 0.0247 72 127 140 198
person 0.0238 0 78 140 153
person 0.0227 338 111 367 201
person 0.0225 3 88 268 213
person 0.0218 476 116 492 136
person 0.0212 1 93 30 123
person 0.0202 33 114 98 161
person 0.0189 439 124 469 221
person 0.0184 477 115 500 160
person 0.0183 98 129 148 217
person 0.0178 81 122 101 148
person 0.0174 176 132 194 152
person 0.0161 58 121 86 147
person 0.0146 118 114 163 197
person 0.0134 227 142 280 222
person 0.0124 384 101 499 223
person 0.0122 -1 98 31 187
person 0.0120 63 135 439 305
person 0.0112 240 177 325 284
person 0.0108 244 108 489 212
person 0.0108 417 117 437 153
person 0.0107 487 121 500 184
person 0.0104 5 91 90 156
person 0.0100 419 116 434 136
person 0.0098 50 144 95 201
person 0.0096 99 111 188 206
person 0.0094 425 116 446 136
person 0.0093 243 123 285 168
person 0.0088 0 147 9 179
person 0.0086 248 123 301 230
person 0.0086 256 128 290 179
person 0.0086 463 115 492 138
person 0.0086 227 171 278 213
person 0.0084 169 119 189 146
person 0.0084 2 116 53 159
person 0.0081 72 102 127 146
person 0.0078 494 154 500 209
person 0.0071 44 136 80 189
person 0.0068 357 103 438 220
person 0.0067 343 111 371 135
person 0.0062 36 103 85 146
person 0.0061 157 121 203 263
person 0.0061 -16 85 72 195
person 0.0058 263 175 360 303
person 0.0058 52 130 75 154
person 0.0057 414 110 428 140
person 0.0056 107 131 169 232
person 0.0052 171 132 197 184
person 0.0052 492 104 499 130
person 0.0052 -20 69 366 248
person 0.0051 102 133 134 192
person 0.0048 9 119 33 151
bicycle 0.9864 104 180 216 285
bicycle 0.9712 263 196 361 307
bicycle 0.7917 40 157 103 247
bicycle 0.5915 224 178 288 272
bicycle 0.3432 358 169 391 212
bicycle 0.0936 261 192 308 307
bicycle 0.0877 240 177 325 284
bicycle 0.0706 414 171 443 224
bicycle 0.0582 -12 96 140 260
bicycle 0.0534 173 116 337 251
bicycle 0.0505 340 170 376 212
bicycle 0.0439 223 179 266 203
bicycle 0.0410 85 166 116 232
bicycle 0.0337 224 176 267 249
bicycle 0.0296 106 110 196 271
bicycle 0.0246 63 135 439 305
bicycle 0.0232 -47 90 540 285
bicycle 0.0227 90 192 108 231
bicycle 0.0187 265 197 317 265
bicycle 0.0132 38 95 459 216
bicycle 0.0129 106 179 143 220
bicycle 0.0125 389 174 441 225
bicycle 0.0124 248 196 300 262
bicycle 0.0120 362 138 394 210
bicycle 0.0112 227 171 278 213
bicycle 0.0106 70 150 138 239
bicycle 0.0097 382 112 439 228
bicycle 0.0093 225 200 266 273
bicycle 0.0090 -1 171 98 252
bicycle 0.0073 421 117 446 225
bicycle 0.0067 261 118 349 272
bicycle 0.0065 377 171 396 213
bicycle 0.0064 360 169 424 221
bicycle 0.0064 119 196 199 263
bicycle 0.0062 58 177 85 207
bicycle 0.0060 220 181 254 221
bicycle 0.0058 103 182 154 244
bicycle 0.0053 297 195 362 282
bicycle 0.0048 4 119 58 237
bicycle 0.0047 76 156 109 228
bicycle 0.0047 53 130 113 225
bicycle 0.0043 340 133 379 212
bicycle 0.0043 359 155 382 194
bicycle 0.0043 107 182 134 204
bicycle 0.0042 187 194 215 239
bicycle 0.0041 89 129 128 221
bicycle 0.0036 336 158 415 225
bicycle 0.0036 89 172 110 212
bicycle 0.0035 144 184 217 250
bicycle 0.0034 210 132 280 268
bicycle 0.0031 368 160 390 190
bicycle 0.0030 258 177 309 248
bicycle 0.0030 418 159 438 209
bicycle 0.0029 94 169 165 263
bicycle 0.0027 102 133 134 192
bicycle 0.0027 83 177 103 225
bicycle 0.0027 231 121 503 249
bicycle 0.0026 394 115 496 233
bicycle 0.0026 495 166 500 217
bicycle 0.0025 258 186 289 239
bicycle 0.0025 371 153 402 214
bicycle 0.0025 189 179 203 202
bicycle 0.0025 224 137 269 209
bicycle 0.0024 245 174 281 229
bicycle 0.0024 263 204 283 236
bicycle 0.0023 95 190 126 231
bicycle 0.0023 105 186 135 234
bicycle 0.0022 270 213 296 250
bicycle 0.0022 399 157 465 231
bicycle 0.0022 339 160 363 206
bicycle 0.0020 106 161 170 223
bicycle 0.0020 388 199 433 226
bicycle 0.0020 200 153 228 199
bicycle 0.0019 98 129 148 217
bicycle 0.0019 261 212 286 248
bicycle 0.0019 24 177 84 229
bicycle 0.0019 69 173 94 212
bicycle 0.0018 101 197 120 225
bicycle 0.0018 265 201 281 226
bicycle 0.0017 493 155 500 227
bicycle 0.0017 106 191 119 213
bicycle 0.0017 385 216 413 227
bicycle 0.0017 242 188 267 215
bicycle 0.0017 192 179 220 201
bicycle 0.0016 103 191 158 286
bicycle 0.0016 227 186 260 212
bicycle 0.0016 38 142 89 223
bicycle 0.0016 112 152 129 176
bicycle 0.0016 187 176 216 220
bicycle 0.0015 424 164 476 225
bicycle 0.0014 338 194 364 212
bicycle 0.0014 50 189 75 215
bicycle 0.0014 181 199 219 268
bicycle 0.0014 255 186 273 216
bicycle 0.0013 94 128 128 177
bicycle 0.0013 129 181 188 244
bicycle 0.0013 406 179 433 224
bicycle 0.0013 3 88 268 213
bicycle 0.0012 369 129 416 221
bicycle 0.0012 58 168 85 195
car 0.0169 169 115 187 131
car 0.0097 223 179 266 203
car 0.0020 2 116 53 159
car 0.0020 14 116 80 155
car 0.0019 12 133 31 149
car 0.0016 487 119 500 165
car 0.0012 9 119 33 151
motorbike 0.0027 31 138 98 250
bus 0.0140 0 78 140 153
bus 0.0048 1 75 138 229
bus 0.0023 60 96 88 147
bus 0.0010 -2 50 146 123
train 0.0022 0 78 140 153
bottle 0.0032 158 215 174 247
bottle 0.0013 146 201 188 258
chair 0.0055 0 156 11 209
chair 0.0051 0 158 15 240
chair 0.0048 0 152 48 233
chair 0.0014 41 157 102 246
chair 0.0012 8 180 39 204
