person 0.9807 176 268 317 508
person 0.0358 191 339 264 456
person 0.0063 154 319 274 488
person 0.0042 298 204 324 354
person 0.0032 162 300 174 324
person 0.0027 155 299 165 324
person 0.0025 173 300 186 325
person 0.0013 176 301 193 324
dog 0.0014 296 168 325 353
bottle 0.0010 192 416 206 455
chair 0.0524 0 -10 321 516
chair 0.0061 183 321 207 338
chair 0.0037 184 301 208 325
chair 0.0036 183 318 206 331
chair 0.0030 299 348 318 388
chair 0.0028 298 346 322 431
chair 0.0023 198 326 213 342
chair 0.0023 198 332 213 345
chair 0.0021 -8 8 331 256
chair 0.0021 181 319 197 329
chair 0.0020 162 300 174 324
chair 0.0016 176 301 193 324
chair 0.0015 173 300 186 325
chair 0.0014 197 306 215 335
chair 0.0013 182 311 209 334
chair 0.0012 132 322 144 341
chair 0.0012 130 333 142 347
chair 0.0010 288 47 325 157
pottedplant 0.0058 -1 166 50 335
pottedplant 0.0030 143 304 154 322
pottedplant 0.0030 155 299 165 324
pottedplant 0.0028 117 316 138 350
pottedplant 0.0027 173 300 186 325
pottedplant 0.0023 162 300 174 324
pottedplant 0.0021 22 198 50 278
pottedplant 0.0019 132 322 144 341
pottedplant 0.0016 296 150 325 242
pottedplant 0.0014 131 310 144 332
pottedplant 0.0012 176 301 193 324
pottedplant 0.0012 21 231 50 328
pottedplant 0.0012 133 306 144 322
diningtable 0.0012 0 -10 321 516
