person 0.9956 215 79 308 379
person 0.9884 282 77 373 376
person 0.9837 136 97 230 374
person 0.0041 264 103 279 128
person 0.0029 246 80 280 128
person 0.0027 276 101 290 132
person 0.0024 221 126 293 265
person 0.0018 252 99 278 131
person 0.0011 270 91 296 143
person 0.0011 140 76 353 381
person 0.0010 282 102 298 129
bottle 0.3804 466 210 480 234
bottle 0.1877 480 208 494 231
bottle 0.1070 492 197 500 230
bottle 0.0531 273 267 295 286
bottle 0.0297 458 201 472 224
bottle 0.0184 214 182 231 224
bottle 0.0114 454 188 472 214
bottle 0.0110 272 271 281 286
bottle 0.0097 459 206 475 233
bottle 0.0088 464 214 483 241
bottle 0.0076 466 197 481 229
bottle 0.0076 272 256 298 287
bottle 0.0070 492 218 500 240
bottle 0.0061 214 110 309 386
bottle 0.0058 444 189 452 213
bottle 0.0034 425 195 436 207
bottle 0.0033 202 183 215 199
bottle 0.0031 456 188 492 242
bottle 0.0030 136 45 148 70
bottle 0.0022 487 204 500 234
bottle 0.0022 208 183 219 199
bottle 0.0021 470 190 480 213
bottle 0.0019 477 189 500 247
bottle 0.0017 426 194 443 209
bottle 0.0017 270 267 283 288
bottle 0.0015 281 74 376 383
bottle 0.0015 388 201 404 219
bottle 0.0015 492 195 500 211
bottle 0.0015 440 205 452 219
bottle 0.0013 217 180 230 201
bottle 0.0013 421 198 439 224
bottle 0.0012 489 214 500 247
bottle 0.0011 426 204 448 220
bottle 0.0011 272 257 282 286
bottle 0.0010 131 97 260 379
bottle 0.0010 276 100 290 132
chair 0.0013 221 291 257 373
chair 0.0012 492 197 500 230
pottedplant 0.3148 370 182 390 218
pottedplant 0.1252 447 102 480 213
pottedplant 0.0023 419 97 489 215
pottedplant 0.0021 363 185 392 235
pottedplant 0.0012 375 204 385 218
pottedplant 0.0011 378 182 394 206
pottedplant 0.0010 446 184 471 221
diningtable 0.0036 217 125 306 380
diningtable 0.0017 134 111 230 383
tvmonitor 0.0019 0 -3 97 105
