person 0.0059 471 0 500 50
car 0.0061 318 2 502 57
car 0.0026 334 0 417 40
car 0.0012 353 1 386 13
car 0.0012 341 2 360 14
bottle 0.0069 240 86 254 145
chair 0.0020 411 134 499 315
chair 0.0018 425 217 501 320
pottedplant 0.3375 15 -4 486 370
pottedplant 0.0904 251 12 488 353
pottedplant 0.0570 322 292 499 370
pottedplant 0.0234 437 103 500 247
pottedplant 0.0189 393 4 500 307
pottedplant 0.0183 454 194 498 237
pottedplant 0.0150 275 164 459 360
pottedplant 0.0134 1 157 339 371
pottedplant 0.0116 81 230 334 371
pottedplant 0.0099 402 253 501 356
pottedplant 0.0093 -2 11 100 128
pottedplant 0.0087 433 283 499 372
pottedplant 0.0083 411 134 499 315
pottedplant 0.0068 301 269 411 365
pottedplant 0.0067 329 327 495 373
pottedplant 0.0043 159 109 421 346
pottedplant 0.0041 -2 117 125 358
pottedplant 0.0040 316 300 392 360
pottedplant 0.0040 312 7 500 223
pottedplant 0.0040 470 2 500 79
pottedplant 0.0038 389 284 486 348
pottedplant 0.0024 -1 225 107 373
pottedplant 0.0022 151 286 339 370
pottedplant 0.0021 475 -6 500 246
pottedplant 0.0021 432 229 500 325
pottedplant 0.0020 431 5 501 231
pottedplant 0.0015 478 117 500 239
pottedplant 0.0015 -6 77 194 299
pottedplant 0.0015 448 1 499 47
pottedplant 0.0015 383 7 501 137
pottedplant 0.0014 326 332 423 374
pottedplant 0.0013 473 5 499 48
pottedplant 0.0012 444 3 501 133
pottedplant 0.0012 61 7 287 200
pottedplant 0.0012 -1 27 270 348
pottedplant 0.0011 425 283 488 335
