person 0.9702 109 73 367 298
person 0.0062 32 82 455 492
person 0.0032 63 442 346 501
person 0.0020 427 150 470 201
person 0.0016 370 140 482 215
bird 0.0025 381 95 412 129
dog 0.0010 63 442 346 501
bottle 0.6526 372 238 409 305
bottle 0.1774 359 263 376 302
bottle 0.0629 435 235 462 275
bottle 0.0394 359 261 375 284
bottle 0.0206 339 269 360 299
bottle 0.0110 377 280 399 303
bottle 0.0108 434 234 445 274
bottle 0.0091 367 240 392 302
bottle 0.0085 359 281 376 301
bottle 0.0080 344 258 383 305
bottle 0.0078 436 219 478 271
bottle 0.0074 396 280 408 303
bottle 0.0059 371 244 384 300
bottle 0.0050 376 269 403 301
bottle 0.0033 374 238 407 274
bottle 0.0027 379 247 401 297
bottle 0.0025 343 279 359 300
bottle 0.0024 337 269 360 280
bottle 0.0023 432 211 446 264
bottle 0.0023 166 228 249 319
bottle 0.0023 392 243 408 301
bottle 0.0022 434 158 481 278
bottle 0.0020 369 236 390 276
bottle 0.0018 375 235 404 253
bottle 0.0012 435 245 477 282
bottle 0.0010 310 233 423 321
bottle 0.0010 439 210 461 265
chair 0.1297 63 442 346 501
chair 0.0948 293 197 371 307
chair 0.0194 59 369 367 500
chair 0.0194 40 136 360 522
chair 0.0165 290 148 409 300
chair 0.0109 110 77 379 314
chair 0.0081 73 218 327 439
chair 0.0063 261 194 453 467
chair 0.0055 46 252 449 472
chair 0.0043 436 339 481 446
chair 0.0043 246 300 473 499
chair 0.0026 404 288 480 500
chair 0.0023 1 478 72 500
chair 0.0022 -1 485 49 500
chair 0.0020 279 311 429 412
chair 0.0018 31 236 242 510
chair 0.0017 287 209 438 314
chair 0.0017 385 146 480 269
chair 0.0017 306 394 479 500
chair 0.0014 305 293 473 432
chair 0.0013 371 235 408 298
chair 0.0012 305 426 428 474
chair 0.0012 436 219 478 271
chair 0.0011 284 127 483 312
chair 0.0011 293 212 374 257
chair 0.0011 109 448 508 500
chair 0.0010 316 222 411 304
chair 0.0010 390 195 483 459
chair 0.0010 151 389 471 500
chair 0.0010 440 411 480 493
sofa 0.0075 63 442 346 501
sofa 0.0018 110 77 379 314
pottedplant 0.0069 431 148 481 202
pottedplant 0.0029 431 141 482 273
pottedplant 0.0023 370 140 482 215
pottedplant 0.0018 385 146 480 269
diningtable 0.4921 82 299 487 499
diningtable 0.1153 96 242 474 430
diningtable 0.0198 93 102 473 476
diningtable 0.0054 306 194 474 462
diningtable 0.0033 114 309 428 401
diningtable 0.0023 439 295 481 336
diningtable 0.0023 370 140 482 215
diningtable 0.0020 385 146 480 269
diningtable 0.0018 293 210 434 357
diningtable 0.0014 282 300 407 330
diningtable 0.0013 308 183 473 321
diningtable 0.0013 324 279 415 311
diningtable 0.0011 310 233 423 321
diningtable 0.0011 300 338 466 374
diningtable 0.0011 61 230 286 519
diningtable 0.0010 434 273 480 290
