person 0.9320 110 146 182 209
person 0.8936 380 99 498 252
person 0.8931 185 157 270 225
person 0.1592 0 117 18 199
person 0.0387 0 145 17 240
person 0.0106 441 97 500 252
person 0.0095 0 173 12 231
person 0.0092 479 103 500 250
person 0.0064 -1 182 85 224
person 0.0063 51 141 208 211
person 0.0063 185 154 231 215
person 0.0062 0 136 98 231
person 0.0055 0 275 17 351
person 0.0049 374 85 453 235
person 0.0048 -1 96 26 220
person 0.0047 0 149 18 362
person 0.0031 491 162 500 260
person 0.0029 334 97 393 229
person 0.0029 0 116 12 174
person 0.0026 377 100 416 226
person 0.0023 6 132 47 189
person 0.0017 -1 179 96 258
person 0.0017 1 125 186 245
person 0.0016 0 265 14 312
person 0.0014 0 128 26 303
person 0.0014 0 159 67 286
person 0.0014 11 128 108 197
person 0.0014 470 90 500 296
person 0.0014 492 78 500 249
person 0.0013 61 132 142 216
person 0.0013 0 210 50 338
person 0.0012 0 170 10 290
person 0.0012 13 101 243 207
person 0.0012 -2 139 50 227
person 0.0011 81 129 122 199
person 0.0011 2 98 24 172
person 0.0010 0 57 9 193
person 0.0010 483 134 500 335
car 0.0062 5 48 501 397
car 0.0012 -14 218 514 374
aeroplane 0.0018 5 48 501 397
bus 0.0082 5 48 501 397
bus 0.0016 58 99 452 286
train 0.0022 5 48 501 397
boat 0.0067 29 48 479 333
bottle 0.0206 294 215 310 264
bottle 0.0058 101 196 115 223
bottle 0.0032 82 192 93 209
bottle 0.0030 420 46 429 83
bottle 0.0029 86 183 100 202
bottle 0.0020 492 30 499 68
bottle 0.0017 473 329 500 366
bottle 0.0015 80 200 100 221
bottle 0.0011 91 199 110 222
bottle 0.0010 438 292 494 359
bottle 0.0010 77 198 91 221
chair 0.0020 0 137 17 220
chair 0.0018 0 173 12 231
chair 0.0017 16 135 72 189
chair 0.0010 0 140 21 187
sofa 0.0081 13 101 243 207
sofa 0.0042 107 145 185 212
sofa 0.0027 11 128 108 197
sofa 0.0019 2 138 182 235
sofa 0.0018 67 127 139 201
sofa 0.0015 -1 182 85 224
sofa 0.0010 0 145 17 240
diningtable 0.0021 -14 218 514 374
diningtable 0.0018 0 173 12 231
diningtable 0.0014 -1 176 177 253
tvmonitor 0.0059 492 30 499 68
tvmonitor 0.0021 5 48 501 397
