person 0.9741 38 43 220 319
person 0.2514 31 207 43 229
person 0.1052 40 206 50 229
person 0.0979 20 203 30 215
person 0.0667 19 205 33 222
person 0.0407 1 186 12 213
person 0.0314 50 201 66 235
person 0.0295 17 204 37 230
person 0.0214 7 203 47 241
person 0.0168 35 207 51 238
person 0.0106 31 204 39 215
person 0.0063 11 202 25 214
person 0.0058 55 214 68 234
person 0.0040 43 200 50 215
person 0.0040 48 227 62 238
person 0.0029 116 43 223 173
person 0.0027 11 208 25 218
person 0.0025 31 225 42 239
person 0.0015 -1 66 267 427
person 0.0015 48 221 64 244
person 0.0012 0 196 38 236
person 0.0012 14 198 37 217
person 0.0011 47 192 64 222
car 0.0053 12 389 384 499
car 0.0031 55 214 68 234
car 0.0021 50 212 65 237
car 0.0012 26 97 336 486
horse 0.9761 6 90 319 491
horse 0.0021 35 80 258 357
