person 0.4737 173 121 205 155
person 0.0049 173 122 185 153
bottle 0.0396 0 210 9 251
bottle 0.0106 440 207 454 241
bottle 0.0050 432 210 446 237
bottle 0.0045 4 212 18 246
bottle 0.0022 188 215 199 230
chair 0.9560 327 162 446 278
chair 0.5334 385 208 498 296
chair 0.1642 391 219 479 270
chair 0.0251 392 130 503 287
chair 0.0089 173 125 205 157
chair 0.0072 113 154 304 253
chair 0.0057 0 207 11 243
chair 0.0038 324 95 475 273
chair 0.0033 452 188 499 277
chair 0.0032 173 132 185 156
chair 0.0024 0 207 17 275
chair 0.0022 389 227 450 262
chair 0.0022 382 248 496 288
chair 0.0021 212 137 241 153
chair 0.0021 3 207 19 242
chair 0.0021 173 146 184 157
chair 0.0020 479 177 500 275
chair 0.0018 173 148 203 156
chair 0.0016 0 211 9 265
chair 0.0014 431 215 499 285
chair 0.0011 212 126 243 149
chair 0.0011 212 138 224 152
chair 0.0011 388 244 502 356
sofa 0.9946 117 155 323 252
sofa 0.2335 385 208 498 296
sofa 0.1518 323 163 442 265
sofa 0.0429 391 219 479 270
sofa 0.0098 392 130 503 287
sofa 0.0090 225 213 269 239
sofa 0.0082 212 209 281 244
sofa 0.0035 155 193 287 295
sofa 0.0019 479 204 500 283
sofa 0.0016 452 188 499 277
sofa 0.0016 181 209 310 280
sofa 0.0011 389 227 450 262
sofa 0.0010 480 140 500 274
pottedplant 0.0253 265 111 304 145
pottedplant 0.0095 276 120 293 145
pottedplant 0.0044 264 107 286 146
pottedplant 0.0014 0 211 9 265
pottedplant 0.0012 212 137 241 153
diningtable 0.0633 185 209 317 285
diningtable 0.0054 395 219 498 283
diningtable 0.0031 219 214 294 240
diningtable 0.0015 189 249 322 321
diningtable 0.0014 0 254 13 265
diningtable 0.0013 134 163 335 255
diningtable 0.0011 173 125 205 157
diningtable 0.0011 155 193 287 295
diningtable 0.0010 181 211 372 315
