person 0.9747 279 189 373 273
person 0.8306 401 160 488 283
person 0.4943 360 197 420 284
person 0.2378 278 220 295 263
person 0.1342 360 201 374 243
person 0.1276 455 214 500 268
person 0.1089 407 166 446 277
person 0.0904 357 198 381 281
person 0.0569 422 215 479 284
person 0.0542 236 220 258 266
person 0.0429 261 180 302 261
person 0.0421 351 202 373 272
person 0.0386 279 203 302 266
person 0.0259 450 213 500 316
person 0.0204 391 193 442 282
person 0.0169 453 214 478 267
person 0.0162 400 154 459 250
person 0.0151 262 184 302 203
person 0.0148 414 193 460 286
person 0.0148 358 197 385 246
person 0.0138 282 218 299 245
person 0.0137 447 161 500 293
person 0.0130 467 213 499 252
person 0.0123 239 177 335 263
person 0.0115 260 169 304 222
person 0.0103 492 220 500 260
person 0.0093 412 190 496 254
person 0.0090 455 212 477 232
person 0.0083 145 102 214 266
person 0.0078 471 226 500 312
person 0.0063 323 203 429 296
person 0.0063 262 157 306 204
person 0.0058 387 228 429 284
person 0.0054 458 210 494 235
person 0.0053 176 114 216 266
person 0.0051 381 239 414 283
person 0.0048 455 214 474 247
person 0.0044 474 156 499 280
person 0.0044 273 189 312 254
person 0.0044 490 224 500 275
person 0.0042 471 227 499 269
person 0.0041 413 216 443 282
person 0.0039 400 157 440 200
person 0.0039 332 162 483 292
person 0.0038 310 189 399 281
person 0.0034 462 214 487 230
person 0.0029 422 236 455 284
person 0.0021 492 238 500 279
person 0.0020 400 158 440 174
person 0.0019 382 199 414 244
person 0.0019 288 196 315 265
person 0.0018 282 229 299 265
person 0.0017 259 182 293 218
person 0.0017 492 178 500 265
person 0.0017 494 196 500 247
person 0.0016 384 106 506 293
person 0.0016 337 192 378 253
person 0.0015 185 125 379 269
person 0.0014 445 223 484 293
person 0.0014 404 162 447 221
person 0.0014 389 186 428 255
person 0.0014 176 109 213 198
person 0.0013 277 209 295 236
person 0.0013 107 86 233 294
person 0.0011 406 238 430 283
person 0.0011 243 170 410 285
person 0.0011 183 191 481 353
person 0.0010 406 203 433 277
person 0.0010 255 215 295 266
person 0.0010 292 221 308 259
person 0.0010 401 160 471 205
boat 0.0094 16 260 497 357
boat 0.0044 -7 96 522 359
boat 0.0043 203 277 344 327
boat 0.0016 182 265 490 319
boat 0.0011 183 191 481 353
bird 0.4209 176 109 212 196
bird 0.0143 146 103 212 202
bird 0.0035 139 119 190 191
bird 0.0015 145 158 175 182
cat 0.0022 176 109 212 181
dog 0.0029 451 215 500 286
dog 0.0022 176 109 212 196
dog 0.0013 422 215 479 284
bottle 0.4236 238 225 258 268
bottle 0.0132 158 254 164 264
bottle 0.0111 227 251 238 266
bottle 0.0058 239 223 255 239
bottle 0.0036 238 218 257 248
bottle 0.0029 225 253 233 265
bottle 0.0027 278 220 295 263
bottle 0.0021 237 244 254 269
bottle 0.0020 455 214 474 247
bottle 0.0018 258 229 267 270
bottle 0.0017 455 213 476 231
bottle 0.0013 227 231 243 266
bottle 0.0010 224 249 244 269
chair 0.0074 454 216 500 279
chair 0.0048 422 215 479 284
chair 0.0020 414 239 439 281
chair 0.0020 492 225 500 273
chair 0.0018 371 218 418 284
chair 0.0015 274 211 296 265
chair 0.0014 381 239 414 283
chair 0.0014 406 238 430 283
diningtable 0.0219 203 277 344 327
diningtable 0.0184 16 260 497 357
diningtable 0.0015 182 265 490 319
diningtable 0.0014 207 279 503 372
diningtable 0.0013 62 211 499 396
