person 0.0422 327 67 369 121
person 0.0145 399 32 438 106
boat 0.0025 65 64 154 129
bird 0.0061 397 34 438 104
bird 0.0041 325 67 363 121
cat 0.0090 397 34 438 104
cat 0.0022 325 67 363 121
dog 0.0131 325 67 362 121
dog 0.0129 397 34 438 104
horse 0.0080 397 34 438 104
horse 0.0070 325 67 363 121
cow 0.0065 397 34 438 104
chair 0.0761 189 169 478 376
chair 0.0049 2 153 178 357
chair 0.0030 0 191 7 249
chair 0.0025 2 218 105 296
chair 0.0014 0 191 96 245
chair 0.0013 0 209 5 250
chair 0.0013 479 161 499 270
chair 0.0011 0 139 6 265
chair 0.0011 0 238 102 276
chair 0.0010 0 185 116 332
sofa 0.9446 0 136 483 371
sofa 0.0388 189 201 481 376
sofa 0.0119 -20 138 341 298
sofa 0.0045 -2 174 181 285
sofa 0.0033 39 135 299 245
sofa 0.0017 0 188 99 252
sofa 0.0010 2 218 105 296
diningtable 0.3302 -2 234 186 376
diningtable 0.0032 0 238 102 276
diningtable 0.0023 -5 180 101 288
diningtable 0.0019 2 200 171 311
diningtable 0.0016 19 225 86 258
tvmonitor 0.0111 -1 190 103 247
tvmonitor 0.0011 0 191 7 249
