person 0.9326 308 115 370 328
person 0.5287 253 124 293 182
person 0.3395 71 205 136 304
person 0.0260 249 134 300 222
person 0.0134 322 117 363 167
person 0.0082 320 184 381 326
person 0.0081 0 67 17 365
person 0.0078 0 251 14 373
person 0.0060 340 125 376 193
person 0.0054 237 131 317 269
person 0.0047 341 133 363 172
person 0.0041 73 155 168 307
person 0.0038 255 131 384 305
person 0.0036 319 121 360 275
person 0.0028 259 123 291 150
person 0.0019 346 133 372 175
person 0.0018 315 118 368 195
person 0.0017 270 124 292 164
person 0.0012 261 133 288 173
person 0.0010 220 132 261 177
person 0.0010 325 132 383 260
person 0.0010 273 123 292 147
bicycle 0.0246 303 212 342 306
bicycle 0.0174 301 190 376 317
bicycle 0.0099 0 179 17 370
bicycle 0.0098 0 261 14 373
bicycle 0.0060 317 230 344 305
bicycle 0.0032 258 164 382 303
bicycle 0.0022 0 99 24 372
bicycle 0.0015 326 243 342 293
car 0.0426 0 251 14 373
car 0.0050 0 179 21 370
motorbike 0.9102 146 138 260 317
motorbike 0.7992 305 125 372 320
motorbike 0.4253 237 153 319 278
motorbike 0.1295 357 187 397 271
motorbike 0.1159 0 212 16 373
motorbike 0.1057 75 146 175 301
motorbike 0.1024 255 131 384 305
motorbike 0.0567 116 155 172 284
motorbike 0.0420 0 283 14 374
motorbike 0.0415 222 127 303 254
motorbike 0.0296 303 212 342 306
motorbike 0.0285 0 102 19 369
motorbike 0.0201 254 138 299 219
motorbike 0.0160 119 129 294 267
motorbike 0.0159 260 157 327 237
motorbike 0.0139 160 137 345 297
motorbike 0.0117 72 210 143 304
motorbike 0.0099 98 138 230 300
motorbike 0.0088 266 149 370 251
motorbike 0.0077 319 121 360 275
motorbike 0.0071 252 222 308 278
motorbike 0.0066 230 176 365 290
motorbike 0.0066 326 140 384 257
motorbike 0.0058 325 184 385 327
motorbike 0.0057 237 125 293 191
motorbike 0.0056 177 133 264 177
motorbike 0.0055 272 154 313 204
motorbike 0.0049 220 132 261 177
motorbike 0.0040 -1 224 47 373
motorbike 0.0035 295 152 331 200
motorbike 0.0034 167 145 234 202
motorbike 0.0033 189 134 292 216
motorbike 0.0031 134 138 268 214
motorbike 0.0030 182 139 228 174
motorbike 0.0029 127 188 167 272
motorbike 0.0024 308 205 372 294
motorbike 0.0024 75 125 423 321
motorbike 0.0019 225 139 362 224
motorbike 0.0019 126 137 242 182
motorbike 0.0018 355 156 392 238
motorbike 0.0015 280 169 324 252
motorbike 0.0014 252 212 343 291
motorbike 0.0014 306 135 373 221
motorbike 0.0013 341 148 378 205
motorbike 0.0013 299 177 326 225
motorbike 0.0012 365 196 391 226
horse 0.0014 0 277 13 375
