person 0.0111 381 110 399 205
person 0.0077 388 139 400 169
person 0.0047 386 137 401 203
person 0.0043 376 104 399 146
person 0.0042 373 133 400 218
person 0.0024 383 78 400 144
person 0.0024 395 63 399 106
person 0.0020 27 84 38 103
person 0.0017 391 119 400 158
person 0.0015 61 9 73 16
person 0.0014 366 64 396 90
person 0.0013 255 59 285 84
person 0.0013 376 164 400 236
person 0.0012 394 130 400 146
person 0.0012 357 122 399 225
person 0.0010 356 109 398 178
aeroplane 0.0014 222 128 249 143
bottle 0.0032 0 77 25 107
bottle 0.0024 394 130 400 146
bottle 0.0023 0 76 10 89
bottle 0.0022 0 76 10 108
bottle 0.0017 0 73 7 83
bottle 0.0012 375 138 400 215
bottle 0.0012 392 113 400 147
bottle 0.0011 -4 50 413 246
bottle 0.0010 27 85 38 103
bottle 0.0010 390 129 400 164
chair 0.9506 162 248 278 299
chair 0.9378 253 188 353 287
chair 0.8741 303 99 340 149
chair 0.7755 225 128 292 216
chair 0.4202 273 117 296 175
chair 0.3314 362 104 399 147
chair 0.3276 352 118 398 192
chair 0.2646 375 145 400 224
chair 0.1421 249 118 295 171
chair 0.0863 12 77 429 289
chair 0.0338 356 113 392 165
chair 0.0333 0 121 19 172
chair 0.0318 388 139 400 169
chair 0.0279 158 235 225 299
chair 0.0267 381 110 399 205
chair 0.0247 373 171 392 213
chair 0.0239 266 118 296 145
chair 0.0230 254 94 271 109
chair 0.0226 252 112 291 135
chair 0.0215 171 106 345 249
chair 0.0204 0 123 41 182
chair 0.0193 0 130 8 174
chair 0.0176 386 137 401 203
chair 0.0174 234 137 281 169
chair 0.0163 363 140 399 198
chair 0.0144 391 103 400 144
chair 0.0132 242 123 289 154
chair 0.0113 262 128 283 145
chair 0.0097 332 102 394 206
chair 0.0096 242 135 275 158
chair 0.0091 318 89 398 274
chair 0.0089 239 139 286 200
chair 0.0086 241 77 399 283
chair 0.0084 236 143 265 163
chair 0.0075 249 106 287 126
chair 0.0073 367 105 395 126
chair 0.0073 156 76 421 230
chair 0.0071 245 140 272 153
chair 0.0070 357 118 373 145
chair 0.0069 253 131 276 145
chair 0.0065 242 77 401 155
chair 0.0062 388 156 400 226
chair 0.0058 394 130 400 146
chair 0.0058 345 139 388 214
chair 0.0055 0 75 21 177
chair 0.0051 383 78 400 144
chair 0.0050 131 56 156 71
chair 0.0047 391 119 400 158
chair 0.0044 359 137 399 270
chair 0.0041 355 76 400 165
chair 0.0041 395 94 400 118
chair 0.0040 394 96 400 133
chair 0.0040 187 234 222 266
chair 0.0039 24 289 62 299
chair 0.0037 283 81 366 150
chair 0.0036 374 101 402 173
chair 0.0034 0 66 18 85
chair 0.0033 0 76 25 108
chair 0.0032 0 125 5 153
chair 0.0031 290 86 347 108
chair 0.0030 287 209 400 293
chair 0.0028 262 246 317 295
chair 0.0028 377 176 400 237
chair 0.0026 224 118 280 142
chair 0.0025 368 106 382 125
chair 0.0025 261 133 285 159
chair 0.0024 368 144 391 162
chair 0.0024 378 155 400 282
chair 0.0024 363 81 399 108
chair 0.0023 365 106 383 139
chair 0.0023 380 145 400 176
chair 0.0021 0 125 7 211
chair 0.0020 112 165 410 313
chair 0.0018 329 134 398 238
chair 0.0018 390 170 400 213
chair 0.0018 220 126 253 145
chair 0.0018 82 55 438 185
chair 0.0017 341 104 388 150
chair 0.0017 0 123 16 218
chair 0.0017 229 241 349 295
chair 0.0016 380 111 400 146
chair 0.0016 366 149 394 172
chair 0.0015 371 97 400 135
chair 0.0015 364 97 398 116
chair 0.0014 0 108 12 124
chair 0.0014 251 143 280 162
chair 0.0013 256 133 288 189
chair 0.0012 308 104 332 141
chair 0.0012 0 84 45 260
chair 0.0012 369 114 391 144
chair 0.0012 186 71 217 84
chair 0.0012 137 239 373 302
chair 0.0012 251 165 356 250
chair 0.0012 209 60 240 79
chair 0.0012 228 99 274 128
chair 0.0012 301 85 419 140
chair 0.0011 364 94 397 105
chair 0.0011 0 111 20 152
chair 0.0011 302 89 339 127
chair 0.0011 336 98 350 103
sofa 0.0028 374 147 400 220
diningtable 0.2153 284 204 400 299
diningtable 0.0525 254 193 367 286
diningtable 0.0039 375 145 400 224
diningtable 0.0038 340 233 396 292
diningtable 0.0035 283 83 365 108
diningtable 0.0033 301 94 340 138
diningtable 0.0030 294 83 346 149
diningtable 0.0028 90 165 179 208
diningtable 0.0015 364 94 397 105
diningtable 0.0013 328 173 400 296
diningtable 0.0012 -30 97 308 256
diningtable 0.0012 289 247 398 307
diningtable 0.0011 242 77 401 155
diningtable 0.0010 381 110 399 205
tvmonitor 0.9392 364 63 397 91
tvmonitor 0.9006 125 90 186 138
tvmonitor 0.8390 42 103 126 169
tvmonitor 0.8312 255 58 285 85
tvmonitor 0.8190 309 61 340 89
tvmonitor 0.7636 227 74 255 109
tvmonitor 0.7491 182 82 231 120
tvmonitor 0.6811 209 59 240 80
tvmonitor 0.6085 166 56 191 79
tvmonitor 0.4317 150 0 176 33
tvmonitor 0.2875 35 71 79 102
tvmonitor 0.1901 163 0 186 36
tvmonitor 0.1062 83 67 121 96
tvmonitor 0.0873 0 76 25 109
tvmonitor 0.0863 0 191 37 296
tvmonitor 0.0775 17 13 50 64
tvmonitor 0.0581 149 67 252 159
tvmonitor 0.0517 158 94 186 132
tvmonitor 0.0513 79 104 125 161
tvmonitor 0.0449 128 71 164 95
tvmonitor 0.0446 395 63 399 106
tvmonitor 0.0389 186 71 217 84
tvmonitor 0.0323 12 39 272 201
tvmonitor 0.0305 375 145 400 224
tvmonitor 0.0277 7 12 48 95
tvmonitor 0.0161 131 56 156 71
tvmonitor 0.0134 127 23 145 56
tvmonitor 0.0131 82 39 318 151
tvmonitor 0.0116 112 6 145 68
tvmonitor 0.0098 47 11 94 97
tvmonitor 0.0089 43 111 87 166
tvmonitor 0.0087 0 75 24 140
tvmonitor 0.0087 -17 25 417 160
tvmonitor 0.0086 0 108 12 124
tvmonitor 0.0086 163 57 187 91
tvmonitor 0.0077 0 71 39 118
tvmonitor 0.0073 207 84 229 117
tvmonitor 0.0070 254 94 271 109
tvmonitor 0.0069 229 107 257 123
tvmonitor 0.0068 0 105 19 128
tvmonitor 0.0060 287 209 400 293
tvmonitor 0.0059 19 95 140 196
tvmonitor 0.0058 197 59 251 95
tvmonitor 0.0055 110 68 131 82
tvmonitor 0.0053 244 78 254 104
tvmonitor 0.0050 129 7 154 67
tvmonitor 0.0045 0 66 18 85
tvmonitor 0.0041 0 -2 9 77
tvmonitor 0.0040 383 56 399 104
tvmonitor 0.0040 364 94 397 105
tvmonitor 0.0039 339 215 401 288
tvmonitor 0.0039 207 71 269 124
tvmonitor 0.0034 0 0 19 75
tvmonitor 0.0034 179 71 214 90
tvmonitor 0.0033 123 77 224 146
tvmonitor 0.0033 378 155 400 282
tvmonitor 0.0030 77 1 84 16
tvmonitor 0.0029 156 83 234 134
tvmonitor 0.0028 189 82 247 131
tvmonitor 0.0027 113 49 410 128
tvmonitor 0.0027 202 77 252 108
tvmonitor 0.0027 79 90 120 110
tvmonitor 0.0026 357 122 399 225
tvmonitor 0.0025 149 0 168 19
tvmonitor 0.0025 238 62 256 79
tvmonitor 0.0024 347 141 399 287
tvmonitor 0.0022 140 -1 192 43
tvmonitor 0.0021 147 2 153 26
tvmonitor 0.0020 105 3 169 68
tvmonitor 0.0019 275 56 359 107
tvmonitor 0.0019 135 37 145 55
tvmonitor 0.0019 42 148 123 200
tvmonitor 0.0018 124 75 149 97
tvmonitor 0.0018 180 88 211 123
tvmonitor 0.0018 27 84 38 103
tvmonitor 0.0018 387 140 401 213
tvmonitor 0.0017 256 186 352 253
tvmonitor 0.0017 -2 190 74 299
tvmonitor 0.0017 396 88 399 112
tvmonitor 0.0017 187 118 230 140
tvmonitor 0.0016 0 76 10 108
tvmonitor 0.0016 300 129 399 301
tvmonitor 0.0016 -4 50 413 246
tvmonitor 0.0015 48 62 217 161
tvmonitor 0.0015 226 97 259 128
tvmonitor 0.0015 0 99 9 118
tvmonitor 0.0014 363 81 399 108
tvmonitor 0.0014 0 82 6 115
tvmonitor 0.0013 390 61 400 107
tvmonitor 0.0013 130 25 142 37
tvmonitor 0.0013 9 104 30 126
tvmonitor 0.0013 0 76 10 89
tvmonitor 0.0013 132 0 148 28
tvmonitor 0.0013 108 69 133 97
tvmonitor 0.0012 250 114 277 127
tvmonitor 0.0012 255 72 287 96
tvmonitor 0.0012 258 88 285 97
tvmonitor 0.0012 166 67 242 93
tvmonitor 0.0012 395 81 400 120
tvmonitor 0.0012 231 117 294 203
