person 0.9263 47 82 368 371
person 0.8414 277 62 450 374
person 0.8070 453 105 499 365
person 0.6509 193 64 279 185
person 0.4826 -1 86 144 367
person 0.4107 261 68 329 172
person 0.3915 51 183 94 300
person 0.1754 140 82 219 198
person 0.1374 193 65 386 372
person 0.1320 245 69 337 291
person 0.1228 0 97 59 200
person 0.0741 199 76 312 297
person 0.0630 140 222 256 373
person 0.0613 0 87 59 367
person 0.0528 120 132 284 373
person 0.0429 434 107 499 203
person 0.0317 0 78 23 396
person 0.0274 203 127 282 275
person 0.0229 416 88 497 373
person 0.0149 20 191 93 352
person 0.0123 302 65 435 162
person 0.0113 0 128 21 230
person 0.0105 245 146 312 324
person 0.0096 229 130 255 190
person 0.0092 0 81 20 201
person 0.0092 22 110 63 175
person 0.0092 395 108 433 156
person 0.0090 473 157 500 384
person 0.0084 137 58 272 192
person 0.0081 198 141 324 367
person 0.0075 242 64 398 241
person 0.0075 0 116 51 273
person 0.0066 4 80 175 228
person 0.0056 0 154 9 229
person 0.0055 5 55 253 321
person 0.0050 0 103 9 204
person 0.0045 42 135 61 171
person 0.0044 190 55 390 181
person 0.0044 0 217 22 367
person 0.0043 -5 30 185 184
person 0.0043 0 73 29 240
person 0.0042 125 58 171 98
person 0.0042 0 157 44 209
person 0.0037 358 69 453 159
person 0.0035 37 119 65 170
person 0.0034 29 129 58 175
person 0.0034 256 218 301 291
person 0.0033 146 37 178 83
person 0.0031 0 236 61 360
person 0.0031 172 111 306 205
person 0.0030 0 92 48 160
person 0.0029 143 84 208 147
person 0.0028 207 102 220 124
person 0.0028 0 72 8 179
person 0.0028 166 173 231 266
person 0.0026 222 137 263 260
person 0.0025 128 33 225 175
person 0.0025 0 169 7 253
person 0.0023 0 100 6 169
person 0.0023 188 148 254 323
person 0.0023 209 149 270 361
person 0.0022 204 91 225 137
person 0.0021 120 41 177 88
person 0.0020 83 29 197 102
person 0.0020 224 71 282 159
person 0.0019 109 39 389 272
person 0.0018 393 80 423 152
person 0.0018 478 96 500 182
person 0.0017 385 90 441 181
person 0.0016 168 83 349 237
person 0.0016 125 95 196 171
person 0.0015 126 92 236 256
person 0.0015 270 63 313 150
person 0.0015 137 148 231 318
person 0.0015 472 88 499 270
person 0.0015 0 183 6 356
person 0.0015 16 285 54 347
person 0.0015 0 138 8 188
person 0.0014 0 250 10 364
person 0.0014 402 131 434 156
person 0.0014 208 281 246 355
person 0.0013 189 76 244 193
person 0.0013 250 71 280 157
person 0.0012 0 69 86 289
person 0.0012 -2 223 275 374
person 0.0011 202 237 301 365
person 0.0011 262 66 361 205
person 0.0011 50 122 73 168
person 0.0010 0 169 30 233
person 0.0010 23 113 44 135
person 0.0010 257 87 289 161
person 0.0010 395 108 418 143
bottle 0.9145 259 219 300 289
bottle 0.8723 63 196 93 303
bottle 0.8455 214 294 242 368
bottle 0.5957 393 81 423 151
bottle 0.4812 231 132 253 187
bottle 0.3178 152 39 177 79
bottle 0.1342 395 108 418 143
bottle 0.1188 392 76 411 140
bottle 0.1024 20 191 93 352
bottle 0.0503 145 77 350 368
bottle 0.0395 17 272 71 346
bottle 0.0360 218 136 267 289
bottle 0.0264 195 116 287 314
bottle 0.0262 396 110 432 155
bottle 0.0207 394 81 408 108
bottle 0.0166 18 301 53 347
bottle 0.0125 245 146 312 324
bottle 0.0125 191 66 279 198
bottle 0.0117 173 112 341 286
bottle 0.0107 -1 86 144 367
bottle 0.0099 217 292 235 322
bottle 0.0084 225 130 261 219
bottle 0.0083 249 165 258 181
bottle 0.0076 209 149 270 361
bottle 0.0075 3 240 59 348
bottle 0.0073 245 69 337 291
bottle 0.0066 53 261 91 314
bottle 0.0064 264 199 318 283
bottle 0.0064 246 233 302 359
bottle 0.0060 198 141 324 367
bottle 0.0059 36 241 90 346
bottle 0.0047 0 217 22 367
bottle 0.0041 59 276 87 300
bottle 0.0041 357 74 436 161
bottle 0.0039 232 132 243 158
bottle 0.0038 221 111 295 247
bottle 0.0038 151 41 166 53
bottle 0.0034 4 130 359 379
bottle 0.0033 0 126 53 381
bottle 0.0031 281 241 301 279
bottle 0.0031 260 150 327 279
bottle 0.0028 270 224 296 277
bottle 0.0025 0 154 9 229
bottle 0.0023 244 159 261 187
bottle 0.0021 215 319 250 373
bottle 0.0020 216 293 238 341
bottle 0.0020 150 38 169 58
bottle 0.0019 219 163 296 303
bottle 0.0019 234 149 273 272
bottle 0.0019 251 285 294 373
bottle 0.0019 233 74 404 352
bottle 0.0019 54 235 66 265
bottle 0.0018 220 291 233 309
bottle 0.0018 47 188 111 353
bottle 0.0017 51 212 73 287
bottle 0.0016 271 279 295 295
bottle 0.0016 268 249 297 287
bottle 0.0015 0 299 25 370
bottle 0.0015 0 167 30 217
bottle 0.0015 385 90 441 181
bottle 0.0014 0 317 7 355
bottle 0.0013 127 147 284 371
bottle 0.0013 255 162 294 242
bottle 0.0013 172 111 306 205
bottle 0.0013 410 107 424 125
bottle 0.0012 384 61 442 151
bottle 0.0012 140 222 256 373
bottle 0.0012 256 201 293 261
bottle 0.0011 217 288 267 363
bottle 0.0011 403 113 428 138
bottle 0.0011 154 64 177 83
bottle 0.0011 0 276 25 341
bottle 0.0011 143 61 176 88
bottle 0.0010 0 320 10 373
bottle 0.0010 0 103 26 400
bottle 0.0010 0 179 6 225
bottle 0.0010 263 235 287 281
bottle 0.0010 228 156 247 189
