person 0.9929 263 11 434 220
person 0.9538 149 60 280 221
person 0.0190 475 83 500 229
person 0.0150 1 11 55 224
person 0.0082 0 0 106 220
person 0.0070 102 60 392 225
person 0.0047 0 10 23 226
person 0.0047 477 66 500 167
person 0.0042 85 46 258 179
person 0.0039 0 125 17 226
person 0.0035 493 93 500 134
person 0.0027 19 30 42 122
person 0.0024 107 123 293 226
person 0.0018 96 153 158 210
person 0.0017 493 103 500 161
person 0.0017 78 68 193 206
person 0.0016 0 121 10 202
person 0.0016 0 157 12 223
person 0.0014 484 141 500 186
person 0.0014 482 148 501 216
person 0.0014 -1 130 66 226
person 0.0013 488 106 500 198
person 0.0012 454 97 499 220
person 0.0011 1 175 60 220
person 0.0010 67 116 93 190
bicycle 0.0024 10 179 76 221
car 0.0016 257 8 428 204
boat 0.0020 251 28 433 238
bottle 0.0193 493 93 500 134
bottle 0.0108 68 116 93 189
bottle 0.0083 19 30 42 122
bottle 0.0077 494 113 499 151
bottle 0.0034 88 193 126 249
bottle 0.0017 88 153 95 168
bottle 0.0015 105 146 132 161
bottle 0.0015 67 54 82 101
bottle 0.0014 475 82 489 126
bottle 0.0012 474 72 496 136
bottle 0.0011 495 78 500 116
bottle 0.0010 25 29 37 61
bottle 0.0010 9 0 46 125
chair 0.1138 475 150 500 231
chair 0.0355 249 172 297 217
chair 0.0157 112 74 293 228
chair 0.0154 483 149 500 192
chair 0.0121 484 190 500 225
chair 0.0117 126 137 290 217
chair 0.0115 405 140 467 200
chair 0.0103 246 145 287 216
chair 0.0083 99 171 158 210
chair 0.0082 255 127 273 155
chair 0.0066 253 18 433 247
chair 0.0063 472 84 500 229
chair 0.0056 456 134 499 224
chair 0.0043 422 169 467 197
chair 0.0041 250 129 274 179
chair 0.0038 248 148 259 173
chair 0.0037 200 146 472 218
chair 0.0028 0 181 11 220
chair 0.0023 10 179 76 221
chair 0.0022 116 115 165 167
chair 0.0021 443 158 465 188
chair 0.0021 -1 140 95 221
chair 0.0020 460 147 472 194
chair 0.0020 493 102 500 143
chair 0.0017 0 158 17 228
chair 0.0016 240 156 272 206
chair 0.0013 245 146 266 197
chair 0.0012 469 79 487 132
chair 0.0012 246 137 260 169
chair 0.0011 477 66 500 167
chair 0.0011 50 150 150 221
chair 0.0010 473 218 500 254
chair 0.0010 222 164 287 218
chair 0.0010 476 160 499 202
sofa 0.1509 475 150 500 231
sofa 0.0313 112 74 293 228
sofa 0.0166 58 143 459 225
sofa 0.0101 97 168 157 212
sofa 0.0099 126 137 290 217
sofa 0.0079 472 84 500 229
sofa 0.0057 456 134 499 224
sofa 0.0045 483 180 500 221
sofa 0.0037 41 82 478 291
sofa 0.0033 254 33 429 234
sofa 0.0030 118 108 168 169
sofa 0.0027 470 122 500 302
sofa 0.0025 483 149 500 192
sofa 0.0018 244 146 477 222
sofa 0.0017 98 127 157 194
sofa 0.0015 68 138 197 218
sofa 0.0015 96 87 189 189
sofa 0.0011 75 104 258 212
sofa 0.0010 473 218 500 254
sofa 0.0010 248 141 297 216
pottedplant 0.4086 79 41 192 163
pottedplant 0.1127 139 45 193 81
pottedplant 0.0355 24 19 180 185
pottedplant 0.0212 0 0 106 220
pottedplant 0.0119 131 46 194 113
pottedplant 0.0048 118 108 168 169
pottedplant 0.0048 113 37 210 127
pottedplant 0.0041 87 53 169 217
pottedplant 0.0039 94 48 167 142
pottedplant 0.0038 163 47 193 80
pottedplant 0.0036 0 56 22 220
pottedplant 0.0031 48 0 98 48
pottedplant 0.0029 140 58 176 89
pottedplant 0.0027 0 69 62 227
pottedplant 0.0026 40 16 126 217
pottedplant 0.0025 0 125 17 226
pottedplant 0.0023 46 0 123 128
pottedplant 0.0022 96 87 189 189
pottedplant 0.0020 3 6 106 70
pottedplant 0.0019 93 38 195 92
pottedplant 0.0017 144 66 170 82
pottedplant 0.0017 61 33 86 124
pottedplant 0.0014 0 121 10 202
pottedplant 0.0014 49 29 96 129
pottedplant 0.0014 93 60 277 218
pottedplant 0.0012 62 48 99 192
pottedplant 0.0011 -1 140 95 221
pottedplant 0.0011 130 48 172 83
pottedplant 0.0011 469 79 487 132
pottedplant 0.0010 61 15 190 113
diningtable 0.1026 4 218 492 367
diningtable 0.0045 2 214 88 315
diningtable 0.0040 260 36 440 233
diningtable 0.0029 404 125 491 193
diningtable 0.0029 427 250 501 351
diningtable 0.0028 1 251 278 356
diningtable 0.0022 474 140 500 221
diningtable 0.0022 255 204 491 385
diningtable 0.0016 88 155 135 171
diningtable 0.0016 475 161 500 262
diningtable 0.0016 87 197 124 253
diningtable 0.0016 11 118 495 340
diningtable 0.0014 470 126 500 158
diningtable 0.0014 471 126 497 142
diningtable 0.0013 448 128 501 140
diningtable 0.0013 472 131 495 139
diningtable 0.0012 484 190 500 225
diningtable 0.0012 473 218 500 254
diningtable 0.0011 471 121 500 185
diningtable 0.0010 395 174 499 354
tvmonitor 0.8713 404 82 470 129
tvmonitor 0.0103 384 34 414 87
tvmonitor 0.0043 493 93 500 134
tvmonitor 0.0023 254 9 427 150
tvmonitor 0.0020 314 9 408 132
tvmonitor 0.0016 469 79 487 132
tvmonitor 0.0013 474 72 496 136
tvmonitor 0.0010 429 87 463 121
