person 0.9380 63 7 454 335
person 0.7022 0 150 107 335
person 0.2881 191 125 280 218
person 0.2275 0 130 15 333
person 0.1747 0 132 13 223
person 0.0744 0 125 82 274
person 0.0162 14 186 113 284
person 0.0143 102 86 332 246
person 0.0105 0 105 10 203
person 0.0088 185 106 262 180
person 0.0075 209 107 263 162
person 0.0074 0 131 25 253
person 0.0046 0 54 14 226
person 0.0032 0 174 11 245
person 0.0020 0 126 23 199
person 0.0020 0 184 10 330
person 0.0020 180 110 232 208
person 0.0019 -1 209 66 345
person 0.0017 0 49 100 299
person 0.0014 0 172 24 368
bird 0.8753 183 114 268 219
bird 0.8337 273 217 402 319
bird 0.7803 1 165 107 331
bird 0.4492 351 210 403 287
bird 0.2021 15 187 111 282
bird 0.1335 389 1 464 30
bird 0.1215 210 107 262 162
bird 0.1128 60 35 454 310
bird 0.0926 182 120 228 207
bird 0.0578 247 133 282 177
bird 0.0575 58 278 112 334
bird 0.0574 272 251 389 305
bird 0.0507 205 126 281 201
bird 0.0410 411 164 473 265
bird 0.0369 44 240 125 336
bird 0.0367 411 174 466 220
bird 0.0307 102 86 332 246
bird 0.0197 434 233 468 274
bird 0.0149 442 323 472 334
bird 0.0124 411 140 462 211
bird 0.0122 41 249 233 334
bird 0.0117 272 163 293 184
bird 0.0101 255 129 276 157
bird 0.0093 63 261 137 330
bird 0.0092 416 126 454 189
bird 0.0089 489 298 501 334
bird 0.0087 30 195 134 316
bird 0.0085 199 102 270 184
bird 0.0083 398 75 481 264
bird 0.0077 418 167 456 199
bird 0.0072 407 110 466 244
bird 0.0069 0 153 24 325
bird 0.0061 445 320 485 334
bird 0.0059 109 171 130 217
bird 0.0050 259 134 286 170
bird 0.0050 -19 214 188 337
bird 0.0050 0 167 10 331
bird 0.0048 83 241 125 308
bird 0.0042 228 289 239 308
bird 0.0041 226 112 287 170
bird 0.0038 75 194 108 234
bird 0.0037 424 104 437 125
bird 0.0037 335 272 381 311
bird 0.0035 184 81 300 201
bird 0.0032 255 137 292 184
bird 0.0032 423 140 449 184
bird 0.0032 261 131 282 158
bird 0.0032 -11 156 271 336
bird 0.0031 -1 151 62 349
bird 0.0030 440 256 468 276
bird 0.0030 481 252 500 334
bird 0.0029 381 27 499 308
bird 0.0029 381 133 394 154
bird 0.0028 406 91 463 191
bird 0.0028 347 207 441 297
bird 0.0027 371 54 458 203
bird 0.0026 107 209 143 257
bird 0.0026 210 288 241 333
bird 0.0026 72 164 86 175
bird 0.0024 407 243 493 330
bird 0.0024 372 137 391 166
bird 0.0022 427 233 476 316
bird 0.0022 270 146 294 179
bird 0.0021 338 276 363 294
bird 0.0021 165 136 283 243
bird 0.0020 107 177 140 247
bird 0.0020 54 170 445 322
bird 0.0019 260 164 287 184
bird 0.0019 179 148 218 212
bird 0.0019 -8 239 442 331
bird 0.0019 412 94 450 150
bird 0.0018 250 158 276 185
bird 0.0017 3 146 163 289
bird 0.0017 380 95 448 182
bird 0.0017 439 200 500 269
bird 0.0016 447 329 484 334
bird 0.0016 425 194 469 262
bird 0.0015 271 141 291 166
bird 0.0015 362 109 392 165
bird 0.0015 299 269 381 304
bird 0.0014 490 258 500 335
bird 0.0014 461 322 489 334
bird 0.0014 472 316 500 334
bird 0.0013 470 299 500 334
bird 0.0013 100 208 143 297
bird 0.0013 445 295 498 333
bird 0.0013 465 329 485 334
bird 0.0012 246 144 267 180
bird 0.0012 379 136 395 167
bird 0.0011 100 241 120 273
bird 0.0011 415 106 439 141
bird 0.0011 429 253 467 280
bird 0.0011 414 206 487 299
bird 0.0011 450 251 497 334
bird 0.0011 480 192 500 319
bird 0.0011 83 196 126 270
bird 0.0010 306 197 408 283
bird 0.0010 -3 35 267 298
bird 0.0010 421 291 483 333
bird 0.0010 68 315 98 334
bottle 0.0198 111 170 128 216
