person 0.0063 474 301 496 335
person 0.0034 489 300 500 336
person 0.0028 273 57 321 107
person 0.0027 479 300 493 318
person 0.0024 274 83 292 106
person 0.0021 467 316 485 335
person 0.0019 42 285 48 290
person 0.0018 27 284 33 290
person 0.0016 263 60 301 109
person 0.0015 21 34 494 391
person 0.0011 276 56 355 112
person 0.0010 239 60 280 109
car 0.0094 490 315 500 338
car 0.0049 451 297 500 376
car 0.0025 -2 286 99 363
car 0.0022 454 297 500 337
car 0.0017 486 198 500 225
car 0.0010 490 311 500 360
aeroplane 0.9827 20 4 494 374
aeroplane 0.5274 -2 286 99 363
aeroplane 0.0231 -2 325 97 362
aeroplane 0.0131 0 166 96 364
aeroplane 0.0107 486 197 500 226
aeroplane 0.0083 475 193 500 315
aeroplane 0.0076 487 192 500 214
aeroplane 0.0052 483 161 500 272
aeroplane 0.0037 448 206 499 374
aeroplane 0.0027 469 232 500 352
aeroplane 0.0025 -4 267 189 364
aeroplane 0.0023 485 126 500 231
aeroplane 0.0018 467 300 499 336
aeroplane 0.0017 0 284 84 330
aeroplane 0.0015 485 198 501 260
aeroplane 0.0014 489 299 500 337
aeroplane 0.0014 471 123 500 352
aeroplane 0.0013 487 166 500 219
aeroplane 0.0012 452 282 499 350
bus 0.0014 451 297 500 376
train 0.0016 1 287 86 365
boat 0.0015 1 287 86 365
