person 0.9607 290 99 499 332
person 0.0022 82 75 499 341
person 0.0021 479 25 500 361
person 0.0018 318 234 493 328
person 0.0016 447 25 500 359
person 0.0014 140 184 284 322
person 0.0013 392 4 499 329
person 0.0011 380 156 498 334
person 0.0010 101 114 142 243
aeroplane 0.0022 280 80 503 321
bus 0.0052 85 -7 481 334
bottle 0.0016 350 294 407 332
bottle 0.0011 367 258 431 331
chair 0.0197 56 244 154 331
chair 0.0107 287 116 502 336
chair 0.0056 362 233 498 328
sofa 0.0018 287 116 502 336
tvmonitor 0.1080 56 244 154 331
tvmonitor 0.0651 85 -7 481 334
tvmonitor 0.0015 280 80 503 321
