person 0.9578 0 -2 133 331
person 0.8003 359 0 426 72
person 0.7949 312 0 360 52
person 0.7661 429 0 478 50
person 0.6650 114 0 231 70
person 0.1261 84 9 251 262
person 0.1183 447 0 498 48
person 0.0610 425 0 454 46
person 0.0330 86 -2 245 115
person 0.0290 470 0 500 46
person 0.0143 488 1 500 46
person 0.0133 1 0 123 117
person 0.0129 171 2 227 65
person 0.0119 56 14 215 150
person 0.0104 51 0 123 42
person 0.0104 306 0 409 69
person 0.0093 411 0 461 69
person 0.0092 407 -7 497 58
person 0.0080 452 0 480 34
person 0.0062 126 1 167 72
person 0.0056 320 0 379 29
person 0.0047 54 64 149 166
person 0.0047 453 -1 479 19
person 0.0045 478 0 500 77
person 0.0038 66 21 119 142
person 0.0037 432 -3 480 23
person 0.0034 321 20 357 51
person 0.0033 0 9 58 336
person 0.0030 104 0 153 74
person 0.0030 117 0 128 20
person 0.0030 77 5 135 123
person 0.0029 432 -1 457 18
person 0.0029 25 31 162 230
person 0.0028 58 11 117 66
person 0.0028 385 0 429 50
person 0.0026 491 -6 500 24
person 0.0024 453 -5 499 25
person 0.0022 39 -3 129 84
person 0.0021 320 14 379 56
person 0.0021 489 -1 500 92
person 0.0020 126 4 273 165
person 0.0018 155 35 246 164
person 0.0018 87 -3 198 61
person 0.0015 110 0 132 28
person 0.0014 363 0 397 35
person 0.0014 0 15 21 332
person 0.0014 98 29 141 95
person 0.0014 484 19 500 139
person 0.0013 422 7 489 78
person 0.0013 139 5 161 63
person 0.0013 476 -31 500 44
person 0.0012 220 5 445 75
person 0.0011 331 0 409 34
person 0.0010 346 1 372 27
person 0.0010 265 -2 398 53
bicycle 0.0047 74 25 110 62
bicycle 0.0018 69 22 96 52
bicycle 0.0015 58 11 117 66
motorbike 0.0016 74 26 109 62
horse 0.0010 454 1 499 48
sheep 0.9728 217 53 500 331
sheep 0.9360 85 52 250 259
sheep 0.0216 170 68 255 176
sheep 0.0113 191 107 242 171
sheep 0.0112 172 95 253 232
sheep 0.0095 410 49 500 303
sheep 0.0041 482 43 500 307
sheep 0.0034 484 19 500 177
sheep 0.0021 489 18 500 112
sheep 0.0019 131 43 236 190
sheep 0.0017 155 52 334 190
sheep 0.0016 -10 34 218 309
sheep 0.0016 76 34 433 292
sheep 0.0015 491 37 500 149
sheep 0.0011 454 1 499 48
cow 0.0036 221 61 500 301
cow 0.0010 454 1 499 48
bottle 0.4389 70 39 130 148
bottle 0.0553 105 41 131 75
bottle 0.0197 57 27 194 147
bottle 0.0160 76 78 122 144
bottle 0.0121 54 64 149 166
bottle 0.0094 98 29 141 95
bottle 0.0062 105 1 151 74
bottle 0.0047 78 6 134 121
bottle 0.0017 85 34 151 136
bottle 0.0013 115 45 142 68
bottle 0.0011 391 37 405 52
chair 0.0274 468 1 500 47
chair 0.0096 488 1 500 46
chair 0.0070 429 0 478 50
chair 0.0020 425 0 454 46
chair 0.0013 440 1 498 68
diningtable 0.0020 468 1 500 47
