person 0.0502 483 132 500 157
person 0.0159 479 124 500 190
person 0.0149 34 242 47 262
person 0.0047 483 117 499 274
person 0.0031 9 126 25 145
person 0.0030 478 111 499 160
person 0.0012 490 100 500 151
person 0.0011 0 105 7 145
bicycle 0.0016 391 118 439 149
car 0.6409 4 44 498 385
car 0.5101 0 76 97 302
car 0.0705 394 88 499 285
car 0.0180 483 117 499 274
car 0.0122 479 124 500 190
car 0.0086 432 87 501 364
car 0.0077 2 69 174 358
car 0.0067 483 136 500 173
car 0.0053 436 91 500 225
car 0.0034 0 74 99 171
car 0.0032 322 66 499 304
car 0.0018 392 101 500 178
car 0.0017 391 118 439 149
car 0.0013 0 75 21 321
car 0.0013 79 50 420 171
car 0.0012 6 57 332 242
car 0.0010 485 144 501 199
motorbike 0.0021 -22 48 467 383
motorbike 0.0011 0 72 98 367
aeroplane 0.0286 5 31 496 372
bus 0.1052 0 79 100 344
bus 0.0030 0 68 98 210
bus 0.0027 5 29 496 375
bus 0.0010 0 75 21 321
train 0.0095 0 79 100 344
boat 0.0052 5 31 496 372
boat 0.0010 0 79 100 344
horse 0.0011 389 118 431 148
