person 0.0555 50 67 351 257
person 0.0266 40 128 207 233
person 0.0096 313 -2 500 371
person 0.0052 64 49 490 328
person 0.0024 1 -10 240 238
person 0.0023 7 81 208 286
person 0.0017 -2 0 238 120
person 0.0014 275 7 330 47
cat 0.0422 42 76 382 246
dog 0.6841 42 76 382 246
dog 0.0105 51 45 500 316
dog 0.0073 264 152 305 206
dog 0.0024 210 129 350 223
sheep 0.0013 156 67 392 253
bottle 0.0750 37 131 212 241
bottle 0.0243 276 8 328 46
bottle 0.0182 48 79 327 243
bottle 0.0110 59 119 188 207
bottle 0.0015 264 151 306 199
bottle 0.0013 281 14 344 61
chair 0.0191 313 -2 500 371
chair 0.0089 -2 1 220 97
chair 0.0015 14 70 477 300
chair 0.0011 156 67 392 253
sofa 0.7415 313 -2 500 371
sofa 0.0429 -2 1 220 97
sofa 0.0376 25 71 467 291
sofa 0.0050 0 -4 222 228
sofa 0.0029 7 81 208 286
sofa 0.0015 -6 -29 497 184
sofa 0.0010 164 66 384 253
diningtable 0.0020 2 0 235 99
