person 0.0367 443 75 453 93
person 0.0221 485 88 500 136
person 0.0067 442 75 455 113
person 0.0036 484 29 500 140
person 0.0034 488 80 500 112
person 0.0029 485 64 499 217
person 0.0016 491 80 500 188
person 0.0015 439 76 457 133
person 0.0012 490 72 500 103
bicycle 0.9127 48 10 378 370
bicycle 0.0033 286 58 384 235
bicycle 0.0016 18 39 238 336
bicycle 0.0013 302 77 374 196
bicycle 0.0012 333 100 376 174
pottedplant 0.8507 -1 74 104 291
pottedplant 0.0080 0 73 64 220
pottedplant 0.0028 -2 64 106 181
pottedplant 0.0027 0 144 67 303
pottedplant 0.0023 20 126 160 309
pottedplant 0.0019 18 42 155 264
pottedplant 0.0019 0 75 20 284
pottedplant 0.0017 0 81 10 225
pottedplant 0.0015 19 65 237 316
pottedplant 0.0011 40 63 128 211
pottedplant 0.0010 53 92 119 179
tvmonitor 0.0096 292 6 390 86
