person 0.9916 149 208 258 367
person 0.0023 216 277 375 501
person 0.0022 184 147 198 188
person 0.0010 178 160 187 190
bicycle 0.0690 216 277 375 501
bicycle 0.0011 213 246 290 323
car 0.0026 147 0 216 49
car 0.0017 170 0 217 30
bird 0.5588 92 286 120 346
bird 0.0050 216 277 375 501
bird 0.0032 106 288 119 299
bird 0.0029 282 370 315 391
bird 0.0018 250 344 341 439
bird 0.0016 270 359 328 418
cat 0.0039 216 277 375 501
cat 0.0022 272 352 343 426
cat 0.0021 253 329 363 452
cat 0.0018 282 370 315 391
cat 0.0013 93 287 120 342
dog 0.0094 216 277 375 501
dog 0.0026 270 359 328 418
dog 0.0026 250 344 341 439
dog 0.0013 93 287 120 342
dog 0.0012 280 368 317 393
bottle 0.0017 93 287 120 342
chair 0.0975 212 248 378 496
chair 0.0179 218 248 297 341
chair 0.0027 154 209 262 369
chair 0.0017 215 239 374 366
chair 0.0014 227 319 366 462
pottedplant 0.0101 0 2 172 279
pottedplant 0.0096 221 3 373 262
pottedplant 0.0043 225 119 255 173
pottedplant 0.0042 284 180 375 303
pottedplant 0.0037 0 121 66 284
pottedplant 0.0027 213 184 372 331
pottedplant 0.0027 219 301 378 499
pottedplant 0.0020 218 115 257 212
pottedplant 0.0017 0 0 169 135
pottedplant 0.0012 6 196 72 280
pottedplant 0.0012 -5 0 217 476
diningtable 0.0036 151 173 177 186
