person 0.9569 -1 5 129 369
person 0.1040 10 4 47 46
person 0.0789 141 42 173 68
person 0.0506 -1 3 60 369
person 0.0190 41 223 91 368
person 0.0074 175 29 184 46
person 0.0073 0 20 16 374
person 0.0066 2 2 104 144
person 0.0034 -2 34 498 390
person 0.0034 104 30 147 64
person 0.0033 5 6 25 31
person 0.0032 240 52 247 61
person 0.0031 1 2 50 82
person 0.0030 134 39 166 60
person 0.0028 30 13 50 45
person 0.0026 143 41 160 56
person 0.0026 0 231 52 365
person 0.0026 204 39 229 54
person 0.0022 153 27 183 45
person 0.0020 114 32 174 65
person 0.0019 9 107 123 280
person 0.0019 177 34 195 45
person 0.0016 0 183 112 361
person 0.0015 168 28 189 48
person 0.0013 38 29 48 44
person 0.0012 5 16 22 35
person 0.0012 45 34 60 45
person 0.0012 0 6 13 28
person 0.0010 2 8 94 76
person 0.0010 0 13 53 198
car 0.0731 172 38 244 71
car 0.0249 168 37 229 58
car 0.0030 140 28 234 65
car 0.0020 -1 16 133 225
car 0.0011 172 39 203 53
car 0.0010 109 32 148 65
aeroplane 0.9779 -5 -1 503 368
aeroplane 0.0043 -1 0 174 374
aeroplane 0.0035 -30 -10 302 314
aeroplane 0.0017 -4 2 432 211
aeroplane 0.0012 179 39 247 72
bus 0.0026 172 38 244 71
boat 0.0027 179 40 248 70
