person 0.8036 18 173 320 301
person 0.7560 243 23 403 333
person 0.6975 449 6 500 110
person 0.0652 5 132 417 327
person 0.0383 305 0 394 145
person 0.0083 12 230 486 374
person 0.0053 449 14 500 342
person 0.0028 282 155 424 352
person 0.0026 115 0 173 36
person 0.0023 155 173 498 358
person 0.0022 321 254 401 342
person 0.0019 469 29 500 124
person 0.0015 9 -9 474 324
person 0.0014 147 43 412 272
person 0.0013 397 4 498 125
person 0.0013 450 49 500 139
person 0.0012 187 -22 413 183
person 0.0010 298 2 498 139
person 0.0010 307 0 365 51
person 0.0010 477 29 500 328
car 0.0019 12 132 478 335
cat 0.7916 331 264 398 344
cat 0.1605 52 229 116 275
cat 0.0162 31 223 136 293
cat 0.0064 305 0 394 145
cat 0.0048 -3 192 121 280
cat 0.0047 325 266 468 353
dog 0.0803 334 268 401 344
dog 0.0720 52 229 116 275
dog 0.0357 306 3 393 148
dog 0.0101 21 223 119 284
dog 0.0043 3 188 126 287
dog 0.0013 47 230 129 302
bottle 0.1192 243 34 313 76
bottle 0.0051 243 32 286 67
bottle 0.0015 114 0 149 36
bottle 0.0010 271 37 316 85
chair 0.0076 -1 149 288 303
chair 0.0053 -1 5 49 131
chair 0.0044 12 132 478 335
chair 0.0026 264 171 481 376
chair 0.0020 0 0 97 124
sofa 0.8545 8 169 486 360
sofa 0.0278 32 25 450 346
sofa 0.0199 0 280 500 373
sofa 0.0148 1 150 285 302
sofa 0.0040 264 171 481 376
sofa 0.0027 75 4 409 138
sofa 0.0019 -1 5 49 131
sofa 0.0017 88 -3 312 96
sofa 0.0017 0 0 97 124
sofa 0.0014 -32 103 366 269
sofa 0.0014 62 83 363 214
sofa 0.0013 134 88 281 156
sofa 0.0012 -9 144 299 221
diningtable 0.0011 0 4 47 117
