person 0.0075 494 84 499 94
person 0.0042 239 125 278 149
person 0.0035 424 86 430 93
person 0.0018 460 85 466 93
person 0.0016 475 85 482 94
person 0.0015 424 88 429 96
person 0.0014 374 85 380 93
person 0.0010 476 88 481 96
car 0.6164 20 112 432 240
car 0.0216 402 85 414 93
car 0.0061 391 85 409 94
car 0.0038 315 91 323 97
car 0.0034 424 86 430 93
car 0.0033 424 88 429 96
car 0.0021 374 85 380 93
car 0.0020 494 88 499 97
car 0.0016 332 92 350 97
car 0.0011 387 85 397 94
car 0.0010 391 87 406 98
motorbike 0.0754 45 85 428 240
aeroplane 0.0304 45 85 428 240
bus 0.0156 26 114 441 238
boat 0.0100 26 113 440 239
bird 0.0033 494 88 499 97
sheep 0.0025 494 88 499 97
sheep 0.0024 457 88 462 96
sheep 0.0022 476 88 481 96
sheep 0.0018 460 88 465 96
sheep 0.0016 424 88 429 96
sheep 0.0010 460 85 466 93
cow 0.0014 494 88 499 97
