aeroplane 0.9962 27 45 93 109
aeroplane 0.9961 163 28 226 95
aeroplane 0.9949 396 15 460 79
aeroplane 0.9928 192 140 256 204
aeroplane 0.9922 47 150 111 207
aeroplane 0.9879 62 238 125 298
aeroplane 0.0075 409 32 447 62
aeroplane 0.0057 492 65 500 88
aeroplane 0.0054 206 156 243 189
aeroplane 0.0046 181 46 212 82
aeroplane 0.0044 63 163 98 198
aeroplane 0.0033 67 71 92 98
aeroplane 0.0028 463 60 485 75
aeroplane 0.0026 44 58 79 94
aeroplane 0.0026 82 250 117 285
aeroplane 0.0021 454 58 481 76
aeroplane 0.0013 169 49 182 63
aeroplane 0.0013 176 47 197 69
aeroplane 0.0010 426 42 467 69
