person 0.9764 322 104 430 375
person 0.0219 487 186 500 218
person 0.0107 156 166 180 180
person 0.0085 474 182 500 224
person 0.0030 101 177 153 212
person 0.0017 316 173 322 187
person 0.0014 0 209 6 230
person 0.0014 0 203 7 222
person 0.0013 287 158 432 313
person 0.0013 162 253 252 290
person 0.0012 0 183 9 259
person 0.0011 0 186 30 316
car 0.4797 10 68 306 374
car 0.4610 317 125 437 373
car 0.4376 0 183 29 330
car 0.2790 411 160 499 361
car 0.0954 35 124 246 330
car 0.0458 259 151 345 289
car 0.0222 259 152 346 196
car 0.0163 241 144 408 298
car 0.0104 232 131 502 378
car 0.0089 1 202 21 223
car 0.0064 414 183 436 218
car 0.0058 0 203 7 222
car 0.0053 -1 189 27 255
car 0.0052 155 165 181 181
car 0.0050 0 209 6 230
car 0.0047 269 176 282 192
car 0.0041 167 199 254 265
car 0.0040 195 175 459 331
car 0.0040 0 183 9 259
car 0.0037 0 144 47 333
car 0.0036 282 209 339 292
car 0.0031 0 193 10 231
car 0.0029 82 183 138 218
car 0.0028 199 78 230 95
car 0.0024 183 176 234 215
car 0.0023 0 59 23 301
car 0.0021 31 169 64 230
car 0.0019 289 177 429 321
car 0.0018 94 177 149 210
car 0.0013 265 166 323 197
car 0.0013 23 128 465 325
car 0.0013 273 86 462 303
car 0.0012 -1 197 16 321
car 0.0011 73 131 297 264
car 0.0011 155 197 185 219
car 0.0011 316 173 322 187
car 0.0011 341 148 357 156
car 0.0010 442 96 501 137
car 0.0010 315 196 326 206
motorbike 0.0053 0 181 29 332
motorbike 0.0012 3 68 298 377
bus 0.0024 321 113 431 382
bus 0.0018 0 183 29 330
dog 0.0167 162 257 249 293
dog 0.0040 128 257 183 288
dog 0.0010 92 231 273 319
dog 0.0010 90 178 154 217
bottle 0.0052 351 170 365 182
chair 0.0011 3 68 298 377
chair 0.0011 35 124 246 330
sofa 0.0014 411 161 499 375
sofa 0.0012 294 125 486 377
sofa 0.0011 3 84 299 366
tvmonitor 0.0020 62 187 158 274
