person 0.0181 13 164 33 183
person 0.0135 415 131 427 155
person 0.0128 494 123 500 141
person 0.0073 0 160 25 183
person 0.0056 493 115 500 139
person 0.0055 0 189 6 211
person 0.0048 266 118 296 191
person 0.0048 0 220 5 375
person 0.0046 16 164 47 181
person 0.0037 483 123 490 141
person 0.0033 276 119 288 146
person 0.0033 34 163 57 182
person 0.0032 277 115 308 193
person 0.0029 4 172 21 187
person 0.0027 431 131 443 152
person 0.0027 0 213 13 370
person 0.0026 283 108 298 142
person 0.0025 43 -15 507 337
person 0.0024 273 116 293 172
person 0.0022 282 109 302 159
person 0.0021 284 109 296 124
person 0.0019 0 284 6 385
person 0.0019 492 176 500 246
person 0.0018 1 152 64 196
person 0.0018 0 176 7 209
person 0.0017 -1 159 54 223
person 0.0015 0 169 28 292
person 0.0014 5 160 42 185
person 0.0013 417 121 431 151
person 0.0013 275 108 291 143
person 0.0013 244 125 263 162
person 0.0012 -1 134 18 175
person 0.0012 11 170 38 191
person 0.0012 435 94 444 116
person 0.0011 383 111 411 163
person 0.0011 0 177 46 265
person 0.0010 240 107 278 169
person 0.0010 492 173 500 308
person 0.0010 274 140 294 190
bicycle 0.0012 0 271 5 382
car 0.9313 0 178 46 265
car 0.8301 0 158 63 226
car 0.2118 0 134 22 175
car 0.0664 79 153 137 191
car 0.0546 102 156 138 187
car 0.0503 23 162 81 203
car 0.0476 0 220 5 375
car 0.0444 0 155 10 188
car 0.0367 -1 142 22 199
car 0.0236 25 155 108 194
car 0.0232 1 151 94 210
car 0.0225 0 166 47 366
car 0.0219 79 153 108 190
car 0.0191 0 160 25 183
car 0.0185 0 182 14 367
car 0.0173 38 169 64 196
car 0.0168 0 169 28 292
car 0.0160 0 251 12 373
car 0.0134 104 152 180 189
car 0.0127 0 160 8 203
car 0.0109 27 143 63 178
car 0.0098 38 163 62 184
car 0.0097 16 165 109 225
car 0.0093 -1 174 32 222
car 0.0083 20 152 65 194
car 0.0081 45 169 100 195
car 0.0077 0 284 6 385
car 0.0064 6 162 40 184
car 0.0061 34 154 65 175
car 0.0060 107 149 148 177
car 0.0058 107 171 135 189
car 0.0057 0 140 60 180
car 0.0055 -1 133 18 160
car 0.0048 0 271 3 342
car 0.0043 81 169 119 192
car 0.0035 0 189 6 211
car 0.0031 51 173 92 210
car 0.0029 0 131 102 317
car 0.0026 0 153 14 210
car 0.0026 35 149 139 229
car 0.0025 28 170 76 228
car 0.0023 0 177 11 224
car 0.0022 51 193 81 236
car 0.0022 81 150 105 159
car 0.0021 4 172 21 187
car 0.0020 0 173 7 346
car 0.0019 0 249 3 327
car 0.0018 493 195 500 242
car 0.0018 67 146 111 183
car 0.0016 150 144 186 179
car 0.0015 57 180 87 202
car 0.0015 15 172 50 211
car 0.0015 79 148 169 199
car 0.0013 3 186 43 217
car 0.0013 0 240 22 373
car 0.0013 116 173 140 188
car 0.0012 80 150 122 179
car 0.0012 118 149 177 177
car 0.0011 16 164 47 181
motorbike 0.0057 0 190 6 368
motorbike 0.0052 0 271 5 382
motorbike 0.0014 0 182 14 367
motorbike 0.0013 0 251 12 373
bus 0.9964 48 0 501 375
bus 0.1336 0 135 21 180
bus 0.0094 0 133 21 160
bus 0.0034 27 143 63 178
bus 0.0034 -1 140 25 202
bus 0.0033 0 140 60 180
bus 0.0022 0 157 58 230
bus 0.0017 487 90 500 265
bus 0.0014 493 99 500 248
bus 0.0014 0 148 14 194
bus 0.0010 0 220 5 375
chair 0.0163 152 152 184 176
chair 0.0063 167 158 183 173
chair 0.0050 146 151 170 176
chair 0.0037 163 155 188 175
chair 0.0034 185 153 211 174
chair 0.0029 197 152 215 176
chair 0.0025 117 149 177 177
chair 0.0025 145 143 187 181
chair 0.0024 210 144 242 184
chair 0.0018 164 159 186 184
chair 0.0015 156 151 210 191
chair 0.0013 182 153 218 187
chair 0.0011 132 151 192 191
chair 0.0010 142 153 174 188
