person 0.0852 294 181 307 194
person 0.0047 317 148 326 156
person 0.0045 290 177 313 198
person 0.0043 107 165 112 172
person 0.0031 30 119 35 129
person 0.0026 39 167 44 174
person 0.0022 77 165 82 172
person 0.0021 303 180 320 194
person 0.0017 214 137 218 147
person 0.0016 249 163 259 172
person 0.0015 130 165 135 172
person 0.0014 176 158 181 167
person 0.0011 294 175 308 190
person 0.0011 59 166 64 173
person 0.0011 8 118 16 128
person 0.0010 0 114 6 127
person 0.0010 245 163 250 173
car 0.9968 269 171 354 248
car 0.0556 317 148 326 156
car 0.0360 325 145 339 155
car 0.0278 305 146 318 154
car 0.0173 306 137 319 145
car 0.0133 297 148 309 154
car 0.0120 336 149 344 156
car 0.0065 267 149 276 156
car 0.0063 327 138 338 145
car 0.0057 186 168 212 184
car 0.0055 308 137 335 146
car 0.0038 288 149 300 155
car 0.0037 345 149 353 157
car 0.0037 0 158 497 305
car 0.0034 -5 38 504 281
car 0.0032 320 142 342 156
car 0.0026 344 155 352 160
car 0.0024 249 163 259 172
car 0.0015 196 162 405 280
car 0.0014 263 149 270 156
car 0.0010 269 156 278 163
car 0.0010 316 153 325 160
bus 0.0048 0 49 257 264
bus 0.0038 308 137 335 146
bus 0.0030 317 148 326 156
bus 0.0022 306 137 319 145
bus 0.0014 325 145 339 155
bus 0.0014 305 146 318 154
bus 0.0011 5 144 204 253
train 0.0243 0 49 257 264
train 0.0055 -5 56 249 166
train 0.0020 5 144 204 253
train 0.0013 13 92 232 196
bird 0.0022 158 112 164 116
