person 0.9747 21 24 43 90
person 0.3352 338 74 406 211
person 0.2007 224 73 409 225
person 0.0953 222 91 284 203
person 0.0872 100 83 222 200
person 0.0162 46 54 450 246
person 0.0152 359 46 421 198
person 0.0099 158 35 430 206
person 0.0096 24 23 41 56
person 0.0085 293 6 342 38
person 0.0078 442 6 453 15
person 0.0078 14 4 47 77
person 0.0078 238 6 251 30
person 0.0068 19 12 47 43
person 0.0052 242 6 267 29
person 0.0050 379 82 399 106
person 0.0048 20 60 29 91
person 0.0047 466 7 486 29
person 0.0045 230 7 244 29
person 0.0041 447 7 463 16
person 0.0040 196 7 240 26
person 0.0038 360 72 401 160
person 0.0033 160 82 211 108
person 0.0030 341 125 395 216
person 0.0030 251 6 294 29
person 0.0028 198 86 357 203
person 0.0027 429 6 446 16
person 0.0027 17 40 33 91
person 0.0027 12 47 22 66
person 0.0025 219 6 252 30
person 0.0023 298 37 417 211
person 0.0023 29 28 50 86
person 0.0021 155 83 284 226
person 0.0020 374 68 423 122
person 0.0019 104 67 324 171
person 0.0019 192 11 201 27
person 0.0019 33 10 49 42
person 0.0017 36 38 42 60
person 0.0016 229 101 323 212
person 0.0015 15 26 30 68
person 0.0015 247 5 344 40
person 0.0014 467 6 485 19
person 0.0014 417 6 439 14
person 0.0013 21 67 43 88
person 0.0012 454 6 477 17
person 0.0011 212 115 297 227
person 0.0011 36 44 43 68
person 0.0011 35 24 45 51
person 0.0010 215 133 275 211
person 0.0010 291 34 299 44
car 0.0040 194 7 242 27
car 0.0013 356 7 426 30
car 0.0013 356 6 441 18
car 0.0011 300 5 440 34
boat 0.1293 400 10 473 31
boat 0.0303 353 8 483 30
boat 0.0148 368 46 431 82
boat 0.0091 289 5 455 40
boat 0.0072 194 7 242 27
boat 0.0059 285 5 354 39
boat 0.0058 100 83 222 200
boat 0.0046 465 7 487 30
boat 0.0031 243 5 413 50
boat 0.0030 356 6 441 18
boat 0.0023 384 4 483 45
boat 0.0019 466 14 488 39
boat 0.0016 362 3 492 19
boat 0.0015 242 5 308 34
boat 0.0013 320 31 397 48
boat 0.0013 422 6 488 30
boat 0.0013 359 7 423 30
boat 0.0012 400 21 474 52
boat 0.0011 372 6 423 15
boat 0.0010 292 7 334 35
bird 0.0083 100 83 222 200
bird 0.0037 339 75 403 215
bird 0.0025 369 46 431 84
bird 0.0012 222 91 284 203
dog 0.0028 100 83 222 200
dog 0.0014 338 73 406 212
dog 0.0012 157 82 211 111
horse 0.0018 100 83 222 200
chair 0.0101 293 6 342 38
chair 0.0018 260 5 416 43
chair 0.0013 368 46 431 83
chair 0.0010 245 5 302 34
