person 0.0113 0 94 103 228
person 0.0089 0 135 103 334
person 0.0065 8 96 346 364
person 0.0052 140 153 161 207
person 0.0017 143 140 387 319
person 0.0015 96 204 419 330
person 0.0013 -5 200 506 382
person 0.0012 0 56 61 381
person 0.0011 102 105 142 233
person 0.0011 0 88 18 350
person 0.0010 140 329 356 375
car 0.0072 433 252 484 271
bottle 0.9892 103 100 142 232
bottle 0.7719 168 175 187 245
bottle 0.0165 141 179 155 207
bottle 0.0083 140 153 160 207
bottle 0.0068 159 175 172 207
bottle 0.0031 142 212 171 265
bottle 0.0031 165 160 188 223
bottle 0.0020 169 208 187 249
bottle 0.0019 100 101 117 207
bottle 0.0019 150 177 169 207
bottle 0.0018 156 157 183 204
bottle 0.0017 102 105 115 164
bottle 0.0016 142 180 175 255
bottle 0.0013 152 163 177 226
bottle 0.0013 139 136 181 209
bottle 0.0011 405 182 451 208
bottle 0.0011 158 176 178 244
chair 0.0132 140 329 356 375
chair 0.0107 0 94 103 228
chair 0.0078 -1 211 171 374
chair 0.0056 1 89 111 369
chair 0.0032 150 318 494 371
chair 0.0010 4 302 165 368
chair 0.0010 491 249 499 385
sofa 0.0748 1 89 111 369
sofa 0.0269 0 96 104 227
sofa 0.0049 -2 85 278 372
sofa 0.0025 0 163 104 309
sofa 0.0022 0 210 170 373
sofa 0.0021 11 71 168 308
sofa 0.0010 -5 200 506 382
diningtable 0.0575 98 127 416 332
diningtable 0.0351 5 211 497 374
diningtable 0.0233 166 236 358 299
diningtable 0.0115 11 96 339 365
diningtable 0.0087 -1 175 178 298
diningtable 0.0041 0 210 170 373
diningtable 0.0036 27 218 147 291
diningtable 0.0032 45 248 123 268
diningtable 0.0031 28 241 173 275
diningtable 0.0013 -35 194 278 351
diningtable 0.0012 1 81 206 313
diningtable 0.0010 167 175 189 247
tvmonitor 0.0549 315 2 499 64
tvmonitor 0.0258 207 139 377 245
tvmonitor 0.0183 146 141 396 320
tvmonitor 0.0016 309 2 499 224
tvmonitor 0.0011 34 89 482 302
