person 0.1341 47 200 63 225
person 0.0045 46 198 61 208
person 0.0036 340 206 360 218
person 0.0032 350 206 371 217
person 0.0025 469 205 483 221
person 0.0025 362 207 376 215
person 0.0016 486 197 500 229
person 0.0015 327 206 386 237
person 0.0014 472 197 500 231
person 0.0013 54 198 64 209
person 0.0010 413 207 474 238
car 0.9931 322 207 384 236
car 0.9803 402 207 471 239
car 0.5979 466 197 500 236
car 0.0420 457 217 498 238
car 0.0203 460 209 493 234
car 0.0186 456 219 474 236
car 0.0079 414 210 460 233
car 0.0070 403 223 416 238
car 0.0065 46 198 61 208
car 0.0054 442 219 472 238
car 0.0052 457 206 498 251
car 0.0048 439 208 474 237
car 0.0037 486 200 500 236
car 0.0035 469 205 483 221
car 0.0029 491 219 500 240
car 0.0027 34 199 49 206
car 0.0018 407 204 467 224
car 0.0017 0 194 4 206
car 0.0016 460 209 472 219
car 0.0014 405 217 454 239
car 0.0014 30 198 41 206
car 0.0011 404 211 431 234
car 0.0010 362 207 376 215
bus 0.0135 470 196 500 232
bus 0.0010 403 207 471 239
