person 0.5164 451 314 500 375
person 0.1938 296 331 352 374
person 0.1114 173 233 181 240
person 0.0627 125 231 131 237
person 0.0549 221 224 233 238
person 0.0371 279 229 285 236
person 0.0205 225 232 231 241
person 0.0202 306 350 353 376
person 0.0182 77 227 86 236
person 0.0157 176 364 183 372
person 0.0135 394 215 401 224
person 0.0092 398 301 499 374
person 0.0090 143 234 149 240
person 0.0070 334 223 341 233
person 0.0069 173 231 181 237
person 0.0064 465 334 500 375
person 0.0062 464 200 470 208
person 0.0057 285 200 298 220
person 0.0045 132 155 145 167
person 0.0037 364 95 376 115
person 0.0034 493 354 500 375
person 0.0034 142 154 151 165
person 0.0032 224 221 244 239
person 0.0032 470 352 499 375
person 0.0029 174 148 187 178
person 0.0028 492 336 500 375
person 0.0024 303 342 344 371
person 0.0023 202 319 378 373
person 0.0023 143 151 152 162
person 0.0022 137 234 145 240
person 0.0021 386 362 411 373
person 0.0019 178 148 190 180
person 0.0019 282 197 301 226
person 0.0017 386 94 398 112
person 0.0017 390 97 399 110
person 0.0017 127 155 137 168
person 0.0016 278 203 293 222
person 0.0016 246 302 494 371
person 0.0014 154 235 162 240
person 0.0013 445 258 499 373
person 0.0012 341 92 364 116
person 0.0011 491 298 500 376
person 0.0011 134 231 145 237
person 0.0010 361 360 436 374
person 0.0010 446 309 499 424
person 0.0010 328 357 353 373
person 0.0010 489 349 500 377
person 0.0010 278 231 286 242
car 0.0015 77 227 86 236
aeroplane 0.9447 60 63 446 235
aeroplane 0.0834 0 1 244 367
aeroplane 0.0095 26 56 484 391
aeroplane 0.0086 221 224 233 238
aeroplane 0.0043 204 196 316 238
aeroplane 0.0037 77 227 86 236
aeroplane 0.0033 213 67 447 160
aeroplane 0.0028 289 75 442 146
aeroplane 0.0025 13 218 494 377
aeroplane 0.0017 219 219 253 239
aeroplane 0.0015 112 136 407 255
aeroplane 0.0015 447 300 500 375
aeroplane 0.0012 68 232 80 242
aeroplane 0.0011 227 195 300 228
bus 0.0010 449 301 499 375
boat 0.0035 26 56 484 391
boat 0.0020 60 63 446 235
tvmonitor 0.0042 448 301 500 375
