person 0.9808 260 99 499 374
person 0.8222 184 111 334 318
person 0.0155 248 99 384 272
person 0.0045 241 163 346 305
person 0.0042 158 109 425 347
person 0.0031 242 191 323 282
person 0.0013 313 107 501 257
bicycle 0.5580 100 234 331 375
bicycle 0.2319 212 260 499 368
bicycle 0.0669 181 284 407 372
bicycle 0.0482 310 304 499 369
bicycle 0.0358 172 244 382 348
bicycle 0.0262 448 322 500 375
bicycle 0.0249 255 118 499 380
bicycle 0.0191 237 287 269 339
bicycle 0.0153 146 234 254 309
bicycle 0.0153 378 250 499 371
bicycle 0.0132 186 331 410 375
bicycle 0.0122 215 280 296 344
bicycle 0.0118 240 266 312 322
bicycle 0.0101 453 265 500 370
bicycle 0.0072 246 224 318 281
bicycle 0.0072 299 331 452 374
bicycle 0.0067 227 263 330 369
bicycle 0.0056 129 224 308 327
bicycle 0.0052 97 293 243 370
bicycle 0.0049 229 195 332 311
bicycle 0.0048 238 241 317 305
bicycle 0.0041 356 337 395 374
bicycle 0.0041 256 266 377 369
bicycle 0.0037 101 241 192 368
bicycle 0.0027 377 319 499 374
bicycle 0.0025 474 288 500 374
bicycle 0.0024 162 242 280 352
bicycle 0.0023 137 183 356 348
bicycle 0.0021 293 352 419 374
bicycle 0.0020 192 185 441 363
bicycle 0.0020 217 351 331 374
bicycle 0.0020 491 260 500 375
bicycle 0.0018 279 271 350 321
bicycle 0.0017 148 239 214 299
bicycle 0.0016 212 318 494 376
bicycle 0.0015 305 220 519 370
bicycle 0.0015 230 262 261 296
bicycle 0.0012 479 217 500 371
bicycle 0.0012 229 266 278 331
bicycle 0.0011 179 338 310 374
bicycle 0.0010 266 242 318 277
car 0.0011 278 113 500 384
motorbike 0.0011 74 221 404 376
boat 0.0027 27 164 36 168
boat 0.0023 78 243 399 377
boat 0.0015 0 162 6 169
cat 0.0049 149 240 210 298
dog 0.2401 149 240 210 298
dog 0.0095 146 234 254 309
dog 0.0014 163 252 194 285
dog 0.0010 170 247 202 274
bottle 0.0351 358 350 398 375
bottle 0.0194 237 287 269 339
bottle 0.0179 396 356 421 375
bottle 0.0055 232 292 262 326
bottle 0.0023 299 331 452 374
bottle 0.0015 227 266 265 331
bottle 0.0013 215 280 296 344
bottle 0.0011 392 356 445 374
