person 0.9484 127 111 190 230
person 0.8725 394 77 443 172
person 0.5710 363 82 454 182
person 0.2182 73 122 201 232
person 0.0195 443 66 488 95
person 0.0154 108 44 113 52
person 0.0142 0 78 5 104
person 0.0101 13 44 495 119
person 0.0095 390 71 431 95
person 0.0053 176 69 215 101
person 0.0049 345 63 408 99
person 0.0046 303 63 344 88
person 0.0044 140 47 145 55
person 0.0042 152 68 167 81
person 0.0038 142 48 148 55
person 0.0038 404 68 430 84
person 0.0037 99 75 175 104
person 0.0036 8 80 58 103
person 0.0035 263 68 303 99
person 0.0034 214 70 264 101
person 0.0028 0 78 26 103
person 0.0028 346 63 374 84
person 0.0028 107 47 114 54
person 0.0027 128 105 168 137
person 0.0025 49 81 101 103
person 0.0025 440 69 452 96
person 0.0024 162 76 173 93
person 0.0024 395 81 422 99
person 0.0022 439 64 454 83
person 0.0022 91 71 106 81
person 0.0021 305 67 317 79
person 0.0018 102 74 138 95
person 0.0017 140 46 145 51
person 0.0017 435 68 443 80
person 0.0017 228 51 495 114
person 0.0017 144 73 173 99
person 0.0015 127 111 157 133
person 0.0014 0 86 4 115
person 0.0014 81 78 102 87
person 0.0013 103 72 120 81
person 0.0013 463 68 489 95
person 0.0013 317 52 321 58
person 0.0013 159 68 171 84
person 0.0012 224 69 247 83
person 0.0012 159 83 173 101
person 0.0012 264 68 285 82
person 0.0012 383 109 433 171
person 0.0011 212 74 220 95
person 0.0011 146 145 210 212
person 0.0011 88 72 99 81
person 0.0010 393 75 437 112
person 0.0010 390 66 407 83
person 0.0010 2 77 46 96
bicycle 0.0030 358 81 458 183
bicycle 0.0011 88 115 197 233
car 0.9626 219 70 266 100
car 0.9604 53 81 105 103
car 0.9206 440 63 490 95
car 0.9162 262 67 303 100
car 0.8747 301 65 347 99
car 0.8515 391 70 432 95
car 0.7129 175 69 217 101
car 0.6778 344 63 398 99
car 0.6747 99 72 174 101
car 0.5700 3 79 63 103
car 0.5316 0 78 26 103
car 0.1648 0 78 5 104
car 0.1080 13 44 495 119
car 0.0218 389 73 414 95
car 0.0144 98 84 120 101
car 0.0100 403 67 431 85
car 0.0084 159 83 173 101
car 0.0065 51 86 71 102
car 0.0063 248 66 339 102
car 0.0062 7 49 503 201
car 0.0057 147 84 172 101
car 0.0044 475 73 489 92
car 0.0044 0 86 4 115
car 0.0041 463 68 489 95
car 0.0040 310 60 409 101
car 0.0038 354 64 428 98
car 0.0037 202 67 315 101
car 0.0034 39 81 66 103
car 0.0034 -6 57 278 113
car 0.0026 74 81 128 104
car 0.0026 107 74 153 96
car 0.0026 228 51 495 114
car 0.0025 208 85 220 100
car 0.0019 468 50 480 56
car 0.0016 342 62 377 89
car 0.0016 94 72 131 98
car 0.0016 362 63 503 100
car 0.0015 88 83 115 103
car 0.0015 441 84 475 97
car 0.0015 0 73 8 100
car 0.0015 128 80 168 102
car 0.0013 494 71 500 95
car 0.0013 99 79 142 103
car 0.0012 191 84 220 101
car 0.0011 207 70 247 98
car 0.0011 395 81 422 99
car 0.0011 389 83 410 98
car 0.0011 219 80 255 101
car 0.0011 264 68 285 82
car 0.0011 445 62 486 72
car 0.0010 390 66 407 83
motorbike 0.9171 58 145 217 234
motorbike 0.9056 354 84 459 186
motorbike 0.0255 435 64 484 97
motorbike 0.0111 372 127 445 174
motorbike 0.0074 159 83 173 101
motorbike 0.0065 128 118 190 236
motorbike 0.0026 147 84 172 101
motorbike 0.0021 441 84 475 97
motorbike 0.0016 394 69 435 94
motorbike 0.0015 263 68 303 99
motorbike 0.0014 13 58 498 270
motorbike 0.0013 388 104 464 176
motorbike 0.0013 345 63 408 99
motorbike 0.0012 440 69 452 96
motorbike 0.0012 389 130 428 172
motorbike 0.0011 108 172 209 227
motorbike 0.0010 395 77 441 172
bus 0.0039 0 78 26 103
bus 0.0028 101 72 172 102
bus 0.0021 0 79 63 104
bus 0.0021 345 62 403 98
bus 0.0016 0 78 5 104
bus 0.0014 174 69 218 101
bus 0.0011 303 64 346 99
