person 0.9647 141 251 154 280
person 0.9000 96 248 106 270
person 0.8778 79 248 88 270
person 0.8093 90 249 97 270
person 0.3981 1 246 8 258
person 0.2782 13 248 20 258
person 0.2138 19 246 27 257
person 0.1424 30 254 34 267
person 0.0977 27 137 476 289
person 0.0798 72 254 77 264
person 0.0534 29 243 37 256
person 0.0426 90 247 109 271
person 0.0355 18 251 24 260
person 0.0311 59 255 67 262
person 0.0290 162 187 169 199
person 0.0230 50 254 58 261
person 0.0201 105 251 112 267
person 0.0187 98 246 105 258
person 0.0185 -2 236 103 274
person 0.0163 403 245 413 253
person 0.0121 85 246 101 271
person 0.0113 432 247 444 255
person 0.0108 36 244 50 256
person 0.0089 191 268 197 275
person 0.0075 0 231 184 282
person 0.0070 89 247 97 258
person 0.0069 14 212 479 300
person 0.0069 178 185 182 197
person 0.0069 117 196 122 206
person 0.0064 0 236 55 272
person 0.0056 39 253 48 260
person 0.0054 80 246 88 259
person 0.0053 43 245 60 257
person 0.0050 406 244 429 251
person 0.0040 55 243 67 257
person 0.0039 414 284 443 295
person 0.0039 89 261 96 271
person 0.0037 43 100 297 275
person 0.0037 142 170 150 181
person 0.0037 165 247 169 252
person 0.0036 0 240 12 262
person 0.0035 0 192 112 276
person 0.0034 98 261 105 271
person 0.0034 98 227 104 234
person 0.0033 30 260 35 270
person 0.0030 6 242 25 261
person 0.0029 114 254 123 267
person 0.0028 26 240 41 259
person 0.0028 192 184 197 193
person 0.0025 137 252 145 269
person 0.0023 432 253 441 257
person 0.0023 415 284 426 294
person 0.0022 13 242 32 260
person 0.0022 407 244 446 254
person 0.0022 141 175 150 184
person 0.0021 270 244 320 280
person 0.0021 136 197 143 204
person 0.0020 191 233 197 241
person 0.0020 148 194 154 203
person 0.0019 176 247 180 253
person 0.0019 0 166 270 286
person 0.0018 404 251 418 270
person 0.0018 0 228 8 256
person 0.0018 114 262 119 274
person 0.0018 27 247 38 270
person 0.0017 137 176 146 185
person 0.0017 46 238 122 275
person 0.0017 64 244 76 260
person 0.0017 80 260 87 272
person 0.0017 213 250 221 266
person 0.0016 157 188 163 200
person 0.0015 194 181 199 190
person 0.0014 64 247 82 269
person 0.0014 491 244 498 251
person 0.0013 124 247 132 256
person 0.0013 397 245 405 253
person 0.0012 -5 238 34 262
person 0.0012 127 178 136 187
person 0.0011 2 240 125 299
person 0.0011 0 208 56 267
person 0.0010 104 205 110 213
person 0.0010 250 179 260 185
person 0.0010 76 237 91 268
car 0.0074 19 246 27 257
car 0.0055 36 244 50 256
car 0.0054 491 244 498 251
car 0.0044 29 243 37 256
car 0.0034 1 246 8 258
car 0.0034 13 248 20 258
car 0.0014 492 234 499 250
car 0.0011 72 254 77 264
boat 0.9494 30 93 476 289
boat 0.1441 459 241 490 253
boat 0.0936 432 247 444 255
boat 0.0490 268 242 329 282
boat 0.0396 433 246 458 255
boat 0.0384 491 244 498 251
boat 0.0317 407 244 446 254
boat 0.0306 406 244 429 251
boat 0.0290 458 235 493 251
boat 0.0264 446 245 465 254
boat 0.0188 492 234 499 250
boat 0.0152 405 235 448 250
boat 0.0130 403 245 413 253
boat 0.0123 432 232 461 251
boat 0.0122 449 225 499 253
boat 0.0106 48 97 311 259
boat 0.0076 431 231 483 253
boat 0.0072 407 224 496 255
boat 0.0069 475 243 496 252
boat 0.0067 421 234 454 248
boat 0.0056 433 242 479 254
boat 0.0056 405 228 455 254
boat 0.0050 120 158 469 302
boat 0.0040 428 243 448 256
boat 0.0037 419 241 456 255
boat 0.0030 403 235 417 248
boat 0.0029 402 241 434 254
boat 0.0029 432 253 441 257
boat 0.0018 462 239 504 254
boat 0.0017 494 214 500 249
boat 0.0013 408 190 495 272
boat 0.0012 -17 249 508 363
boat 0.0012 496 249 500 267
boat 0.0012 421 216 473 248
boat 0.0011 400 232 420 252
boat 0.0010 445 234 498 262
boat 0.0010 434 214 498 250
bird 0.0040 191 233 197 241
bird 0.0018 414 284 443 295
