person 0.0918 203 5 504 370
person 0.0204 375 -2 500 373
person 0.0118 438 0 500 371
person 0.0048 469 0 500 358
person 0.0030 360 -1 502 139
person 0.0017 -14 9 450 371
person 0.0011 15 100 258 374
dog 0.5141 22 61 493 372
dog 0.3710 53 103 276 371
dog 0.0045 195 341 481 374
dog 0.0021 466 -14 500 372
dog 0.0016 196 142 469 377
dog 0.0013 259 53 488 345
dog 0.0013 443 72 500 356
dog 0.0011 360 -9 503 368
chair 0.0309 11 4 500 375
chair 0.0032 0 103 59 273
chair 0.0031 -3 0 322 147
chair 0.0015 361 0 497 133
chair 0.0011 327 1 370 19
chair 0.0010 -6 6 305 76
sofa 0.6465 13 4 498 374
sofa 0.1192 -3 0 322 147
sofa 0.0072 -6 6 305 76
sofa 0.0068 5 9 497 195
sofa 0.0044 375 -2 500 373
sofa 0.0041 360 -1 502 139
sofa 0.0027 3 2 171 129
sofa 0.0027 8 1 318 295
sofa 0.0023 7 220 494 374
sofa 0.0019 167 1 501 137
sofa 0.0013 -12 106 231 366
sofa 0.0013 -2 244 124 371
sofa 0.0011 127 44 190 79
diningtable 0.0155 0 103 59 273
diningtable 0.0017 -1 138 59 371
