person 0.6460 277 202 293 221
person 0.3378 273 201 299 226
person 0.2370 317 187 323 194
person 0.1230 328 190 337 196
person 0.0852 447 193 468 204
person 0.0611 308 206 319 215
person 0.0576 261 209 307 230
person 0.0494 455 188 472 201
person 0.0402 487 187 500 196
person 0.0138 478 188 498 197
person 0.0124 0 212 3 230
person 0.0113 493 177 500 192
person 0.0090 250 197 255 205
person 0.0070 -1 174 17 189
person 0.0066 251 209 260 215
person 0.0065 315 205 321 215
person 0.0064 277 199 291 211
person 0.0059 283 204 321 221
person 0.0055 452 191 474 205
person 0.0045 -1 161 16 187
person 0.0043 354 208 368 214
person 0.0040 482 184 501 198
person 0.0035 255 204 293 218
person 0.0033 0 213 4 245
person 0.0027 -1 129 16 191
person 0.0026 254 203 325 232
person 0.0025 250 208 277 216
person 0.0024 302 204 322 220
person 0.0024 0 199 3 226
person 0.0020 295 208 323 230
person 0.0020 -5 163 504 221
person 0.0018 446 196 454 204
person 0.0015 328 195 337 201
person 0.0015 487 171 500 198
person 0.0015 310 187 320 193
person 0.0014 -1 185 14 195
person 0.0012 321 187 339 199
person 0.0012 274 192 295 218
person 0.0012 364 209 370 213
car 0.0043 249 205 322 232
car 0.0026 487 187 500 196
car 0.0025 478 188 498 197
boat 0.8778 0 122 19 189
boat 0.8490 249 205 322 232
boat 0.2666 273 201 299 226
boat 0.0935 261 209 307 230
boat 0.0862 478 188 498 197
boat 0.0684 -1 174 17 189
boat 0.0504 487 187 500 196
boat 0.0374 0 212 3 230
boat 0.0312 447 193 468 204
boat 0.0287 317 187 323 194
boat 0.0255 -1 161 16 187
boat 0.0222 328 190 337 196
boat 0.0133 0 213 4 245
boat 0.0125 455 188 472 201
boat 0.0120 493 177 500 192
boat 0.0109 -1 185 14 195
boat 0.0102 250 210 281 231
boat 0.0102 285 209 321 230
boat 0.0098 249 221 322 234
boat 0.0092 482 184 501 198
boat 0.0086 308 206 319 215
boat 0.0081 0 199 3 226
boat 0.0075 276 202 324 226
boat 0.0066 39 170 51 176
boat 0.0065 277 202 293 221
boat 0.0038 452 191 474 205
boat 0.0031 250 199 299 227
boat 0.0029 -1 175 17 205
boat 0.0028 64 168 74 178
boat 0.0027 60 167 69 179
boat 0.0027 302 204 322 220
boat 0.0027 477 174 499 194
boat 0.0025 153 169 166 174
boat 0.0024 487 171 500 198
boat 0.0024 0 189 6 214
boat 0.0023 60 178 67 184
boat 0.0023 159 169 175 174
boat 0.0021 0 197 6 244
boat 0.0020 0 183 22 196
boat 0.0019 491 158 500 189
boat 0.0019 489 150 500 172
boat 0.0018 95 171 108 176
boat 0.0018 354 208 368 214
boat 0.0018 439 187 510 201
boat 0.0017 250 208 277 216
boat 0.0015 40 171 60 177
boat 0.0014 141 169 158 173
boat 0.0011 -3 119 47 189
boat 0.0011 487 190 500 207
boat 0.0010 72 169 88 175
bird 0.0564 328 190 337 196
bird 0.0362 317 187 323 194
bird 0.0201 354 208 368 214
bird 0.0053 447 193 468 204
bird 0.0042 0 212 3 230
bird 0.0036 364 209 370 213
bird 0.0010 328 195 337 201
