person 0.0027 485 232 500 328
person 0.0016 484 141 500 330
cat 0.0024 61 251 96 304
horse 0.0033 61 248 96 305
bottle 0.0184 136 298 148 318
bottle 0.0139 145 312 155 325
bottle 0.0111 142 294 154 319
bottle 0.0093 131 295 151 323
bottle 0.0089 152 294 161 320
bottle 0.0085 132 289 163 326
bottle 0.0084 123 313 137 325
bottle 0.0070 160 288 175 324
bottle 0.0061 123 298 138 316
bottle 0.0052 163 287 174 310
bottle 0.0046 103 306 117 322
bottle 0.0045 147 290 168 325
bottle 0.0035 151 287 160 312
bottle 0.0026 157 308 173 325
bottle 0.0025 155 307 167 325
bottle 0.0025 133 311 150 324
bottle 0.0024 327 224 358 274
bottle 0.0021 121 295 141 323
bottle 0.0020 139 284 157 315
bottle 0.0019 113 305 125 324
bottle 0.0018 141 308 157 325
bottle 0.0017 173 292 196 324
bottle 0.0015 87 295 109 318
bottle 0.0012 380 250 394 271
bottle 0.0011 133 290 150 310
bottle 0.0010 149 283 164 316
bottle 0.0010 143 285 154 295
chair 0.5560 287 249 345 336
chair 0.1343 486 259 500 318
chair 0.0608 485 216 499 332
chair 0.0339 488 266 500 367
chair 0.0304 300 253 419 331
chair 0.0094 359 237 394 269
chair 0.0085 327 265 425 316
chair 0.0075 310 240 436 306
chair 0.0071 98 243 125 272
chair 0.0053 395 224 429 274
chair 0.0051 87 242 131 300
chair 0.0050 320 251 503 374
chair 0.0043 390 227 436 314
chair 0.0039 61 248 96 305
chair 0.0039 285 252 325 299
chair 0.0036 269 297 311 334
chair 0.0035 76 227 218 371
chair 0.0033 338 281 402 311
chair 0.0027 477 247 500 339
chair 0.0027 327 225 357 277
chair 0.0026 307 257 407 289
chair 0.0025 325 310 501 377
chair 0.0020 487 236 500 302
chair 0.0019 298 244 375 299
chair 0.0016 264 249 324 330
chair 0.0014 354 233 427 276
chair 0.0013 99 252 122 282
chair 0.0013 323 229 385 280
chair 0.0012 294 276 336 340
chair 0.0012 288 249 352 291
chair 0.0012 492 303 500 368
chair 0.0010 397 284 425 310
sofa 0.1693 484 248 500 337
sofa 0.0287 320 251 504 373
sofa 0.0284 488 266 500 367
sofa 0.0153 325 310 501 377
sofa 0.0128 72 227 224 366
sofa 0.0035 478 255 499 358
sofa 0.0031 287 249 352 331
sofa 0.0030 87 242 131 300
sofa 0.0028 300 253 419 331
sofa 0.0023 310 240 436 306
sofa 0.0019 484 141 500 330
sofa 0.0016 98 243 125 272
sofa 0.0016 61 248 96 305
sofa 0.0014 476 219 500 329
sofa 0.0010 307 257 407 289
pottedplant 0.0496 71 226 225 368
pottedplant 0.0174 212 330 239 360
pottedplant 0.0145 204 249 281 357
pottedplant 0.0135 103 40 298 342
pottedplant 0.0066 169 240 267 368
pottedplant 0.0046 234 327 259 345
pottedplant 0.0034 208 292 266 360
pottedplant 0.0028 231 306 262 347
pottedplant 0.0027 109 220 385 385
pottedplant 0.0020 202 210 299 335
pottedplant 0.0018 64 278 191 343
pottedplant 0.0017 160 296 337 370
pottedplant 0.0014 486 261 500 316
pottedplant 0.0013 228 283 279 344
pottedplant 0.0011 145 312 155 325
pottedplant 0.0011 123 288 172 326
pottedplant 0.0011 167 290 197 333
pottedplant 0.0011 45 6 466 378
pottedplant 0.0011 76 286 211 374
pottedplant 0.0010 209 282 261 334
pottedplant 0.0010 218 240 293 314
pottedplant 0.0010 127 293 154 324
diningtable 0.3514 325 298 501 373
diningtable 0.0700 327 253 426 296
diningtable 0.0541 288 253 423 334
diningtable 0.0392 327 265 425 316
diningtable 0.0202 315 258 397 287
diningtable 0.0077 342 256 416 283
diningtable 0.0048 341 238 488 356
diningtable 0.0029 487 261 500 332
diningtable 0.0026 352 266 424 288
diningtable 0.0021 286 250 347 335
diningtable 0.0017 336 266 385 284
diningtable 0.0017 490 276 500 375
diningtable 0.0015 355 236 397 273
diningtable 0.0010 312 222 436 291
diningtable 0.0010 76 227 218 371
tvmonitor 0.0019 71 226 225 368
tvmonitor 0.0010 486 261 500 316
