bird 0.0047 105 70 129 91
bird 0.0036 107 69 118 81
bottle 0.0358 314 105 320 126
bottle 0.0104 40 158 48 174
bottle 0.0012 40 157 47 167
chair 0.9921 191 91 240 148
chair 0.0747 129 80 178 117
chair 0.0191 232 158 289 239
chair 0.0095 158 104 177 114
chair 0.0041 149 104 181 124
chair 0.0041 129 81 158 111
chair 0.0040 137 104 154 113
chair 0.0037 130 95 180 126
chair 0.0034 46 98 181 220
chair 0.0027 126 83 185 138
chair 0.0022 136 103 177 114
chair 0.0017 287 152 320 241
chair 0.0016 312 140 320 228
sofa 0.8773 44 92 181 211
sofa 0.0294 191 91 240 148
sofa 0.0013 133 79 179 117
pottedplant 0.0016 314 105 320 126
diningtable 0.0018 190 90 238 151
tvmonitor 0.9945 260 89 299 121
tvmonitor 0.0462 300 96 319 124
tvmonitor 0.0116 131 81 146 105
tvmonitor 0.0095 313 98 320 124
tvmonitor 0.0094 300 100 312 122
tvmonitor 0.0021 131 81 158 113
tvmonitor 0.0011 266 93 293 113
