person 0.9951 73 74 146 220
person 0.9891 116 106 209 221
person 0.9887 39 30 113 157
person 0.7861 107 43 156 89
person 0.7032 120 69 179 191
person 0.1306 157 71 183 93
person 0.0502 139 70 181 123
person 0.0071 33 50 78 104
person 0.0060 100 45 153 121
person 0.0056 291 110 308 152
person 0.0048 79 45 194 197
person 0.0043 107 42 183 101
person 0.0043 291 27 308 145
person 0.0032 116 64 184 133
person 0.0019 103 54 167 163
person 0.0016 128 83 220 188
person 0.0015 290 77 308 161
person 0.0011 31 39 77 156
person 0.0010 113 68 152 107
person 0.0010 111 16 253 207
car 0.2813 151 1 266 220
car 0.0047 117 69 186 179
car 0.0014 67 28 241 206
car 0.0010 120 105 215 223
motorbike 0.0045 151 0 265 222
aeroplane 0.0048 168 11 265 207
bus 0.0131 151 0 265 222
bus 0.0018 117 69 186 179
train 0.0037 168 11 265 207
boat 0.0150 168 11 265 207
boat 0.0010 120 105 215 223
dog 0.0198 157 71 182 92
dog 0.0145 291 110 308 152
dog 0.0050 291 68 308 150
dog 0.0012 290 98 308 194
dog 0.0010 125 102 211 218
sheep 0.0011 157 71 181 92
bottle 0.0113 107 77 122 89
bottle 0.0093 115 78 124 89
bottle 0.0089 105 79 115 87
bottle 0.0041 111 72 119 81
bottle 0.0023 104 74 114 81
bottle 0.0011 109 71 121 84
bottle 0.0010 116 82 125 91
chair 0.0036 168 11 265 207
tvmonitor 0.0016 160 0 271 223
