person 0.0026 0 222 212 322
person 0.0014 -1 172 294 323
person 0.0012 26 242 185 307
cat 0.2070 68 245 191 305
cat 0.0167 1 224 210 321
cat 0.0150 120 251 194 301
cat 0.0051 -32 182 325 323
dog 0.1387 73 238 197 306
dog 0.0216 1 224 210 321
dog 0.0126 120 251 194 301
dog 0.0073 -32 182 325 323
chair 0.0055 3 174 324 330
chair 0.0029 0 211 24 288
sofa 0.9274 -2 164 356 331
sofa 0.0248 95 236 220 309
sofa 0.0110 4 222 258 326
sofa 0.0023 20 171 306 258
sofa 0.0022 119 250 195 302
sofa 0.0013 -1 224 491 337
sofa 0.0012 0 212 23 330
pottedplant 0.0220 49 -5 207 182
pottedplant 0.0137 467 102 500 138
pottedplant 0.0074 485 108 500 138
pottedplant 0.0051 470 100 500 179
pottedplant 0.0047 467 107 499 125
pottedplant 0.0025 487 105 500 125
pottedplant 0.0016 471 68 500 135
pottedplant 0.0012 73 238 197 306
diningtable 0.0040 291 197 418 318
diningtable 0.0011 347 314 426 333
tvmonitor 0.0039 3 174 324 330
tvmonitor 0.0015 422 88 452 122
