person 0.9916 213 117 287 372
person 0.9671 -2 197 171 503
person 0.9501 79 175 158 329
person 0.7352 137 184 189 312
person 0.6908 254 220 372 498
person 0.4871 207 312 300 493
person 0.3247 39 171 123 324
person 0.3213 316 222 361 285
person 0.1533 215 305 295 397
person 0.1015 305 235 347 286
person 0.0700 37 171 84 227
person 0.0592 138 187 189 242
person 0.0585 35 172 91 264
person 0.0333 221 234 364 404
person 0.0276 222 286 316 426
person 0.0252 48 171 83 203
person 0.0241 133 129 149 151
person 0.0190 171 237 305 496
person 0.0177 250 327 298 388
person 0.0173 258 222 367 296
person 0.0127 1 338 149 500
person 0.0088 309 135 326 159
person 0.0084 82 180 147 270
person 0.0084 121 334 168 497
person 0.0083 247 260 345 337
person 0.0081 6 189 147 374
person 0.0080 229 335 308 449
person 0.0057 319 135 330 159
person 0.0055 286 192 369 384
person 0.0050 237 216 356 344
person 0.0048 49 171 81 189
person 0.0046 113 174 197 278
person 0.0043 83 181 142 232
person 0.0042 187 166 323 427
person 0.0037 212 169 252 278
person 0.0034 97 225 360 504
person 0.0032 1 193 72 320
person 0.0032 295 228 357 318
person 0.0030 212 104 242 132
person 0.0028 271 273 314 312
person 0.0028 323 222 362 252
person 0.0028 -1 198 37 280
person 0.0026 114 218 207 350
person 0.0024 38 181 78 210
person 0.0023 312 132 325 152
person 0.0022 53 207 146 344
person 0.0021 204 399 274 498
person 0.0021 85 213 125 260
person 0.0020 130 165 151 192
person 0.0020 258 254 301 337
person 0.0019 228 364 313 501
person 0.0019 72 192 121 261
person 0.0019 258 350 300 388
person 0.0018 271 245 348 311
person 0.0018 105 266 174 449
person 0.0018 81 223 128 324
person 0.0018 222 390 375 499
person 0.0018 135 229 172 279
person 0.0017 281 225 299 248
person 0.0017 90 237 118 266
person 0.0016 135 333 171 387
person 0.0016 280 220 318 249
person 0.0014 80 244 110 303
person 0.0013 88 164 277 346
person 0.0013 363 115 374 176
person 0.0013 281 220 335 267
person 0.0013 158 111 309 328
person 0.0013 35 173 64 203
person 0.0012 302 136 316 158
person 0.0012 67 333 176 497
person 0.0012 0 199 40 348
person 0.0011 87 234 111 257
person 0.0011 60 223 246 431
person 0.0010 320 135 329 148
person 0.0010 88 245 159 322
person 0.0010 157 210 295 368
person 0.0010 118 319 170 401
person 0.0010 247 315 331 394
cat 0.0078 134 335 170 385
dog 0.0074 133 335 171 385
dog 0.0010 118 319 170 401
bottle 0.2265 163 253 186 314
bottle 0.0246 142 300 152 328
bottle 0.0125 70 140 79 162
bottle 0.0093 136 185 191 302
bottle 0.0064 92 237 114 256
bottle 0.0057 155 232 172 256
bottle 0.0053 153 252 194 330
bottle 0.0050 201 119 284 369
bottle 0.0044 306 235 343 285
bottle 0.0040 216 194 230 218
bottle 0.0035 185 255 202 330
bottle 0.0031 154 225 173 246
bottle 0.0029 316 222 361 285
bottle 0.0027 144 295 156 329
bottle 0.0027 66 82 75 101
bottle 0.0023 282 220 315 248
bottle 0.0023 176 256 192 292
bottle 0.0015 184 247 200 297
bottle 0.0015 282 227 298 247
bottle 0.0015 217 193 239 237
bottle 0.0015 217 176 245 269
bottle 0.0010 135 236 220 348
chair 0.9747 -3 338 133 501
chair 0.5017 227 447 287 500
chair 0.0883 138 270 224 396
chair 0.0653 211 369 302 499
chair 0.0480 227 451 258 498
chair 0.0436 228 444 367 499
chair 0.0421 200 289 224 346
chair 0.0412 184 240 201 289
chair 0.0361 162 255 188 327
chair 0.0338 135 236 220 348
chair 0.0260 202 417 268 486
chair 0.0246 202 227 225 263
chair 0.0214 197 228 227 289
chair 0.0197 222 390 375 499
chair 0.0159 195 224 227 337
chair 0.0154 1 219 170 522
chair 0.0136 237 220 373 500
chair 0.0133 124 276 157 328
chair 0.0131 201 249 315 477
chair 0.0121 183 243 214 343
chair 0.0116 143 280 161 328
chair 0.0106 230 443 266 475
chair 0.0098 322 222 362 284
chair 0.0094 234 472 300 501
chair 0.0093 306 235 343 285
chair 0.0086 233 483 287 501
chair 0.0079 171 288 223 391
chair 0.0071 83 272 123 321
chair 0.0063 4 442 130 497
chair 0.0062 185 243 200 267
chair 0.0058 256 334 300 387
chair 0.0057 134 266 183 330
chair 0.0054 180 234 212 295
chair 0.0044 183 221 221 264
chair 0.0044 140 199 202 321
chair 0.0043 271 247 300 281
chair 0.0038 185 286 222 338
chair 0.0038 184 270 203 334
chair 0.0036 194 438 281 499
chair 0.0035 209 286 230 361
chair 0.0033 229 469 347 500
chair 0.0032 120 280 130 310
chair 0.0028 49 170 81 189
chair 0.0025 232 327 307 420
chair 0.0025 81 251 157 339
chair 0.0022 219 308 295 390
chair 0.0022 134 333 172 388
chair 0.0021 243 351 299 474
chair 0.0021 184 293 200 330
chair 0.0021 185 242 199 254
chair 0.0021 243 435 310 499
chair 0.0020 104 248 204 400
chair 0.0020 140 298 153 329
chair 0.0019 124 297 148 329
chair 0.0019 137 245 152 261
chair 0.0018 323 222 362 252
chair 0.0018 189 242 208 289
chair 0.0017 170 203 256 318
chair 0.0017 81 175 158 320
chair 0.0016 213 314 231 367
chair 0.0015 172 258 255 376
chair 0.0014 127 282 194 344
chair 0.0013 122 242 161 325
chair 0.0013 102 238 176 324
chair 0.0013 230 486 345 500
chair 0.0013 199 131 286 376
chair 0.0013 109 273 139 315
chair 0.0013 195 290 227 390
chair 0.0012 273 219 283 248
chair 0.0011 282 227 298 247
chair 0.0011 212 205 232 264
chair 0.0011 183 237 201 259
chair 0.0011 135 229 172 279
chair 0.0010 157 210 295 368
chair 0.0010 219 267 323 399
sofa 0.0557 237 220 373 500
sofa 0.0333 207 312 300 493
sofa 0.0254 9 194 178 507
sofa 0.0166 222 390 375 499
sofa 0.0080 229 450 368 500
sofa 0.0060 199 131 286 376
sofa 0.0057 195 224 227 337
sofa 0.0057 131 245 219 344
sofa 0.0051 0 345 129 503
sofa 0.0050 304 240 336 284
sofa 0.0049 229 335 308 449
sofa 0.0045 135 184 193 328
sofa 0.0044 219 308 295 390
sofa 0.0043 237 216 356 344
sofa 0.0038 184 240 201 289
sofa 0.0033 162 251 187 316
sofa 0.0033 153 252 194 330
sofa 0.0030 197 228 227 289
sofa 0.0030 156 213 240 347
sofa 0.0028 202 417 268 486
sofa 0.0028 228 364 313 501
sofa 0.0028 256 221 333 293
sofa 0.0022 179 233 211 323
sofa 0.0022 179 152 368 403
sofa 0.0019 269 265 319 305
sofa 0.0018 131 282 224 394
sofa 0.0018 222 286 316 426
sofa 0.0017 81 175 158 320
sofa 0.0017 211 409 296 498
sofa 0.0016 131 187 265 333
sofa 0.0015 244 336 298 410
sofa 0.0015 271 245 348 311
sofa 0.0014 231 212 317 305
sofa 0.0014 134 335 170 385
sofa 0.0014 119 333 169 491
sofa 0.0014 173 240 222 346
sofa 0.0012 271 247 300 281
sofa 0.0010 286 299 373 501
pottedplant 0.0579 136 185 191 302
pottedplant 0.0270 280 219 318 259
pottedplant 0.0115 288 221 321 247
pottedplant 0.0063 287 234 304 250
pottedplant 0.0052 271 216 323 289
pottedplant 0.0048 304 240 336 284
pottedplant 0.0035 152 232 193 298
pottedplant 0.0026 321 217 357 273
pottedplant 0.0022 296 224 319 264
pottedplant 0.0021 282 235 296 248
pottedplant 0.0019 278 228 300 257
pottedplant 0.0016 162 251 187 316
pottedplant 0.0015 245 217 348 298
pottedplant 0.0015 292 219 342 274
pottedplant 0.0013 173 256 193 292
pottedplant 0.0012 303 222 325 245
pottedplant 0.0010 303 170 324 198
diningtable 0.0423 153 252 194 330
diningtable 0.0367 131 245 219 344
diningtable 0.0283 138 270 224 396
diningtable 0.0170 162 251 187 316
diningtable 0.0122 1 338 149 500
diningtable 0.0120 4 187 183 496
diningtable 0.0113 136 185 191 302
diningtable 0.0071 201 120 284 368
diningtable 0.0051 69 206 239 369
diningtable 0.0048 104 248 204 400
diningtable 0.0041 134 266 183 330
diningtable 0.0037 203 417 268 486
diningtable 0.0032 89 197 156 309
diningtable 0.0027 185 243 200 287
diningtable 0.0027 66 200 155 360
diningtable 0.0024 127 282 194 344
diningtable 0.0023 91 235 186 326
diningtable 0.0021 234 207 365 379
diningtable 0.0021 270 218 355 299
diningtable 0.0021 145 292 200 330
diningtable 0.0019 184 270 203 334
diningtable 0.0017 135 241 151 250
diningtable 0.0015 304 240 336 284
diningtable 0.0014 131 240 159 266
diningtable 0.0013 121 240 150 249
diningtable 0.0013 269 265 319 305
diningtable 0.0012 173 240 222 346
diningtable 0.0012 199 286 222 339
diningtable 0.0012 184 293 200 330
diningtable 0.0012 152 232 193 298
diningtable 0.0011 145 328 218 394
diningtable 0.0011 157 210 295 368
diningtable 0.0010 135 229 172 279
diningtable 0.0010 134 333 172 388
diningtable 0.0010 123 275 158 329
diningtable 0.0010 197 231 226 337
