person 0.3778 54 167 63 197
person 0.2993 46 162 56 180
person 0.2246 478 163 499 199
person 0.2106 49 167 59 194
person 0.1644 403 150 450 238
person 0.1000 53 178 60 198
person 0.0935 380 170 395 190
person 0.0851 408 163 442 194
person 0.0819 54 160 66 177
person 0.0727 377 118 490 236
person 0.0464 344 164 355 178
person 0.0386 484 166 500 211
person 0.0379 220 160 231 180
person 0.0219 449 158 465 188
person 0.0161 42 162 50 179
person 0.0143 48 163 63 197
person 0.0112 426 164 442 193
person 0.0102 45 159 63 182
person 0.0080 230 161 238 182
person 0.0078 336 159 349 184
person 0.0070 43 168 49 192
person 0.0066 484 149 500 197
person 0.0057 452 166 474 193
person 0.0050 0 168 5 178
person 0.0047 276 158 292 183
person 0.0046 82 153 97 190
person 0.0044 424 164 446 236
person 0.0044 382 163 394 184
person 0.0038 477 152 499 248
person 0.0033 337 169 347 190
person 0.0030 52 173 67 200
person 0.0030 487 159 500 259
person 0.0030 479 112 501 208
person 0.0029 443 135 498 221
person 0.0028 166 177 175 198
person 0.0028 296 158 309 187
person 0.0027 404 170 418 192
person 0.0027 191 163 200 177
person 0.0023 442 165 455 193
person 0.0022 40 158 52 184
person 0.0022 143 153 157 192
person 0.0022 78 165 86 191
person 0.0020 0 172 5 184
person 0.0020 339 160 360 183
person 0.0019 377 171 388 190
person 0.0019 331 153 353 188
person 0.0018 40 175 48 203
person 0.0018 216 154 235 186
person 0.0017 363 161 373 180
person 0.0016 169 179 180 198
person 0.0016 429 159 466 198
person 0.0016 468 178 482 199
person 0.0016 398 163 423 235
person 0.0015 78 160 89 184
person 0.0014 47 155 64 170
person 0.0013 40 157 47 166
person 0.0012 50 153 69 173
person 0.0012 149 150 168 193
person 0.0012 28 169 36 193
person 0.0012 448 118 499 316
person 0.0011 160 111 385 218
person 0.0011 459 163 494 200
person 0.0011 356 161 368 179
person 0.0011 334 151 349 172
person 0.0011 279 153 292 171
person 0.0011 423 158 448 190
person 0.0010 403 175 435 239
person 0.0010 306 157 317 186
person 0.0010 452 179 476 198
person 0.0010 467 171 484 194
bicycle 0.0225 53 178 60 198
bicycle 0.0159 49 167 59 194
bicycle 0.0034 54 167 63 197
car 0.7911 449 212 500 335
car 0.5599 143 172 157 192
car 0.1106 46 162 56 180
car 0.0934 54 160 66 177
car 0.0593 0 172 5 184
car 0.0470 47 155 64 170
car 0.0469 0 168 5 178
car 0.0220 50 153 69 173
car 0.0182 147 171 165 193
car 0.0120 45 159 63 182
car 0.0116 64 166 79 175
car 0.0100 137 174 145 190
car 0.0053 40 157 47 166
car 0.0034 8 169 18 178
car 0.0026 42 162 50 179
car 0.0023 107 182 134 195
car 0.0020 454 192 500 285
car 0.0020 4 173 19 183
car 0.0018 473 177 500 331
car 0.0015 448 118 499 316
car 0.0013 78 160 89 184
car 0.0013 369 105 499 248
car 0.0012 475 242 499 335
car 0.0012 0 167 9 191
car 0.0011 0 153 4 174
car 0.0011 133 172 148 192
motorbike 0.0064 54 177 63 199
motorbike 0.0039 49 167 59 194
bus 0.9897 156 119 373 226
bus 0.9597 370 106 501 246
bus 0.8226 96 147 143 195
bus 0.2145 50 153 69 173
bus 0.1816 47 155 64 170
bus 0.1054 149 149 176 195
bus 0.0856 143 172 157 192
bus 0.0624 47 140 75 165
bus 0.0600 47 142 63 160
bus 0.0480 82 153 97 190
bus 0.0471 403 150 450 238
bus 0.0451 143 152 157 193
bus 0.0409 155 148 206 200
bus 0.0385 52 158 66 179
bus 0.0250 63 144 80 175
bus 0.0203 45 138 84 179
bus 0.0154 46 161 60 181
bus 0.0134 78 160 89 184
bus 0.0105 146 170 165 193
bus 0.0080 64 166 79 175
bus 0.0071 73 138 102 182
bus 0.0044 157 144 246 206
bus 0.0039 75 149 89 175
bus 0.0030 73 137 133 190
bus 0.0027 73 140 89 164
bus 0.0025 443 131 503 289
bus 0.0024 449 179 500 333
bus 0.0024 59 158 81 181
bus 0.0023 146 153 155 169
bus 0.0022 70 145 111 195
bus 0.0019 120 148 173 196
bus 0.0019 40 157 47 166
bus 0.0018 99 154 122 188
bus 0.0017 67 138 94 169
bus 0.0016 102 168 137 194
bus 0.0015 45 153 79 193
bus 0.0012 115 152 141 189
bus 0.0012 90 154 109 187
bus 0.0012 48 139 304 200
bus 0.0011 57 142 201 193
bus 0.0011 443 135 498 221
bus 0.0010 163 170 173 193
train 0.0099 369 105 499 248
train 0.0022 153 120 376 226
train 0.0014 49 151 72 174
train 0.0012 79 147 143 195
train 0.0010 47 155 64 170
pottedplant 0.0010 46 162 56 180
tvmonitor 0.0012 369 105 499 248
