person 0.9907 259 52 492 329
person 0.9812 3 50 235 333
person 0.1174 0 79 16 157
person 0.1152 0 87 27 264
person 0.0738 0 78 21 200
person 0.0341 0 93 11 210
person 0.0211 68 76 433 343
person 0.0199 0 25 16 179
person 0.0157 0 80 54 250
person 0.0133 0 74 7 118
person 0.0092 14 124 45 221
person 0.0078 -2 38 31 200
person 0.0071 0 8 7 141
person 0.0066 17 94 38 151
person 0.0065 0 23 65 327
person 0.0062 4 83 90 178
person 0.0060 17 115 35 190
person 0.0056 0 114 9 266
person 0.0044 0 143 20 324
person 0.0043 0 79 67 125
person 0.0031 439 120 495 233
person 0.0030 475 75 500 314
person 0.0030 0 188 7 329
person 0.0026 0 73 5 97
person 0.0025 0 23 65 137
person 0.0025 13 90 233 225
person 0.0025 475 75 500 128
person 0.0021 0 80 11 129
person 0.0020 6 27 501 233
person 0.0019 491 71 500 117
person 0.0019 0 199 8 258
person 0.0018 473 97 500 222
person 0.0016 -1 47 108 214
person 0.0016 479 29 500 129
person 0.0015 173 52 203 136
person 0.0014 2 74 206 173
person 0.0013 481 207 501 310
person 0.0013 494 60 500 110
person 0.0013 4 117 90 232
person 0.0012 0 7 25 152
person 0.0011 37 112 68 188
person 0.0011 166 89 333 178
person 0.0010 173 105 323 240
person 0.0010 431 69 502 343
person 0.0010 239 83 355 186
person 0.0010 0 120 9 182
bottle 0.9603 39 99 65 180
bottle 0.8971 17 94 36 183
bottle 0.7207 210 50 233 104
bottle 0.4760 57 94 81 176
bottle 0.3867 168 62 195 133
bottle 0.2760 184 59 203 135
bottle 0.2314 56 90 75 153
bottle 0.1209 0 79 16 157
bottle 0.1178 54 92 70 136
bottle 0.0892 169 55 201 110
bottle 0.0515 0 78 21 200
bottle 0.0475 169 64 186 106
bottle 0.0403 39 99 50 147
bottle 0.0394 21 95 39 149
bottle 0.0389 64 125 80 175
bottle 0.0363 28 108 41 174
bottle 0.0309 35 97 52 170
bottle 0.0281 50 100 72 180
bottle 0.0274 33 154 47 186
bottle 0.0230 18 136 33 187
bottle 0.0214 -2 60 227 293
bottle 0.0180 0 103 11 159
bottle 0.0177 60 150 68 176
bottle 0.0174 25 141 45 185
bottle 0.0166 0 93 11 210
bottle 0.0137 65 151 79 174
bottle 0.0123 4 83 90 178
bottle 0.0123 162 54 209 140
bottle 0.0121 11 121 21 147
bottle 0.0114 2 86 53 191
bottle 0.0112 41 100 59 144
bottle 0.0103 14 124 45 221
bottle 0.0102 200 61 240 129
bottle 0.0097 2 74 206 173
bottle 0.0085 0 87 27 264
bottle 0.0080 169 80 188 142
bottle 0.0076 43 99 56 128
bottle 0.0076 8 101 23 164
bottle 0.0067 209 75 222 112
bottle 0.0061 0 81 7 127
bottle 0.0061 0 128 27 213
bottle 0.0060 61 98 80 150
bottle 0.0060 63 105 95 172
bottle 0.0059 210 107 221 134
bottle 0.0052 20 93 33 138
bottle 0.0051 179 54 198 75
bottle 0.0050 24 95 36 134
bottle 0.0048 46 101 112 174
bottle 0.0045 203 97 222 132
bottle 0.0038 56 122 68 181
bottle 0.0038 181 86 219 149
bottle 0.0037 392 318 425 331
bottle 0.0036 70 115 88 169
bottle 0.0036 180 65 198 123
bottle 0.0035 34 123 46 179
bottle 0.0035 178 85 200 139
bottle 0.0032 42 140 65 182
bottle 0.0032 57 90 68 102
bottle 0.0029 45 97 57 111
bottle 0.0029 171 112 186 136
bottle 0.0026 53 119 88 183
bottle 0.0022 0 120 9 182
bottle 0.0022 185 55 204 95
bottle 0.0019 32 94 56 136
bottle 0.0019 249 94 262 114
bottle 0.0019 215 73 234 112
bottle 0.0019 200 86 219 126
bottle 0.0019 53 145 73 177
bottle 0.0018 0 60 98 280
bottle 0.0018 6 126 23 177
bottle 0.0017 0 49 93 148
bottle 0.0016 164 75 176 114
bottle 0.0016 32 90 53 118
bottle 0.0016 30 117 51 183
bottle 0.0015 26 94 37 114
bottle 0.0014 235 92 253 116
bottle 0.0013 190 110 202 136
bottle 0.0012 365 179 388 218
bottle 0.0012 73 152 88 171
bottle 0.0012 172 54 269 143
bottle 0.0011 214 48 231 66
bottle 0.0011 19 120 151 186
bottle 0.0010 195 60 220 128
chair 0.9395 444 126 484 229
chair 0.7947 475 99 500 217
chair 0.7884 158 148 218 191
chair 0.6727 212 143 273 248
chair 0.3408 450 291 499 332
chair 0.2758 271 54 502 328
chair 0.2180 257 76 292 120
chair 0.1909 282 90 340 178
chair 0.1724 68 76 433 343
chair 0.1692 209 125 274 335
chair 0.1078 476 226 500 330
chair 0.0964 409 89 484 177
chair 0.0848 217 93 261 139
chair 0.0673 452 101 498 223
chair 0.0641 137 126 352 335
chair 0.0598 173 105 323 240
chair 0.0540 422 99 490 226
chair 0.0500 167 133 271 261
chair 0.0372 449 242 500 332
chair 0.0347 265 72 484 179
chair 0.0318 152 126 202 173
chair 0.0281 258 116 291 192
chair 0.0271 0 188 7 329
chair 0.0269 474 89 499 114
chair 0.0228 255 79 332 113
chair 0.0218 0 202 16 335
chair 0.0202 166 89 333 178
chair 0.0197 239 83 355 186
chair 0.0197 0 199 8 258
chair 0.0184 154 136 239 208
chair 0.0133 407 288 500 331
chair 0.0132 171 80 482 250
chair 0.0127 224 95 291 215
chair 0.0125 0 81 7 127
chair 0.0110 0 30 244 334
chair 0.0109 38 46 465 214
chair 0.0108 17 86 68 121
chair 0.0103 393 72 501 325
chair 0.0099 153 119 277 194
chair 0.0093 440 104 499 300
chair 0.0091 0 143 20 324
chair 0.0085 261 91 337 222
chair 0.0084 492 178 500 223
chair 0.0077 244 89 306 185
chair 0.0073 151 128 254 335
chair 0.0073 474 277 499 336
chair 0.0072 494 78 500 111
chair 0.0070 0 80 11 149
chair 0.0068 308 89 336 103
chair 0.0067 17 94 38 151
chair 0.0064 19 157 225 326
chair 0.0062 278 84 328 107
chair 0.0059 27 130 218 175
chair 0.0058 250 235 502 327
chair 0.0055 484 244 500 344
chair 0.0053 475 75 500 314
chair 0.0052 32 90 53 118
chair 0.0052 494 295 500 332
chair 0.0050 15 82 231 191
chair 0.0050 11 84 78 148
chair 0.0048 490 283 500 331
chair 0.0046 475 76 500 163
chair 0.0046 486 119 500 240
chair 0.0045 398 227 500 330
chair 0.0044 234 92 255 116
chair 0.0043 492 88 500 117
chair 0.0040 90 222 408 331
chair 0.0039 256 121 290 259
chair 0.0036 230 77 292 126
chair 0.0035 295 98 454 172
chair 0.0034 487 185 500 233
chair 0.0033 223 248 270 330
chair 0.0033 247 94 262 115
chair 0.0033 0 208 6 286
chair 0.0032 440 123 478 182
chair 0.0031 0 204 53 335
chair 0.0031 490 80 500 125
chair 0.0030 409 156 429 166
chair 0.0029 0 116 28 264
chair 0.0028 197 148 460 330
chair 0.0027 218 88 291 147
chair 0.0027 211 80 268 130
chair 0.0025 1 91 330 234
chair 0.0024 492 50 500 119
chair 0.0023 139 134 234 255
chair 0.0022 475 179 500 241
chair 0.0021 -23 192 523 345
chair 0.0020 415 87 492 118
chair 0.0018 47 106 201 166
chair 0.0017 398 106 462 175
chair 0.0016 -3 78 73 112
chair 0.0016 45 97 57 111
chair 0.0016 78 221 172 320
chair 0.0016 0 25 16 179
chair 0.0016 0 79 24 149
chair 0.0015 238 70 321 129
chair 0.0015 483 236 501 298
chair 0.0015 0 114 9 266
chair 0.0014 252 284 491 332
chair 0.0014 0 289 61 332
sofa 0.0073 273 69 474 351
sofa 0.0047 -4 87 229 332
sofa 0.0015 271 67 481 205
diningtable 0.5471 -8 46 252 313
diningtable 0.2019 146 97 285 172
diningtable 0.1170 477 226 500 326
diningtable 0.0993 -3 69 261 174
diningtable 0.0882 261 43 490 321
diningtable 0.0845 476 158 500 311
diningtable 0.0797 153 119 277 194
diningtable 0.0750 155 112 253 164
diningtable 0.0488 475 209 499 248
diningtable 0.0455 217 93 261 140
diningtable 0.0414 475 200 499 277
diningtable 0.0404 181 86 219 149
diningtable 0.0389 257 79 332 116
diningtable 0.0387 265 72 484 179
diningtable 0.0360 444 164 501 326
diningtable 0.0353 38 46 465 214
diningtable 0.0347 0 199 8 258
diningtable 0.0297 0 94 26 335
diningtable 0.0291 121 67 307 183
diningtable 0.0285 219 88 291 185
diningtable 0.0209 110 80 319 256
diningtable 0.0183 256 76 293 121
diningtable 0.0182 213 109 272 251
diningtable 0.0160 0 182 17 328
diningtable 0.0154 182 57 205 137
diningtable 0.0148 25 104 221 169
diningtable 0.0141 14 124 45 221
diningtable 0.0128 12 127 202 181
diningtable 0.0121 181 97 297 212
diningtable 0.0118 485 208 500 230
diningtable 0.0116 146 59 275 140
diningtable 0.0116 475 179 500 241
diningtable 0.0102 154 116 197 167
diningtable 0.0096 196 59 245 132
diningtable 0.0094 0 77 98 321
diningtable 0.0094 278 84 328 107
diningtable 0.0092 165 148 222 192
diningtable 0.0085 281 92 342 179
diningtable 0.0083 449 242 500 332
diningtable 0.0082 19 157 225 326
diningtable 0.0081 482 219 501 238
diningtable 0.0081 167 60 196 134
diningtable 0.0076 13 90 233 225
diningtable 0.0075 391 153 502 328
diningtable 0.0072 202 86 278 149
diningtable 0.0072 487 185 500 233
diningtable 0.0071 37 112 68 188
diningtable 0.0070 4 117 90 232
diningtable 0.0068 0 74 49 318
diningtable 0.0068 239 83 355 186
diningtable 0.0065 154 136 239 208
diningtable 0.0052 482 200 501 238
diningtable 0.0051 258 116 291 192
diningtable 0.0050 68 76 433 343
diningtable 0.0050 0 191 7 305
diningtable 0.0049 474 103 500 237
diningtable 0.0049 157 134 271 255
diningtable 0.0046 442 107 494 273
diningtable 0.0046 3 79 79 126
diningtable 0.0044 17 115 35 190
diningtable 0.0042 209 50 234 105
diningtable 0.0040 166 110 228 152
diningtable 0.0037 211 80 268 130
diningtable 0.0036 227 77 295 126
diningtable 0.0034 409 90 487 158
diningtable 0.0034 0 187 7 234
diningtable 0.0033 0 136 8 262
diningtable 0.0032 171 80 482 250
diningtable 0.0031 415 87 492 118
diningtable 0.0030 147 107 217 174
diningtable 0.0030 422 99 490 226
diningtable 0.0030 250 235 502 327
diningtable 0.0030 240 78 312 158
diningtable 0.0029 226 93 280 134
diningtable 0.0028 4 83 90 178
diningtable 0.0027 17 94 38 151
diningtable 0.0026 156 47 501 139
diningtable 0.0025 492 178 500 223
diningtable 0.0025 133 57 233 176
diningtable 0.0023 56 94 82 177
diningtable 0.0022 65 133 191 171
diningtable 0.0022 0 125 29 255
diningtable 0.0021 476 233 499 283
diningtable 0.0021 271 79 334 95
diningtable 0.0020 249 104 299 213
diningtable 0.0019 307 88 337 105
diningtable 0.0018 196 103 219 139
diningtable 0.0017 74 38 349 164
diningtable 0.0017 46 101 112 174
diningtable 0.0017 295 98 454 172
diningtable 0.0017 252 72 335 102
diningtable 0.0016 172 126 256 178
diningtable 0.0016 281 89 339 114
diningtable 0.0016 0 78 7 114
diningtable 0.0015 162 114 193 149
diningtable 0.0015 0 204 53 335
diningtable 0.0015 0 78 21 200
diningtable 0.0015 2 86 53 191
diningtable 0.0014 450 291 499 332
diningtable 0.0014 22 86 63 121
