bird 0.1950 241 235 311 287
bird 0.0172 241 235 314 366
bird 0.0034 400 177 433 208
bird 0.0024 241 236 349 301
bird 0.0012 223 222 354 371
cat 0.0060 240 232 317 302
cat 0.0060 241 235 314 366
dog 0.0139 241 235 311 287
dog 0.0065 241 235 314 366
dog 0.0011 399 177 433 208
horse 0.0018 241 235 314 366
horse 0.0011 240 235 311 287
sheep 0.1348 241 235 310 287
sheep 0.0068 241 235 312 361
sheep 0.0014 241 236 349 301
sheep 0.0012 399 177 433 208
cow 0.0069 241 235 311 287
cow 0.0010 241 235 314 366
