person 0.9794 116 14 367 332
person 0.3244 429 0 500 168
person 0.0149 479 -11 499 211
person 0.0099 440 -2 499 49
person 0.0078 429 7 501 319
person 0.0051 481 3 499 115
person 0.0044 485 55 500 220
person 0.0024 468 5 500 155
person 0.0018 0 -2 141 208
person 0.0018 142 -4 329 187
person 0.0017 195 147 285 289
person 0.0013 482 93 500 330
person 0.0012 474 28 500 285
person 0.0012 478 -3 499 51
person 0.0011 490 14 500 173
cat 0.0246 322 53 387 100
cat 0.0058 429 -3 500 167
cat 0.0030 485 101 500 221
cat 0.0019 479 1 499 159
cat 0.0013 484 76 500 316
dog 0.1369 322 53 387 100
dog 0.0487 429 0 500 168
dog 0.0104 485 82 500 268
dog 0.0054 482 -3 500 235
dog 0.0046 318 50 398 155
dog 0.0028 429 7 501 319
dog 0.0025 485 103 500 200
dog 0.0014 476 57 500 297
dog 0.0013 471 -11 500 174
dog 0.0012 481 3 499 115
chair 0.8970 0 0 142 230
chair 0.3132 97 10 347 334
chair 0.2360 103 1 334 185
chair 0.0199 150 0 297 45
chair 0.0134 142 -5 328 111
chair 0.0110 19 10 263 240
chair 0.0091 0 -3 137 120
chair 0.0086 429 0 500 168
chair 0.0084 145 -1 189 43
chair 0.0070 118 138 175 254
chair 0.0066 0 -1 55 165
chair 0.0055 0 -1 19 159
chair 0.0053 0 0 56 37
chair 0.0043 38 -1 147 51
chair 0.0042 479 -11 499 211
chair 0.0031 0 44 95 262
chair 0.0030 0 0 57 82
chair 0.0028 99 34 187 242
chair 0.0027 0 -10 7 140
chair 0.0026 440 -2 498 49
chair 0.0025 97 136 239 257
chair 0.0023 0 -12 14 289
chair 0.0022 485 55 500 220
chair 0.0021 0 0 52 19
chair 0.0020 481 3 499 115
chair 0.0019 99 0 147 50
chair 0.0017 148 0 225 36
chair 0.0016 195 -3 320 169
chair 0.0015 154 -1 198 22
chair 0.0015 213 0 276 38
chair 0.0014 -1 -16 26 218
chair 0.0011 51 9 197 190
chair 0.0010 482 93 500 330
chair 0.0010 -4 -1 273 104
chair 0.0010 67 20 143 214
sofa 0.0035 430 2 500 191
sofa 0.0034 479 -11 499 211
sofa 0.0020 142 -4 329 187
sofa 0.0014 115 30 362 325
sofa 0.0011 485 82 500 268
sofa 0.0010 440 -2 498 49
diningtable 0.0134 7 0 152 230
diningtable 0.0118 0 -1 55 165
diningtable 0.0062 103 1 334 185
diningtable 0.0057 0 0 56 37
diningtable 0.0046 19 10 263 240
diningtable 0.0037 152 0 321 46
diningtable 0.0024 0 0 57 82
diningtable 0.0024 94 10 355 334
diningtable 0.0018 142 -5 328 111
diningtable 0.0018 50 3 316 74
diningtable 0.0017 143 -1 193 44
diningtable 0.0014 -4 -1 273 104
tvmonitor 0.0012 4 0 57 19
