person 0.6051 61 177 67 188
person 0.6000 36 175 46 187
person 0.3353 68 176 75 186
person 0.2293 89 170 96 185
person 0.1869 31 175 40 187
person 0.0744 90 163 97 183
person 0.0484 97 174 103 185
person 0.0460 59 181 69 190
person 0.0303 48 176 56 185
person 0.0087 65 181 79 192
person 0.0083 36 164 87 194
person 0.0079 95 164 104 178
person 0.0076 34 183 49 192
person 0.0068 99 185 104 193
person 0.0049 225 153 231 170
person 0.0048 26 185 42 194
person 0.0042 28 174 44 189
person 0.0033 87 166 99 188
person 0.0033 73 178 84 185
person 0.0031 458 143 495 165
person 0.0031 65 167 75 176
person 0.0029 44 183 61 192
person 0.0026 461 145 471 161
person 0.0021 54 166 71 177
person 0.0021 44 176 82 198
person 0.0021 90 192 96 200
person 0.0018 54 170 86 191
person 0.0017 11 120 500 181
person 0.0015 39 166 46 177
person 0.0014 88 183 97 197
person 0.0013 -1 132 512 223
person 0.0010 84 158 101 186
aeroplane 0.0012 457 143 496 167
boat 0.9542 28 85 106 199
boat 0.9425 177 147 232 175
boat 0.7133 459 147 495 167
boat 0.0531 225 153 231 170
boat 0.0481 458 108 496 168
boat 0.0475 353 158 361 168
boat 0.0316 178 149 199 173
boat 0.0244 28 161 104 197
boat 0.0126 353 163 361 171
boat 0.0093 494 155 498 165
boat 0.0080 11 120 500 181
boat 0.0069 350 159 358 168
boat 0.0065 37 176 87 199
boat 0.0059 461 145 471 161
boat 0.0055 222 164 231 172
boat 0.0040 176 160 222 176
boat 0.0036 221 152 233 172
boat 0.0034 26 185 42 194
boat 0.0034 495 142 500 162
boat 0.0026 350 163 358 171
boat 0.0025 59 181 69 190
boat 0.0024 456 104 479 163
boat 0.0023 -1 132 512 223
boat 0.0023 178 161 197 175
boat 0.0023 3 13 506 186
boat 0.0022 458 148 477 167
boat 0.0021 46 169 79 193
boat 0.0019 198 151 230 173
boat 0.0017 351 155 364 170
boat 0.0017 177 165 182 173
boat 0.0015 95 164 104 178
boat 0.0013 11 181 98 196
boat 0.0012 469 144 497 161
boat 0.0012 197 163 232 174
boat 0.0011 228 155 236 169
