person 0.9925 343 3 441 265
person 0.9824 236 39 311 121
person 0.9505 1 1 129 280
person 0.9231 330 14 372 147
person 0.8460 167 48 221 111
person 0.2274 108 58 142 171
person 0.1877 0 23 31 294
person 0.0472 352 13 372 46
person 0.0441 242 291 405 372
person 0.0420 474 14 500 306
person 0.0396 97 67 147 215
person 0.0226 0 113 22 317
person 0.0215 0 33 25 126
person 0.0179 78 45 143 189
person 0.0135 331 8 391 211
person 0.0109 449 11 499 302
person 0.0094 109 109 143 213
person 0.0085 11 -2 152 171
person 0.0082 0 184 18 333
person 0.0077 139 64 213 156
person 0.0069 328 313 394 374
person 0.0066 -1 17 62 284
person 0.0061 296 7 346 123
person 0.0050 406 33 466 245
person 0.0048 329 63 355 141
person 0.0043 414 89 452 181
person 0.0039 0 97 27 228
person 0.0036 0 32 11 140
person 0.0035 0 110 8 254
person 0.0033 344 11 371 71
person 0.0032 6 52 36 149
person 0.0031 2 74 27 120
person 0.0031 133 78 148 111
person 0.0028 -2 89 98 301
person 0.0026 46 33 215 260
person 0.0026 133 96 206 214
person 0.0025 0 62 28 168
person 0.0024 114 70 167 165
person 0.0023 2 108 41 318
person 0.0023 488 21 500 94
person 0.0023 410 132 471 263
person 0.0022 0 32 23 66
person 0.0022 0 71 9 196
person 0.0021 105 269 158 378
person 0.0021 173 78 200 113
person 0.0019 13 123 127 272
person 0.0019 150 74 213 128
person 0.0018 326 93 489 287
person 0.0018 140 106 212 135
person 0.0018 141 45 263 157
person 0.0016 1 33 46 169
person 0.0016 72 -4 442 317
person 0.0016 163 57 236 134
person 0.0016 82 12 165 149
person 0.0013 131 74 160 124
person 0.0013 357 9 439 151
person 0.0012 274 45 315 123
person 0.0012 12 67 31 106
person 0.0012 477 155 500 314
person 0.0011 158 63 200 108
person 0.0011 107 41 136 132
person 0.0011 178 51 256 113
person 0.0010 288 76 311 122
person 0.0010 99 43 187 162
person 0.0010 161 43 387 275
bird 0.0021 242 291 405 372
cat 0.0211 242 291 405 372
dog 0.0193 245 285 400 375
sheep 0.0022 245 286 400 375
bottle 0.5661 70 266 105 335
bottle 0.1947 133 78 147 110
bottle 0.0258 134 77 145 97
bottle 0.0236 143 81 159 110
bottle 0.0192 148 82 163 108
bottle 0.0058 0 32 13 65
bottle 0.0047 15 79 29 97
bottle 0.0043 135 75 143 83
bottle 0.0042 178 82 193 108
bottle 0.0039 14 71 30 103
bottle 0.0038 142 80 153 93
bottle 0.0035 160 90 171 106
bottle 0.0026 149 82 163 93
bottle 0.0024 1 33 23 64
bottle 0.0024 133 94 146 113
bottle 0.0024 146 96 157 112
bottle 0.0024 172 191 187 231
bottle 0.0022 89 246 128 326
bottle 0.0016 2 74 27 121
bottle 0.0015 292 79 311 115
bottle 0.0014 0 46 8 67
bottle 0.0011 79 260 119 334
bottle 0.0011 74 268 94 288
bottle 0.0011 69 269 96 308
bottle 0.0010 169 84 189 107
bottle 0.0010 295 79 307 94
chair 0.4064 0 205 18 340
chair 0.1575 110 165 142 214
chair 0.1343 119 153 157 241
chair 0.1291 109 166 125 214
chair 0.0248 108 132 152 218
chair 0.0211 125 113 199 237
chair 0.0174 0 113 22 317
chair 0.0102 94 167 125 222
chair 0.0101 -1 189 16 291
chair 0.0096 124 165 149 216
chair 0.0088 132 148 185 247
chair 0.0075 0 227 10 385
chair 0.0067 113 131 144 176
chair 0.0062 120 125 155 197
chair 0.0054 83 162 178 267
chair 0.0050 21 106 154 281
chair 0.0049 108 161 119 210
chair 0.0045 213 79 239 115
chair 0.0034 103 175 148 250
chair 0.0029 82 173 128 249
chair 0.0029 145 122 191 204
chair 0.0025 126 138 150 169
chair 0.0025 0 117 11 286
chair 0.0023 415 95 449 176
chair 0.0023 329 199 350 243
chair 0.0022 148 82 163 108
chair 0.0021 214 95 235 115
chair 0.0019 120 183 141 216
chair 0.0018 112 210 144 260
chair 0.0017 104 164 121 236
chair 0.0017 124 148 151 177
chair 0.0017 143 81 159 110
chair 0.0016 54 145 158 255
chair 0.0016 107 259 158 378
chair 0.0016 115 102 165 222
chair 0.0016 0 207 12 271
chair 0.0016 414 167 475 262
chair 0.0015 0 231 10 306
chair 0.0014 86 141 132 219
chair 0.0014 154 150 180 215
chair 0.0014 0 261 16 395
chair 0.0013 144 129 173 237
chair 0.0013 2 169 41 291
chair 0.0013 475 58 500 332
chair 0.0013 0 290 4 344
chair 0.0012 76 216 86 250
chair 0.0011 133 78 148 111
chair 0.0011 477 195 500 312
chair 0.0011 406 33 466 245
chair 0.0011 97 67 147 215
chair 0.0011 137 108 212 137
chair 0.0011 159 151 200 240
chair 0.0011 211 98 225 115
chair 0.0011 0 221 53 375
chair 0.0011 117 153 142 193
chair 0.0010 130 167 166 250
chair 0.0010 151 111 204 174
sofa 0.0255 0 205 18 340
sofa 0.0073 0 113 22 317
sofa 0.0011 475 58 500 332
pottedplant 0.6304 158 95 388 293
pottedplant 0.2766 409 166 467 262
pottedplant 0.1011 296 7 346 123
pottedplant 0.0873 410 27 483 269
pottedplant 0.0202 52 95 460 356
pottedplant 0.0136 487 39 500 95
pottedplant 0.0136 410 49 475 175
pottedplant 0.0129 169 216 275 297
pottedplant 0.0103 342 -4 444 259
pottedplant 0.0102 474 14 500 306
pottedplant 0.0057 442 9 499 280
pottedplant 0.0055 411 155 446 249
pottedplant 0.0053 483 1 500 95
pottedplant 0.0049 413 126 461 240
pottedplant 0.0048 484 34 500 125
pottedplant 0.0047 359 132 469 264
pottedplant 0.0034 414 89 452 181
pottedplant 0.0027 326 93 489 287
pottedplant 0.0022 330 7 374 153
pottedplant 0.0021 104 162 324 306
pottedplant 0.0021 432 23 472 73
pottedplant 0.0020 0 33 25 126
pottedplant 0.0019 110 215 372 323
pottedplant 0.0015 239 40 307 121
pottedplant 0.0014 416 19 458 153
pottedplant 0.0014 476 36 499 98
pottedplant 0.0013 440 18 500 134
pottedplant 0.0012 200 244 269 299
pottedplant 0.0011 305 107 426 269
diningtable 0.7711 -2 225 493 370
diningtable 0.1751 132 106 205 136
diningtable 0.0544 110 215 372 323
diningtable 0.0375 133 96 206 214
diningtable 0.0360 52 95 460 356
diningtable 0.0218 143 97 192 115
diningtable 0.0200 147 98 383 294
diningtable 0.0180 133 109 204 161
diningtable 0.0172 141 107 194 123
diningtable 0.0167 105 269 158 378
diningtable 0.0163 133 87 202 121
diningtable 0.0101 139 64 213 156
diningtable 0.0099 85 245 131 329
diningtable 0.0063 1 240 187 373
diningtable 0.0056 70 266 105 343
diningtable 0.0037 158 98 175 112
diningtable 0.0037 418 284 499 356
diningtable 0.0036 136 113 183 135
diningtable 0.0034 0 203 17 377
diningtable 0.0034 9 5 153 277
diningtable 0.0033 97 56 248 250
diningtable 0.0033 150 74 213 128
diningtable 0.0032 145 122 191 204
diningtable 0.0031 146 96 169 114
diningtable 0.0023 97 67 147 215
diningtable 0.0022 63 235 187 319
diningtable 0.0020 147 82 164 109
diningtable 0.0020 47 235 279 356
diningtable 0.0020 161 101 195 113
diningtable 0.0019 302 293 497 368
diningtable 0.0018 304 278 419 323
diningtable 0.0016 155 104 218 124
diningtable 0.0016 110 134 166 245
diningtable 0.0014 153 133 183 153
diningtable 0.0013 155 117 199 169
diningtable 0.0013 144 94 159 113
diningtable 0.0013 109 72 175 164
diningtable 0.0013 144 299 252 352
diningtable 0.0013 138 92 163 115
diningtable 0.0012 173 99 200 113
diningtable 0.0011 120 100 179 128
diningtable 0.0010 133 78 148 111
diningtable 0.0010 81 249 169 303
tvmonitor 0.0036 183 -9 268 68
