person 0.9766 334 35 498 273
person 0.9590 215 38 382 234
person 0.9367 9 50 138 182
person 0.8345 429 62 484 121
person 0.8316 108 30 237 222
person 0.0227 -1 67 23 152
person 0.0151 436 54 499 155
person 0.0134 0 74 7 157
person 0.0109 0 55 13 120
person 0.0096 0 52 59 174
person 0.0082 463 59 501 117
person 0.0073 7 104 26 131
person 0.0065 444 69 500 269
person 0.0062 0 53 31 122
person 0.0061 58 34 367 237
person 0.0057 0 124 21 250
person 0.0051 0 101 5 151
person 0.0048 474 76 501 264
person 0.0046 449 93 499 163
person 0.0043 59 54 141 164
person 0.0041 0 199 24 256
person 0.0034 -2 107 59 258
person 0.0033 0 147 47 186
person 0.0033 0 111 24 188
person 0.0026 8 84 483 278
person 0.0026 0 155 52 218
person 0.0025 0 116 51 184
person 0.0025 -1 64 32 192
person 0.0025 -2 114 118 251
person 0.0023 0 129 9 160
person 0.0023 433 61 475 100
person 0.0023 0 89 31 287
person 0.0021 467 173 500 279
person 0.0020 0 136 6 155
person 0.0020 -1 43 256 250
person 0.0019 -1 180 107 271
person 0.0018 0 51 12 87
person 0.0017 6 77 36 138
person 0.0017 4 227 60 266
person 0.0016 0 211 53 250
person 0.0015 -2 213 69 277
person 0.0015 0 85 29 110
person 0.0014 4 102 39 151
person 0.0014 342 189 468 252
person 0.0014 0 166 8 203
person 0.0013 227 52 293 215
person 0.0013 487 97 500 138
person 0.0012 0 231 23 297
person 0.0012 0 237 9 282
person 0.0012 0 218 8 246
person 0.0012 463 61 501 202
person 0.0011 316 139 506 289
person 0.0011 0 152 9 196
person 0.0011 2 91 28 124
person 0.0011 -3 93 70 159
person 0.0011 0 134 10 174
person 0.0011 469 103 500 133
person 0.0011 0 260 6 282
person 0.0010 0 80 92 219
person 0.0010 0 225 10 256
person 0.0010 0 172 7 232
person 0.0010 0 69 26 107
bottle 0.0046 8 104 25 130
bottle 0.0041 127 181 165 249
bottle 0.0026 0 136 6 155
bottle 0.0024 0 112 4 157
bottle 0.0022 0 88 23 166
bottle 0.0021 0 91 5 141
bottle 0.0018 0 99 6 169
bottle 0.0018 5 135 24 152
bottle 0.0018 0 73 58 183
bottle 0.0014 0 171 6 198
bottle 0.0012 55 226 118 279
bottle 0.0011 0 74 29 141
bottle 0.0011 63 117 79 138
chair 0.0394 432 61 497 123
chair 0.0379 463 59 501 117
chair 0.0285 446 79 499 143
chair 0.0111 8 104 25 130
chair 0.0107 439 62 500 225
chair 0.0100 0 150 46 181
chair 0.0094 454 103 499 134
chair 0.0079 -1 67 23 152
chair 0.0065 115 60 145 120
chair 0.0056 0 94 6 159
chair 0.0051 195 52 234 93
chair 0.0050 465 81 501 179
chair 0.0042 370 47 498 286
chair 0.0039 5 135 24 152
chair 0.0038 126 86 148 124
chair 0.0030 474 76 501 264
chair 0.0021 468 106 500 144
chair 0.0020 0 52 58 174
chair 0.0019 0 112 4 157
chair 0.0019 0 155 52 218
chair 0.0019 216 195 229 211
chair 0.0017 0 116 51 184
chair 0.0016 0 136 6 155
chair 0.0016 4 102 39 151
chair 0.0015 104 66 150 151
chair 0.0015 210 197 227 212
chair 0.0014 489 100 500 134
chair 0.0014 320 118 342 135
chair 0.0012 103 53 137 119
chair 0.0012 0 127 24 209
chair 0.0012 0 62 9 152
chair 0.0012 122 77 143 118
chair 0.0011 216 203 231 221
chair 0.0011 2 91 28 124
chair 0.0010 317 117 328 134
chair 0.0010 73 55 134 128
chair 0.0010 0 160 7 188
sofa 0.0441 432 61 498 123
sofa 0.0314 446 79 499 143
sofa 0.0165 463 59 501 117
sofa 0.0142 439 62 500 225
sofa 0.0053 362 35 496 272
sofa 0.0044 465 81 501 179
sofa 0.0023 474 76 501 264
sofa 0.0018 454 102 499 134
sofa 0.0016 421 49 494 156
pottedplant 0.0043 102 39 143 107
diningtable 0.3495 13 160 476 279
diningtable 0.0462 0 162 246 277
diningtable 0.0128 -1 180 107 271
diningtable 0.0104 214 217 392 277
diningtable 0.0078 32 219 142 283
diningtable 0.0075 59 215 287 281
diningtable 0.0061 122 175 168 252
diningtable 0.0058 97 198 136 249
diningtable 0.0048 5 99 196 266
diningtable 0.0044 73 189 171 261
diningtable 0.0040 1 148 46 184
diningtable 0.0038 162 207 431 286
diningtable 0.0037 36 171 57 212
diningtable 0.0037 0 116 51 184
diningtable 0.0036 -2 107 59 258
diningtable 0.0034 -2 114 118 251
diningtable 0.0033 -13 189 363 297
diningtable 0.0028 5 221 110 274
diningtable 0.0026 0 155 52 218
diningtable 0.0025 13 242 479 334
diningtable 0.0024 -8 83 368 275
diningtable 0.0023 0 239 56 286
diningtable 0.0020 4 227 60 266
diningtable 0.0020 89 198 272 261
diningtable 0.0020 3 184 39 199
diningtable 0.0019 0 63 56 199
diningtable 0.0018 0 135 87 207
diningtable 0.0016 393 256 477 279
diningtable 0.0016 2 142 44 169
diningtable 0.0015 4 208 89 253
diningtable 0.0015 39 197 208 287
diningtable 0.0014 5 167 167 252
diningtable 0.0014 57 228 117 287
diningtable 0.0014 94 199 130 228
diningtable 0.0014 0 231 23 297
diningtable 0.0014 33 185 71 230
diningtable 0.0013 189 231 239 270
diningtable 0.0013 0 198 490 374
diningtable 0.0013 0 176 65 209
diningtable 0.0012 30 166 64 219
diningtable 0.0012 0 201 63 296
diningtable 0.0011 455 104 499 131
diningtable 0.0011 0 270 51 305
diningtable 0.0011 42 163 164 215
diningtable 0.0010 0 111 24 188
diningtable 0.0010 0 257 28 282
tvmonitor 0.0108 288 37 330 68
tvmonitor 0.0034 456 61 499 114
tvmonitor 0.0034 300 0 363 66
tvmonitor 0.0011 455 104 499 131
