person 0.9674 120 95 240 312
person 0.7342 300 262 317 321
person 0.0181 290 264 316 338
person 0.0040 120 98 220 225
person 0.0024 300 270 316 363
person 0.0012 218 470 240 480
car 0.0158 83 175 257 497
car 0.0074 0 436 313 480
car 0.0073 0 376 311 479
car 0.0029 3 460 296 480
car 0.0015 21 283 295 483
car 0.0012 1 440 171 480
horse 0.9777 90 162 251 474
horse 0.5145 249 296 316 358
horse 0.1092 242 299 316 418
horse 0.0090 185 256 271 437
horse 0.0049 229 309 296 443
horse 0.0034 232 287 289 397
horse 0.0028 269 315 316 400
horse 0.0023 286 311 317 361
horse 0.0023 222 253 254 355
horse 0.0017 292 270 315 366
horse 0.0014 220 236 317 400
horse 0.0011 171 299 302 464
horse 0.0010 103 295 263 462
horse 0.0010 241 284 280 367
