person 0.5840 0 101 21 369
person 0.0335 264 138 299 180
person 0.0203 0 104 49 365
person 0.0112 0 45 13 314
person 0.0103 338 140 383 181
person 0.0058 0 130 8 252
person 0.0050 0 147 10 312
person 0.0024 368 112 373 118
person 0.0020 150 109 470 356
person 0.0017 339 161 379 179
person 0.0013 495 102 500 112
person 0.0013 442 104 451 109
person 0.0012 294 135 337 177
person 0.0010 0 175 13 364
car 0.9980 146 112 445 352
car 0.2885 146 121 211 235
car 0.2639 442 104 451 109
car 0.0147 454 104 461 109
car 0.0123 433 105 444 109
car 0.0106 495 102 500 112
car 0.0096 404 102 411 108
car 0.0095 461 104 471 109
car 0.0085 481 103 491 111
car 0.0069 496 109 500 117
car 0.0047 472 104 480 110
car 0.0032 423 105 434 110
car 0.0021 401 112 412 120
car 0.0020 392 112 406 121
car 0.0016 147 169 206 232
car 0.0015 138 123 277 232
car 0.0013 378 101 386 110
car 0.0012 413 105 423 110
motorbike 0.0012 0 133 20 367
bird 0.0018 325 51 331 58
dog 0.0181 127 180 147 200
sheep 0.0118 127 180 147 200
cow 0.0249 127 180 147 200
