person 0.9725 163 198 187 256
person 0.7494 147 203 157 225
person 0.2985 147 200 158 215
person 0.2083 1 35 61 377
person 0.1358 156 201 164 211
person 0.1047 165 199 179 212
person 0.0731 171 194 179 206
person 0.0676 0 164 17 361
person 0.0565 160 210 170 224
person 0.0331 175 198 186 210
person 0.0230 162 204 185 228
person 0.0132 161 197 185 217
person 0.0128 0 41 57 208
person 0.0116 174 194 184 206
person 0.0116 0 82 19 323
person 0.0114 0 159 20 275
person 0.0101 -2 23 139 494
person 0.0061 145 197 164 221
person 0.0056 0 107 81 488
person 0.0051 -6 21 29 381
person 0.0043 171 196 188 215
person 0.0042 152 198 172 217
person 0.0033 168 192 182 208
person 0.0028 172 205 188 227
person 0.0022 0 43 23 195
person 0.0021 138 194 148 202
person 0.0020 154 203 172 227
person 0.0020 12 148 60 212
person 0.0019 132 194 137 204
person 0.0019 128 204 137 211
person 0.0018 -4 112 24 479
person 0.0017 144 191 162 205
person 0.0016 102 210 109 216
person 0.0015 142 202 151 211
person 0.0014 0 137 44 459
person 0.0014 109 206 118 212
person 0.0012 121 203 131 212
person 0.0012 157 193 168 206
person 0.0012 103 206 110 213
person 0.0012 185 200 194 207
person 0.0010 232 196 243 219
bicycle 0.5323 166 228 182 265
bicycle 0.1520 164 202 188 265
bicycle 0.0786 148 219 157 225
bicycle 0.0188 147 203 157 225
bicycle 0.0077 -1 481 89 500
bicycle 0.0072 160 210 170 224
bicycle 0.0055 162 217 169 227
bicycle 0.0046 170 260 193 268
bicycle 0.0043 171 237 186 268
bicycle 0.0039 169 258 181 267
bicycle 0.0026 146 211 159 234
bicycle 0.0019 164 233 189 270
bicycle 0.0013 156 201 164 211
bicycle 0.0010 -3 479 164 500
car 0.1337 339 191 374 222
car 0.0451 -1 481 89 500
car 0.0052 147 200 158 215
car 0.0047 194 210 211 223
car 0.0028 349 191 375 208
car 0.0025 102 210 109 216
car 0.0024 156 201 164 211
car 0.0023 175 198 186 210
car 0.0022 -3 479 164 500
car 0.0021 165 199 179 212
car 0.0017 176 208 187 225
car 0.0014 160 210 170 224
car 0.0014 103 206 110 213
car 0.0013 85 201 93 211
car 0.0013 147 203 157 225
car 0.0012 163 207 184 226
motorbike 0.1880 147 203 157 225
motorbike 0.0226 148 219 157 225
motorbike 0.0224 160 210 170 224
motorbike 0.0112 164 202 188 265
motorbike 0.0061 156 201 164 211
motorbike 0.0038 147 200 158 215
motorbike 0.0033 -1 481 89 500
motorbike 0.0025 166 228 182 265
motorbike 0.0017 165 199 179 212
motorbike 0.0010 162 217 169 227
motorbike 0.0010 -3 479 164 500
dog 0.0035 166 228 182 265
dog 0.0010 1 35 61 377
chair 0.0036 0 483 79 501
