person 0.0013 190 317 344 359
person 0.0010 474 69 479 170
car 0.0161 455 161 479 209
car 0.0025 418 90 480 201
car 0.0014 7 33 40 45
car 0.0011 0 240 8 293
car 0.0010 418 106 480 135
chair 0.5772 197 91 295 213
chair 0.0228 432 283 479 359
chair 0.0225 420 104 480 161
chair 0.0201 146 84 346 259
chair 0.0163 199 95 254 181
chair 0.0150 212 138 321 208
chair 0.0127 8 12 469 356
chair 0.0126 454 160 480 213
chair 0.0116 418 39 481 179
chair 0.0109 452 98 481 210
chair 0.0109 196 40 236 181
chair 0.0107 255 91 367 208
chair 0.0103 360 284 476 356
chair 0.0097 197 306 348 359
chair 0.0097 449 297 480 363
chair 0.0069 447 231 481 359
chair 0.0064 418 120 480 225
chair 0.0059 203 97 285 161
chair 0.0053 192 49 274 178
chair 0.0036 475 87 480 117
chair 0.0032 211 42 228 100
chair 0.0026 272 154 344 197
chair 0.0023 474 69 480 115
chair 0.0022 476 95 479 123
chair 0.0021 0 292 44 351
chair 0.0019 203 116 266 219
chair 0.0019 209 141 262 200
chair 0.0018 0 164 20 291
chair 0.0017 276 143 345 170
chair 0.0017 272 310 413 358
chair 0.0017 446 61 481 172
chair 0.0016 106 104 159 153
chair 0.0016 468 105 480 208
chair 0.0015 421 -1 480 124
chair 0.0015 389 307 478 360
chair 0.0014 93 41 168 153
chair 0.0013 292 148 311 162
chair 0.0012 0 248 28 342
chair 0.0012 469 286 480 360
chair 0.0011 0 239 8 295
chair 0.0011 261 42 364 174
chair 0.0010 282 147 319 166
chair 0.0010 473 81 480 176
chair 0.0010 253 104 364 153
chair 0.0010 239 322 355 358
sofa 0.0157 197 306 348 359
sofa 0.0071 432 283 479 359
sofa 0.0066 447 231 481 359
sofa 0.0044 418 90 480 201
sofa 0.0017 449 297 480 363
sofa 0.0014 360 284 476 356
pottedplant 0.9448 261 47 357 107
pottedplant 0.7747 7 45 44 85
pottedplant 0.7492 0 73 54 275
pottedplant 0.6770 75 169 135 251
pottedplant 0.6207 103 141 208 207
pottedplant 0.5482 343 133 408 197
pottedplant 0.4492 297 234 478 349
pottedplant 0.3944 0 281 51 351
pottedplant 0.3899 42 213 91 280
pottedplant 0.3867 386 188 438 224
pottedplant 0.3654 309 152 344 193
pottedplant 0.3358 58 31 121 240
pottedplant 0.3106 413 185 459 226
pottedplant 0.3052 24 49 56 85
pottedplant 0.2960 53 244 206 353
pottedplant 0.2772 4 294 155 356
pottedplant 0.2646 6 47 26 83
pottedplant 0.2492 409 140 462 198
pottedplant 0.2165 431 224 480 355
pottedplant 0.2073 205 134 294 209
pottedplant 0.2009 347 244 447 351
pottedplant 0.1720 -1 246 29 315
pottedplant 0.1718 253 201 379 328
pottedplant 0.1661 0 243 157 361
pottedplant 0.1578 225 152 281 199
pottedplant 0.1562 258 136 368 211
pottedplant 0.1136 42 203 84 249
pottedplant 0.1092 0 237 52 330
pottedplant 0.1077 270 155 295 178
pottedplant 0.0976 74 233 322 356
pottedplant 0.0898 301 140 384 198
pottedplant 0.0827 1 304 90 359
pottedplant 0.0827 267 155 295 196
pottedplant 0.0800 420 104 480 161
pottedplant 0.0745 0 239 8 295
pottedplant 0.0698 -29 74 446 359
pottedplant 0.0689 106 159 172 214
pottedplant 0.0675 262 150 348 196
pottedplant 0.0562 207 235 347 351
pottedplant 0.0511 0 308 47 359
pottedplant 0.0494 252 153 318 192
pottedplant 0.0487 0 255 28 282
pottedplant 0.0485 146 84 346 259
pottedplant 0.0485 44 227 117 288
pottedplant 0.0462 108 298 292 357
pottedplant 0.0431 197 306 348 359
pottedplant 0.0412 313 168 342 195
pottedplant 0.0404 74 151 169 230
pottedplant 0.0398 413 152 443 215
pottedplant 0.0388 239 156 265 193
pottedplant 0.0376 2 272 56 321
pottedplant 0.0365 185 298 235 342
pottedplant 0.0344 60 47 182 232
pottedplant 0.0330 455 161 479 209
pottedplant 0.0318 0 210 48 280
pottedplant 0.0313 240 155 263 176
pottedplant 0.0309 1 30 100 264
pottedplant 0.0290 354 131 409 168
pottedplant 0.0280 327 287 466 358
pottedplant 0.0275 408 197 434 226
pottedplant 0.0270 37 50 60 82
pottedplant 0.0264 383 143 455 227
pottedplant 0.0258 0 73 27 220
pottedplant 0.0252 385 158 473 256
pottedplant 0.0235 59 248 142 318
pottedplant 0.0234 106 104 159 153
pottedplant 0.0233 244 111 452 246
pottedplant 0.0231 453 216 480 313
pottedplant 0.0226 144 95 157 108
pottedplant 0.0219 0 267 30 343
pottedplant 0.0217 133 172 168 211
pottedplant 0.0217 0 232 28 287
pottedplant 0.0205 418 27 480 165
pottedplant 0.0199 211 143 260 199
pottedplant 0.0198 155 182 411 341
pottedplant 0.0193 278 253 403 337
pottedplant 0.0189 88 305 149 359
pottedplant 0.0188 66 40 110 164
pottedplant 0.0186 76 124 102 189
pottedplant 0.0185 381 188 407 219
pottedplant 0.0182 302 162 347 204
pottedplant 0.0181 227 149 263 183
pottedplant 0.0180 292 200 347 247
pottedplant 0.0176 261 42 364 174
pottedplant 0.0176 93 41 168 153
pottedplant 0.0176 452 98 481 210
pottedplant 0.0171 404 165 453 224
pottedplant 0.0170 0 252 9 319
pottedplant 0.0162 220 250 280 316
pottedplant 0.0155 15 74 72 232
pottedplant 0.0150 355 161 392 202
pottedplant 0.0147 422 147 479 225
pottedplant 0.0145 84 127 104 166
pottedplant 0.0143 11 62 31 82
pottedplant 0.0141 249 151 295 179
pottedplant 0.0139 238 154 327 214
pottedplant 0.0138 214 83 494 356
pottedplant 0.0135 141 301 239 360
pottedplant 0.0134 278 77 339 109
pottedplant 0.0127 454 153 480 254
diningtable 0.0355 258 136 368 211
diningtable 0.0123 262 150 348 196
diningtable 0.0032 258 48 353 214
diningtable 0.0030 224 107 404 242
diningtable 0.0025 420 104 480 161
diningtable 0.0012 253 104 364 153
diningtable 0.0010 453 105 479 209
