person 0.0958 233 87 256 102
person 0.0665 233 86 256 124
person 0.0127 280 80 292 108
person 0.0042 249 20 490 266
person 0.0036 266 97 281 109
person 0.0031 492 76 499 90
person 0.0021 414 64 428 78
person 0.0012 401 62 434 104
person 0.0012 268 80 295 115
person 0.0011 492 110 499 156
person 0.0010 267 136 279 151
person 0.0010 0 93 7 151
bicycle 0.0277 56 56 270 143
bicycle 0.0017 233 91 256 130
bicycle 0.0015 101 55 227 108
bicycle 0.0014 15 59 282 260
car 0.3427 0 68 100 212
car 0.1021 4 60 280 216
car 0.0348 491 120 500 164
car 0.0115 139 66 281 174
car 0.0075 475 63 499 84
car 0.0043 492 108 500 139
car 0.0031 161 87 271 135
car 0.0023 483 101 500 170
car 0.0016 88 56 272 142
car 0.0015 230 17 494 271
car 0.0013 474 60 500 103
car 0.0011 87 68 412 178
motorbike 0.9959 242 41 484 278
motorbike 0.9728 15 59 282 260
motorbike 0.0130 70 57 264 141
motorbike 0.0023 139 66 281 174
motorbike 0.0012 104 128 186 224
motorbike 0.0011 72 71 419 246
motorbike 0.0011 78 81 214 237
bus 0.0125 0 68 100 212
bus 0.0107 4 60 280 216
bus 0.0024 492 110 499 156
bus 0.0019 491 57 500 168
bus 0.0016 483 64 499 167
bottle 0.0014 233 87 255 102
pottedplant 0.0080 233 87 255 102
pottedplant 0.0015 233 86 256 124
