person 0.9860 20 0 61 79
person 0.0285 13 36 28 81
person 0.0083 176 47 224 82
person 0.0065 493 46 499 69
person 0.0061 138 45 177 69
person 0.0051 0 49 4 85
person 0.0043 464 43 501 70
person 0.0030 10 32 24 64
person 0.0030 491 30 500 44
person 0.0028 199 43 233 80
person 0.0028 492 34 500 62
person 0.0024 136 37 187 79
person 0.0023 47 18 60 41
person 0.0022 0 38 5 97
person 0.0020 11 31 36 85
person 0.0019 6 11 26 80
person 0.0017 460 39 472 54
person 0.0014 22 16 43 43
person 0.0014 12 19 35 57
person 0.0011 0 1 6 96
person 0.0010 30 14 513 306
person 0.0010 42 17 63 56
car 0.9992 1 14 496 306
car 0.6392 392 36 500 184
car 0.0219 457 43 500 70
car 0.0147 370 37 501 278
car 0.0037 492 136 500 287
car 0.0036 492 34 500 62
car 0.0028 491 30 500 44
car 0.0025 493 46 499 69
car 0.0021 397 39 499 84
car 0.0018 440 38 498 168
car 0.0013 14 0 58 82
car 0.0012 0 49 4 85
car 0.0012 469 36 499 63
car 0.0011 485 108 500 323
bus 0.0025 396 33 500 279
pottedplant 0.0026 296 21 325 72
