person 0.9298 127 125 163 187
person 0.8392 255 138 277 170
person 0.7562 179 128 211 187
person 0.4903 205 131 225 185
person 0.2107 253 140 277 206
person 0.1380 471 183 477 204
person 0.0621 180 130 208 162
person 0.0616 367 171 374 197
person 0.0460 412 181 422 204
person 0.0358 470 183 477 220
person 0.0282 131 127 161 163
person 0.0265 191 129 223 187
person 0.0145 178 135 215 219
person 0.0117 93 176 105 218
person 0.0103 199 132 218 181
person 0.0053 489 175 496 191
person 0.0052 290 160 300 172
person 0.0049 125 123 172 231
person 0.0045 202 132 212 145
person 0.0039 135 129 177 200
person 0.0036 411 181 421 226
person 0.0034 172 120 227 196
person 0.0032 274 162 298 210
person 0.0032 286 159 301 195
person 0.0029 261 145 294 205
person 0.0025 179 129 200 152
person 0.0024 178 138 199 193
person 0.0023 215 146 264 206
person 0.0021 368 171 373 183
person 0.0019 108 128 316 204
person 0.0018 94 175 103 199
person 0.0018 112 118 199 196
person 0.0017 226 162 253 216
person 0.0016 296 161 302 170
person 0.0015 264 141 279 189
person 0.0012 204 163 226 212
person 0.0010 157 145 175 190
horse 0.9587 227 162 252 215
horse 0.9468 123 157 167 221
horse 0.9306 177 155 217 219
horse 0.8226 251 162 277 208
horse 0.7242 274 163 298 209
horse 0.3754 153 161 175 220
horse 0.3321 205 156 225 215
horse 0.1213 204 133 225 197
horse 0.0495 125 126 166 202
horse 0.0224 293 188 305 206
horse 0.0191 281 180 303 209
horse 0.0163 175 132 206 204
horse 0.0158 190 135 222 218
horse 0.0147 158 160 174 190
horse 0.0102 178 156 197 214
horse 0.0084 201 158 217 213
horse 0.0071 261 145 294 205
horse 0.0063 281 157 303 199
horse 0.0062 139 133 177 220
horse 0.0062 293 163 305 207
horse 0.0060 185 158 208 211
horse 0.0059 254 136 277 197
horse 0.0053 113 145 182 228
horse 0.0052 93 179 106 224
horse 0.0045 223 148 257 204
horse 0.0032 144 143 172 199
horse 0.0031 215 150 230 202
horse 0.0030 128 166 152 220
horse 0.0028 266 164 280 206
horse 0.0028 208 160 239 212
horse 0.0023 136 161 162 207
horse 0.0019 217 162 229 191
horse 0.0019 247 169 264 202
horse 0.0018 131 150 284 223
horse 0.0018 161 128 218 212
horse 0.0017 166 154 192 215
horse 0.0016 213 150 307 223
horse 0.0012 225 162 249 191
horse 0.0012 231 146 279 206
horse 0.0011 172 124 308 215
horse 0.0011 290 160 300 172
sheep 0.0155 276 163 303 209
sheep 0.0056 252 162 276 208
sheep 0.0053 227 162 252 215
sheep 0.0017 293 188 305 206
cow 0.0858 276 163 303 209
cow 0.0499 226 165 251 217
cow 0.0455 252 162 276 208
cow 0.0150 293 188 305 206
cow 0.0030 282 181 303 208
cow 0.0013 204 163 226 212
cow 0.0011 177 152 216 217
cow 0.0010 126 160 170 222
