person 0.9246 40 177 323 366
person 0.0767 0 201 63 330
person 0.0246 0 183 32 325
person 0.0201 68 176 221 332
person 0.0139 136 225 306 365
person 0.0125 -1 169 65 268
person 0.0076 60 286 340 372
person 0.0051 0 197 47 285
person 0.0040 0 181 102 354
person 0.0040 119 276 245 358
person 0.0036 0 132 25 263
person 0.0036 26 241 459 369
person 0.0024 80 217 246 367
person 0.0021 0 125 18 190
person 0.0021 0 238 25 344
person 0.0014 0 207 9 330
person 0.0014 0 115 12 173
person 0.0013 142 173 170 190
person 0.0011 146 232 255 319
person 0.0010 0 201 11 280
bicycle 0.0011 43 176 359 368
boat 0.8677 3 119 496 254
boat 0.2446 67 229 343 372
boat 0.1729 6 280 399 374
boat 0.0110 -13 216 506 371
boat 0.0071 7 144 411 321
boat 0.0047 0 236 183 373
boat 0.0047 0 181 102 354
boat 0.0045 75 307 485 369
boat 0.0028 28 178 258 366
boat 0.0021 8 301 166 373
boat 0.0020 121 323 397 374
boat 0.0012 1 172 241 262
boat 0.0010 0 320 325 375
bird 0.0161 142 173 170 190
dog 0.0023 0 201 63 330
dog 0.0011 143 173 170 189
horse 0.0149 0 168 63 301
horse 0.0080 0 245 61 336
horse 0.0041 0 289 169 376
horse 0.0025 0 197 47 285
horse 0.0024 0 181 102 354
horse 0.0021 17 177 334 368
horse 0.0019 0 183 32 325
horse 0.0018 1 213 172 371
horse 0.0014 0 322 136 376
sheep 0.0038 0 293 134 375
sheep 0.0023 0 325 98 374
sheep 0.0013 0 177 66 265
sheep 0.0010 0 239 60 347
cow 0.0036 0 177 66 265
