person 0.9943 189 66 283 282
person 0.0039 -3 196 115 307
bicycle 0.0011 0 42 45 161
bottle 0.3065 339 167 348 189
bottle 0.2267 351 165 363 192
bottle 0.1972 368 152 389 193
bottle 0.1928 344 158 362 189
bottle 0.1255 362 166 373 194
bottle 0.0700 360 150 377 194
bottle 0.0450 337 157 350 188
bottle 0.0352 68 161 76 181
bottle 0.0321 178 68 278 279
bottle 0.0314 361 150 373 170
bottle 0.0299 355 140 369 163
bottle 0.0238 314 128 328 152
bottle 0.0221 371 153 386 169
bottle 0.0211 335 152 344 171
bottle 0.0198 341 103 362 125
bottle 0.0163 356 145 370 174
bottle 0.0157 302 80 319 105
bottle 0.0144 337 152 365 191
bottle 0.0144 333 128 348 154
bottle 0.0143 322 138 336 168
bottle 0.0137 38 161 45 181
bottle 0.0129 352 125 366 141
bottle 0.0125 330 103 347 122
bottle 0.0122 310 107 330 124
bottle 0.0121 342 139 359 163
bottle 0.0119 334 139 346 165
bottle 0.0114 353 135 368 152
bottle 0.0113 351 91 365 114
bottle 0.0113 342 130 357 153
bottle 0.0110 67 297 94 332
bottle 0.0109 333 123 348 142
bottle 0.0108 330 167 337 178
bottle 0.0108 315 139 332 167
bottle 0.0101 343 92 360 114
bottle 0.0094 325 132 339 150
bottle 0.0093 125 154 138 168
bottle 0.0089 69 155 77 172
bottle 0.0081 337 123 364 142
bottle 0.0081 303 69 316 101
bottle 0.0073 351 100 365 125
bottle 0.0070 339 110 363 132
bottle 0.0070 343 151 359 171
bottle 0.0070 123 123 140 164
bottle 0.0067 366 129 374 155
bottle 0.0060 364 120 373 146
bottle 0.0059 366 0 391 22
bottle 0.0059 332 115 348 132
bottle 0.0051 168 147 175 159
bottle 0.0050 350 111 367 134
bottle 0.0050 372 182 388 197
bottle 0.0049 323 104 341 123
bottle 0.0047 312 121 331 148
bottle 0.0045 327 124 339 144
bottle 0.0043 338 127 363 158
bottle 0.0039 343 89 359 104
bottle 0.0039 358 138 375 169
bottle 0.0036 65 159 81 184
bottle 0.0036 362 89 374 115
bottle 0.0034 341 146 362 177
bottle 0.0034 363 183 377 195
bottle 0.0034 331 96 346 113
bottle 0.0033 131 154 142 166
bottle 0.0033 342 43 354 71
bottle 0.0031 183 142 197 161
bottle 0.0030 46 124 56 164
bottle 0.0030 354 0 390 28
bottle 0.0029 326 113 340 130
bottle 0.0028 299 81 309 103
bottle 0.0028 386 0 396 16
bottle 0.0028 350 130 371 157
bottle 0.0027 299 73 310 97
bottle 0.0027 349 119 369 144
bottle 0.0026 338 41 349 72
bottle 0.0026 351 88 364 104
bottle 0.0025 189 150 202 171
bottle 0.0024 186 140 202 167
bottle 0.0024 333 113 369 164
bottle 0.0023 321 131 356 179
bottle 0.0023 320 128 342 155
bottle 0.0023 315 87 327 102
bottle 0.0022 304 116 335 165
bottle 0.0021 351 65 363 89
bottle 0.0019 115 128 140 173
bottle 0.0018 37 159 49 184
bottle 0.0018 39 173 53 187
bottle 0.0017 334 133 371 185
bottle 0.0017 0 173 5 190
bottle 0.0017 331 93 369 143
bottle 0.0016 334 146 349 176
bottle 0.0015 317 152 360 192
bottle 0.0015 304 114 320 125
bottle 0.0014 38 152 46 174
bottle 0.0014 313 108 361 169
bottle 0.0013 292 109 309 122
bottle 0.0013 384 169 395 194
bottle 0.0013 328 173 339 184
bottle 0.0013 310 166 329 175
bottle 0.0013 64 9 417 258
bottle 0.0012 55 287 107 325
bottle 0.0012 190 139 199 147
chair 0.9602 0 202 120 284
chair 0.9401 243 205 387 312
chair 0.9286 327 231 503 332
chair 0.0537 237 274 369 309
chair 0.0527 0 291 24 331
chair 0.0244 13 276 124 316
chair 0.0232 0 206 22 333
chair 0.0113 0 296 12 332
chair 0.0098 0 293 58 332
chair 0.0083 0 208 10 343
chair 0.0069 490 238 500 335
chair 0.0060 0 319 24 332
chair 0.0060 477 245 500 330
chair 0.0056 14 262 171 329
chair 0.0042 0 199 54 343
chair 0.0041 299 209 382 288
chair 0.0037 0 313 12 334
chair 0.0029 221 281 375 328
chair 0.0028 0 328 25 335
chair 0.0027 0 308 68 338
chair 0.0023 332 315 458 329
chair 0.0021 18 300 71 331
chair 0.0021 0 263 7 329
chair 0.0019 -19 231 203 332
chair 0.0019 0 257 53 328
chair 0.0019 67 297 94 332
chair 0.0014 126 179 369 307
chair 0.0013 8 267 119 289
chair 0.0013 0 192 11 287
chair 0.0012 4 260 159 292
chair 0.0012 57 293 110 333
chair 0.0011 43 251 448 331
chair 0.0011 0 326 12 339
sofa 0.0023 7 231 319 351
pottedplant 0.1713 311 -1 346 76
pottedplant 0.0159 304 -1 366 107
pottedplant 0.0157 72 115 100 168
pottedplant 0.0082 296 -2 373 180
pottedplant 0.0047 331 93 369 143
pottedplant 0.0035 118 119 141 166
pottedplant 0.0031 85 118 118 166
pottedplant 0.0031 109 126 130 161
pottedplant 0.0026 70 131 92 170
pottedplant 0.0024 101 127 121 160
pottedplant 0.0024 333 113 369 164
pottedplant 0.0023 356 0 391 28
pottedplant 0.0020 79 135 100 168
pottedplant 0.0017 304 84 369 159
pottedplant 0.0016 89 124 110 161
pottedplant 0.0016 66 129 82 173
pottedplant 0.0016 309 47 337 83
pottedplant 0.0014 57 122 114 183
pottedplant 0.0011 338 100 365 127
pottedplant 0.0010 309 29 351 99
pottedplant 0.0010 313 108 361 169
diningtable 0.6734 0 248 348 337
diningtable 0.0604 50 259 276 319
diningtable 0.0407 364 175 501 328
diningtable 0.0398 -3 196 115 307
diningtable 0.0271 1 156 351 342
diningtable 0.0257 65 289 255 327
diningtable 0.0078 112 257 206 292
diningtable 0.0066 18 290 192 330
diningtable 0.0064 16 280 128 315
diningtable 0.0046 16 268 125 288
diningtable 0.0038 0 166 123 245
diningtable 0.0035 57 293 110 333
diningtable 0.0034 16 271 128 301
diningtable 0.0028 261 273 378 314
diningtable 0.0024 189 72 284 306
diningtable 0.0024 3 177 129 204
diningtable 0.0022 -1 175 60 333
diningtable 0.0021 17 184 65 199
diningtable 0.0018 271 229 462 327
diningtable 0.0017 1 152 126 202
diningtable 0.0015 236 241 372 319
diningtable 0.0015 67 297 94 332
diningtable 0.0011 -18 243 437 389
diningtable 0.0011 368 158 500 243
diningtable 0.0010 92 294 191 328
diningtable 0.0010 -1 186 85 208
tvmonitor 0.0015 0 42 45 161
