person 0.9535 330 291 344 373
person 0.9132 7 269 20 303
person 0.6609 297 347 329 391
person 0.0297 310 348 331 372
person 0.0173 10 268 20 282
person 0.0103 1 287 8 300
person 0.0072 326 299 341 364
person 0.0062 18 267 24 299
person 0.0062 296 320 330 386
person 0.0058 19 283 26 303
person 0.0054 18 263 23 286
person 0.0032 294 352 316 388
person 0.0032 326 299 336 325
person 0.0029 9 263 21 288
person 0.0027 307 333 333 372
person 0.0026 0 261 7 271
person 0.0022 299 364 322 391
person 0.0022 20 292 26 309
person 0.0021 15 264 26 303
person 0.0021 0 260 9 286
person 0.0021 12 259 20 274
person 0.0020 332 292 344 334
person 0.0019 1 270 10 300
person 0.0014 18 260 22 272
person 0.0012 17 274 28 312
person 0.0012 333 290 343 315
person 0.0011 322 332 336 369
person 0.0010 320 349 335 372
person 0.0010 312 296 335 368
bicycle 0.0088 7 273 20 306
bicycle 0.0012 6 296 19 305
car 0.0463 4 232 20 242
car 0.0169 0 232 13 241
car 0.0035 0 261 7 271
car 0.0027 1 287 8 300
car 0.0017 10 268 20 282
car 0.0015 1 235 21 247
car 0.0010 0 260 9 286
motorbike 0.0043 7 273 20 306
train 0.9818 16 12 324 436
train 0.0012 54 29 292 245
boat 0.0131 4 232 20 242
boat 0.0076 0 232 13 241
