person 0.5019 165 109 215 201
person 0.4450 127 135 165 229
person 0.0432 182 140 211 213
person 0.0301 216 154 251 190
person 0.0233 130 137 166 173
person 0.0112 96 106 249 265
person 0.0096 163 132 231 222
person 0.0078 0 184 7 258
person 0.0074 8 85 493 310
person 0.0073 492 109 500 273
person 0.0054 1 167 33 277
person 0.0052 169 110 220 163
person 0.0049 160 112 274 201
person 0.0049 40 167 69 222
person 0.0046 82 95 347 225
person 0.0037 247 127 273 181
person 0.0036 0 193 5 230
person 0.0035 122 112 205 212
person 0.0034 98 144 139 211
person 0.0033 0 153 20 245
person 0.0031 -1 192 17 330
person 0.0029 438 158 493 306
person 0.0029 0 180 12 282
person 0.0025 120 138 164 189
person 0.0025 32 73 231 243
person 0.0023 0 127 6 239
person 0.0023 74 120 174 243
person 0.0022 0 86 16 270
person 0.0022 169 119 346 278
person 0.0021 472 119 499 264
person 0.0020 31 169 80 309
person 0.0016 318 132 342 195
person 0.0014 383 131 437 232
person 0.0014 121 127 193 265
person 0.0014 -1 13 114 283
person 0.0013 206 134 264 191
person 0.0013 138 159 178 236
person 0.0013 92 141 143 253
person 0.0012 7 164 39 232
person 0.0012 160 116 197 173
person 0.0010 174 131 199 159
bottle 0.9887 35 171 82 303
bottle 0.9884 377 160 437 309
bottle 0.9865 239 124 285 308
bottle 0.9802 438 163 491 305
bottle 0.9766 140 168 177 296
bottle 0.9747 277 147 309 295
bottle 0.9710 174 145 220 312
bottle 0.9634 94 146 140 310
bottle 0.9123 309 137 353 306
bottle 0.8786 340 150 376 292
bottle 0.8501 0 207 18 338
bottle 0.8133 5 167 37 298
bottle 0.7291 215 173 243 297
bottle 0.6019 397 131 438 229
bottle 0.3874 318 132 343 193
bottle 0.2948 249 127 273 183
bottle 0.2238 42 168 68 218
bottle 0.1309 183 141 210 212
bottle 0.1183 84 114 416 333
bottle 0.0718 255 136 325 308
bottle 0.0684 1 182 27 317
bottle 0.0681 338 151 364 209
bottle 0.0673 399 130 422 179
bottle 0.0551 86 142 132 251
bottle 0.0538 216 170 240 237
bottle 0.0491 -4 149 503 372
bottle 0.0447 127 138 165 246
bottle 0.0348 99 142 126 203
bottle 0.0312 0 184 7 258
bottle 0.0279 0 193 5 230
bottle 0.0271 0 180 12 282
bottle 0.0255 169 119 346 278
bottle 0.0227 449 164 482 215
bottle 0.0154 279 150 307 207
bottle 0.0151 238 122 417 325
bottle 0.0147 177 139 217 244
bottle 0.0129 219 171 237 196
bottle 0.0128 218 227 246 294
bottle 0.0122 218 153 251 197
bottle 0.0118 163 132 231 222
bottle 0.0117 448 121 501 270
bottle 0.0105 282 172 374 332
bottle 0.0089 312 131 349 232
bottle 0.0086 350 196 375 298
bottle 0.0080 303 135 337 210
bottle 0.0076 487 239 500 297
bottle 0.0067 96 106 249 265
bottle 0.0067 381 164 436 238
bottle 0.0058 22 85 482 236
bottle 0.0055 21 164 41 281
bottle 0.0052 0 228 15 309
bottle 0.0048 209 140 256 298
bottle 0.0048 1 169 27 257
bottle 0.0048 8 166 39 228
bottle 0.0048 62 128 199 322
bottle 0.0045 243 123 280 222
bottle 0.0040 472 119 499 264
bottle 0.0039 410 153 441 249
bottle 0.0037 341 153 360 173
bottle 0.0034 267 135 276 174
bottle 0.0033 223 101 506 287
bottle 0.0031 376 134 421 224
bottle 0.0030 163 102 217 203
bottle 0.0030 0 167 5 219
bottle 0.0029 317 146 422 293
bottle 0.0029 351 139 458 319
bottle 0.0027 336 144 346 182
bottle 0.0026 482 168 500 302
bottle 0.0025 301 169 322 214
bottle 0.0024 448 121 487 224
bottle 0.0023 67 136 146 229
bottle 0.0023 136 162 180 224
bottle 0.0022 27 160 60 299
bottle 0.0022 492 154 500 307
bottle 0.0022 212 136 259 189
bottle 0.0021 346 162 390 276
bottle 0.0020 395 139 457 294
bottle 0.0019 88 163 112 278
bottle 0.0018 443 161 489 243
bottle 0.0018 276 150 292 178
bottle 0.0018 23 168 41 233
bottle 0.0017 170 169 185 216
bottle 0.0017 3 192 22 232
bottle 0.0017 435 158 457 303
bottle 0.0017 205 151 246 206
bottle 0.0017 357 130 442 229
bottle 0.0017 299 139 321 283
bottle 0.0017 391 161 405 182
bottle 0.0016 61 143 118 255
bottle 0.0016 407 155 496 353
bottle 0.0015 -1 176 46 338
bottle 0.0014 35 172 73 251
bottle 0.0014 387 144 412 203
bottle 0.0014 398 155 420 187
bottle 0.0014 221 166 245 198
bottle 0.0014 268 139 279 184
bottle 0.0014 0 147 269 361
bottle 0.0012 295 116 452 243
bottle 0.0012 22 164 168 343
bottle 0.0011 276 136 312 190
chair 0.0059 67 182 101 253
chair 0.0021 90 140 136 305
chair 0.0014 442 138 494 301
chair 0.0012 58 149 116 287
chair 0.0011 450 120 500 224
chair 0.0010 473 129 499 297
chair 0.0010 0 193 5 230
diningtable 0.1552 -4 149 503 372
diningtable 0.0808 84 114 416 333
diningtable 0.0788 16 285 484 373
diningtable 0.0035 239 132 286 304
diningtable 0.0030 0 224 341 375
diningtable 0.0029 432 163 487 306
diningtable 0.0023 321 313 490 368
diningtable 0.0016 194 302 465 365
diningtable 0.0013 142 231 511 369
diningtable 0.0010 90 145 137 310
diningtable 0.0010 216 171 248 298
tvmonitor 0.2443 443 128 502 251
tvmonitor 0.0978 452 121 499 207
tvmonitor 0.0048 472 113 499 252
tvmonitor 0.0045 490 102 500 263
tvmonitor 0.0010 432 159 487 307
tvmonitor 0.0010 450 53 500 232
