person 0.9917 142 98 266 295
person 0.0214 265 0 306 4
person 0.0164 117 -1 149 15
person 0.0111 93 0 134 9
person 0.0101 287 0 325 3
person 0.0098 243 0 310 6
person 0.0093 249 0 286 4
person 0.0090 132 -1 170 13
person 0.0086 167 0 271 8
person 0.0082 78 0 148 12
person 0.0074 -9 0 325 17
person 0.0067 72 0 117 7
person 0.0065 141 0 221 11
person 0.0063 187 0 307 6
person 0.0043 161 0 199 9
person 0.0043 50 0 80 5
person 0.0041 0 -1 328 43
person 0.0039 317 0 333 3
person 0.0039 27 0 142 10
person 0.0034 65 0 104 5
person 0.0032 226 0 269 4
person 0.0026 200 0 258 5
person 0.0023 3 0 47 5
person 0.0022 181 0 238 6
person 0.0020 16 0 95 9
person 0.0017 151 0 191 12
person 0.0016 61 0 172 18
person 0.0016 17 0 56 4
person 0.0016 0 0 17 6
person 0.0011 149 0 278 15
person 0.0010 272 0 336 5
person 0.0010 -2 0 333 102
bicycle 0.9968 86 196 322 346
bicycle 0.0051 132 91 288 345
bicycle 0.0029 167 209 221 309
bicycle 0.0026 177 220 205 264
car 0.0349 167 0 271 8
car 0.0083 147 0 233 10
car 0.0071 46 0 143 11
car 0.0041 114 -1 151 15
car 0.0040 -9 0 325 17
car 0.0040 187 0 307 6
car 0.0030 103 0 144 10
car 0.0026 302 0 329 3
car 0.0024 253 0 318 6
car 0.0023 265 0 306 4
car 0.0020 122 0 179 14
car 0.0019 149 0 278 15
car 0.0019 213 0 263 5
car 0.0015 181 0 238 6
car 0.0015 167 0 212 8
car 0.0014 65 0 104 5
car 0.0013 16 0 95 9
car 0.0012 0 0 34 7
car 0.0010 72 0 117 7
car 0.0010 249 0 286 4
bus 0.0012 -9 0 325 17
bottle 0.0224 177 220 205 264
bottle 0.0042 235 226 260 278
bottle 0.0035 110 196 287 329
bottle 0.0030 167 209 221 309
bottle 0.0029 221 246 239 284
bottle 0.0029 184 230 212 276
bottle 0.0025 171 224 188 246
bottle 0.0021 171 228 194 259
bottle 0.0018 237 232 257 262
bottle 0.0017 189 241 207 267
bottle 0.0013 226 246 248 284
bottle 0.0012 181 237 202 267
bottle 0.0010 184 212 194 218
chair 0.0040 0 0 34 7
chair 0.0027 167 0 271 8
chair 0.0020 117 -1 149 15
chair 0.0018 46 0 143 11
chair 0.0015 103 0 144 10
chair 0.0014 34 0 77 5
chair 0.0013 1 0 156 20
chair 0.0012 16 0 95 9
chair 0.0010 0 0 17 6
chair 0.0010 147 0 233 10
chair 0.0010 65 0 104 5
chair 0.0010 86 0 121 9
diningtable 0.0016 2 0 128 10
