person 0.0158 230 165 237 175
person 0.0143 306 145 319 154
person 0.0056 294 145 311 154
person 0.0037 192 177 201 182
person 0.0031 445 201 453 214
person 0.0031 260 113 267 124
person 0.0028 199 225 210 232
person 0.0027 224 192 231 199
person 0.0021 245 166 250 174
person 0.0021 416 163 424 177
person 0.0020 196 224 203 230
person 0.0020 213 191 221 199
person 0.0019 325 87 335 99
person 0.0017 315 147 327 154
person 0.0016 416 193 424 206
person 0.0014 397 192 406 205
person 0.0012 401 193 411 206
person 0.0010 310 200 317 209
person 0.0010 195 166 203 172
person 0.0010 211 229 223 238
person 0.0010 127 175 134 181
person 0.0010 353 144 368 151
person 0.0010 126 47 460 255
boat 0.9567 103 22 470 253
boat 0.0391 99 155 477 252
boat 0.0079 104 200 120 207
boat 0.0023 105 195 119 205
boat 0.0022 84 204 478 251
boat 0.0014 106 199 129 208
