person 0.0488 302 132 321 150
person 0.0305 270 119 281 146
person 0.0279 262 119 271 146
person 0.0165 191 132 216 151
person 0.0113 314 128 326 146
person 0.0078 262 117 270 135
person 0.0051 299 133 309 150
person 0.0043 298 126 326 149
person 0.0019 226 122 241 147
person 0.0015 309 131 331 151
bird 0.0174 152 132 170 152
bird 0.0020 347 187 376 217
bird 0.0017 168 118 187 151
bottle 0.0088 168 118 187 151
bottle 0.0037 0 278 6 316
bottle 0.0024 152 132 170 153
bottle 0.0017 0 267 9 311
chair 0.0483 68 338 420 374
chair 0.0022 478 176 500 297
chair 0.0015 0 208 7 273
chair 0.0014 46 150 499 359
chair 0.0013 477 234 500 311
sofa 0.9886 19 148 473 358
sofa 0.0041 81 338 429 374
sofa 0.0014 51 145 448 234
pottedplant 0.0014 167 118 189 154
pottedplant 0.0010 479 177 500 224
pottedplant 0.0010 152 132 170 153
diningtable 0.1596 68 338 420 374
diningtable 0.0026 477 234 500 311
diningtable 0.0016 478 176 500 297
diningtable 0.0010 36 303 450 370
diningtable 0.0010 2 147 447 357
tvmonitor 0.0016 0 278 6 316
