person 0.9977 175 107 240 239
person 0.8783 241 118 304 254
person 0.8724 221 109 269 202
person 0.2245 250 148 295 212
person 0.0403 178 133 219 213
person 0.0195 238 138 278 189
person 0.0055 74 82 86 92
person 0.0054 261 173 286 205
person 0.0046 235 134 275 229
person 0.0039 277 114 292 153
person 0.0038 200 103 312 261
person 0.0038 206 120 247 208
person 0.0028 260 151 288 199
person 0.0026 233 110 280 180
person 0.0022 279 113 291 134
person 0.0018 214 112 232 132
person 0.0018 251 145 275 182
person 0.0016 264 133 299 249
person 0.0014 206 110 240 168
person 0.0013 252 128 293 180
person 0.0012 262 78 291 131
person 0.0011 261 111 292 168
train 0.0011 178 109 249 237
bird 0.0014 200 65 227 89
dog 0.0017 279 113 291 134
dog 0.0016 245 140 274 187
dog 0.0012 261 111 292 168
dog 0.0011 277 114 292 153
dog 0.0011 260 152 289 207
dog 0.0010 258 134 292 191
bottle 0.0077 183 165 193 186
bottle 0.0025 261 173 286 205
bottle 0.0017 187 161 203 182
bottle 0.0012 189 153 206 178
bottle 0.0010 178 108 235 238
