person 0.0682 481 51 500 109
person 0.0262 221 129 248 178
person 0.0161 234 124 251 164
person 0.0157 123 288 253 374
person 0.0083 214 134 241 174
person 0.0032 485 82 500 109
person 0.0028 489 50 500 67
person 0.0024 212 150 226 176
person 0.0024 450 82 460 106
person 0.0016 0 181 7 300
person 0.0014 227 123 248 149
person 0.0013 222 133 236 158
cat 0.0075 119 290 254 375
cat 0.0012 276 263 305 294
dog 0.0533 119 290 254 375
dog 0.0025 222 130 247 177
dog 0.0010 122 294 172 377
horse 0.0023 119 290 254 375
horse 0.0018 221 129 248 178
cow 0.0012 119 290 254 375
bottle 0.0166 487 320 500 352
bottle 0.0025 451 317 482 347
bottle 0.0022 431 343 487 372
bottle 0.0020 445 311 461 341
bottle 0.0014 483 300 500 367
bottle 0.0013 488 279 500 355
bottle 0.0013 399 345 435 372
bottle 0.0011 96 135 107 155
chair 0.9879 0 200 62 299
chair 0.4035 119 290 254 375
chair 0.0408 0 225 8 296
chair 0.0101 6 199 59 247
chair 0.0077 91 221 122 291
chair 0.0061 0 210 13 299
chair 0.0046 0 248 59 295
chair 0.0027 0 217 6 265
chair 0.0026 30 202 63 275
chair 0.0025 222 324 256 373
chair 0.0025 0 254 5 299
chair 0.0025 0 170 7 291
chair 0.0022 99 206 121 276
chair 0.0021 44 195 63 288
chair 0.0020 95 183 128 277
chair 0.0014 84 155 134 291
chair 0.0013 89 251 114 286
chair 0.0013 108 194 152 320
chair 0.0012 66 220 307 378
chair 0.0012 99 188 137 236
chair 0.0012 119 227 145 320
sofa 0.0237 119 290 254 375
sofa 0.0136 0 202 62 299
sofa 0.0012 0 225 8 296
sofa 0.0010 253 233 532 400
pottedplant 0.0270 123 158 154 185
pottedplant 0.0070 482 269 500 355
pottedplant 0.0067 133 80 154 166
pottedplant 0.0032 490 249 500 348
pottedplant 0.0031 120 164 159 197
pottedplant 0.0028 476 191 500 355
pottedplant 0.0021 472 261 500 336
pottedplant 0.0021 136 160 155 183
pottedplant 0.0014 120 198 160 321
pottedplant 0.0012 131 79 153 110
pottedplant 0.0011 441 163 500 366
pottedplant 0.0010 276 263 305 294
diningtable 0.1581 289 300 498 378
diningtable 0.0563 325 307 449 363
diningtable 0.0297 350 330 423 365
diningtable 0.0177 0 225 8 296
diningtable 0.0156 351 317 421 352
diningtable 0.0130 0 210 13 299
diningtable 0.0062 253 233 532 400
diningtable 0.0059 384 337 449 376
diningtable 0.0058 1 205 64 306
diningtable 0.0043 395 305 445 342
diningtable 0.0040 362 292 472 367
diningtable 0.0036 289 328 391 374
diningtable 0.0028 0 217 6 265
diningtable 0.0021 256 305 418 370
diningtable 0.0021 0 170 7 291
diningtable 0.0020 397 342 435 374
diningtable 0.0015 0 247 58 296
diningtable 0.0012 119 183 162 199
diningtable 0.0011 257 298 523 430
diningtable 0.0010 376 317 493 378
tvmonitor 0.0919 120 223 155 320
tvmonitor 0.0035 113 192 149 310
