person 0.1353 365 230 374 250
person 0.0731 477 208 490 247
person 0.0430 487 222 500 256
person 0.0247 491 209 500 227
person 0.0214 471 203 481 217
person 0.0164 351 231 370 251
person 0.0160 328 231 370 252
person 0.0158 479 205 492 217
person 0.0121 353 229 385 251
person 0.0090 469 210 487 244
person 0.0085 490 204 500 218
person 0.0073 460 204 494 249
person 0.0065 460 201 471 220
person 0.0051 476 204 499 253
person 0.0047 434 197 496 247
person 0.0047 2 231 21 249
person 0.0042 457 203 474 234
person 0.0024 334 118 342 132
person 0.0017 86 149 97 169
person 0.0017 487 205 500 233
person 0.0014 360 228 401 248
person 0.0013 204 216 209 242
person 0.0012 0 212 22 248
person 0.0011 0 209 8 234
car 0.0214 324 228 375 252
car 0.0090 367 227 411 247
car 0.0051 367 202 500 250
car 0.0047 357 222 428 249
car 0.0045 487 222 500 256
car 0.0044 491 209 500 227
car 0.0040 323 224 418 252
car 0.0038 345 231 375 251
car 0.0026 -1 228 14 249
car 0.0015 433 204 500 250
car 0.0015 490 204 500 218
car 0.0013 222 211 324 245
car 0.0012 2 231 21 249
motorbike 0.0010 325 231 372 252
aeroplane 0.9581 11 22 490 247
aeroplane 0.3312 274 56 447 134
aeroplane 0.0205 286 84 426 139
aeroplane 0.0204 261 30 488 204
aeroplane 0.0072 82 200 173 232
aeroplane 0.0025 7 171 174 248
aeroplane 0.0024 212 208 375 251
aeroplane 0.0017 367 196 501 247
aeroplane 0.0013 35 197 172 240
aeroplane 0.0012 368 143 500 254
aeroplane 0.0012 5 148 502 250
aeroplane 0.0010 222 211 324 245
bus 0.0039 366 195 502 248
bus 0.0016 0 213 13 246
