person 0.8744 59 77 78 123
person 0.8481 45 78 63 130
person 0.3737 25 117 37 139
person 0.1699 20 117 33 141
person 0.0972 91 95 97 108
person 0.0159 396 38 403 51
person 0.0147 49 83 74 130
person 0.0146 3 118 39 155
person 0.0089 0 123 12 152
person 0.0085 53 88 67 128
person 0.0077 0 184 12 227
person 0.0070 57 78 68 104
person 0.0068 26 116 35 128
person 0.0066 93 96 101 108
person 0.0053 0 119 27 143
person 0.0044 0 134 7 158
person 0.0037 57 77 65 88
person 0.0031 56 106 64 129
person 0.0029 394 42 404 57
person 0.0029 87 93 100 111
person 0.0028 92 34 358 177
person 0.0018 0 136 19 226
person 0.0016 322 46 341 57
person 0.0015 0 117 26 207
person 0.0014 48 79 58 87
person 0.0014 266 221 283 228
person 0.0012 46 79 59 103
person 0.0012 47 103 62 130
person 0.0011 21 117 32 127
person 0.0011 0 120 8 195
person 0.0010 0 199 23 229
person 0.0010 21 123 40 147
person 0.0010 440 39 453 57
person 0.0010 108 94 118 105
bicycle 0.0161 25 117 37 139
bicycle 0.0043 18 117 35 141
bicycle 0.0040 44 80 64 131
bicycle 0.0038 3 118 39 155
bicycle 0.0029 0 199 12 228
bicycle 0.0024 0 171 18 228
bicycle 0.0023 57 77 77 126
bicycle 0.0019 24 126 37 145
bicycle 0.0011 91 95 97 108
bicycle 0.0010 53 88 67 128
car 0.3250 123 30 363 179
car 0.0773 324 44 359 57
car 0.0335 421 36 452 54
car 0.0081 438 37 453 53
car 0.0058 0 120 34 154
car 0.0023 420 42 439 58
car 0.0021 322 46 341 57
car 0.0017 0 123 12 152
car 0.0011 18 117 35 141
car 0.0010 495 52 499 67
motorbike 0.0067 25 117 37 139
motorbike 0.0033 0 120 34 154
motorbike 0.0030 18 117 35 141
motorbike 0.0011 120 16 364 168
motorbike 0.0011 0 184 12 227
bus 0.0138 123 30 363 179
bus 0.0119 420 39 452 58
bus 0.0013 0 120 34 154
train 0.0172 420 39 452 58
train 0.0039 120 16 364 168
train 0.0013 0 120 34 154
boat 0.0095 421 36 452 55
boat 0.0031 324 44 359 57
boat 0.0027 0 120 29 153
boat 0.0023 120 15 364 169
bird 0.0088 25 117 37 139
bird 0.0038 0 199 12 228
bird 0.0019 449 84 457 97
bird 0.0018 91 95 97 108
bird 0.0016 44 80 64 131
bird 0.0012 20 117 33 141
dog 0.0077 25 117 37 139
dog 0.0022 0 199 12 228
dog 0.0010 44 80 64 131
horse 0.0125 57 77 77 126
horse 0.0103 45 78 63 130
horse 0.0059 420 39 452 58
horse 0.0043 25 117 37 139
horse 0.0011 324 44 359 57
sheep 0.0159 449 84 457 97
sheep 0.0043 446 84 454 95
sheep 0.0022 420 39 452 58
sheep 0.0013 441 108 452 116
sheep 0.0012 451 115 463 122
sheep 0.0010 396 38 403 51
sheep 0.0010 458 115 470 122
sheep 0.0010 402 65 417 71
sheep 0.0010 451 90 458 103
cow 0.0327 420 39 452 58
cow 0.0097 324 44 359 57
cow 0.0050 420 42 439 58
cow 0.0037 396 38 403 51
cow 0.0029 438 37 453 53
cow 0.0024 394 56 420 70
cow 0.0020 495 52 499 67
cow 0.0016 402 65 417 71
cow 0.0014 57 77 77 126
cow 0.0013 25 117 37 139
chair 0.0054 0 120 29 153
chair 0.0017 0 123 12 152
diningtable 0.0013 0 121 28 152
