person 0.0457 446 130 452 142
person 0.0025 494 139 499 149
person 0.0020 446 136 452 144
person 0.0012 495 124 500 145
bird 0.0105 446 130 452 142
bird 0.0073 317 299 442 353
bird 0.0046 376 302 459 351
bird 0.0023 193 270 460 355
bird 0.0018 408 304 487 350
bird 0.0012 391 302 445 335
bird 0.0012 446 136 452 144
cat 0.3754 207 275 453 354
dog 0.8922 192 270 460 356
dog 0.0073 94 144 496 352
dog 0.0018 284 303 451 356
chair 0.0013 93 142 497 314
diningtable 0.1084 94 142 497 312
diningtable 0.0132 87 130 499 190
