person 0.0366 324 180 391 223
person 0.0091 36 70 275 186
bird 0.3399 319 182 389 225
bird 0.0279 319 196 345 216
bird 0.0243 32 70 263 186
bird 0.0028 352 182 387 224
bird 0.0019 323 184 358 214
bird 0.0019 309 173 402 244
cat 0.0031 318 181 388 223
dog 0.2931 30 70 265 187
dog 0.0562 324 180 391 223
dog 0.0014 119 85 302 181
dog 0.0012 309 173 402 244
dog 0.0011 316 183 362 224
dog 0.0011 174 78 263 176
horse 0.7496 31 68 265 188
sheep 0.1240 30 70 265 187
sheep 0.0227 324 180 391 223
sheep 0.0011 319 196 345 216
cow 0.0303 31 68 265 188
cow 0.0031 319 182 390 225
bottle 0.0024 318 181 388 223
