person 0.0015 1 119 504 338
person 0.0012 257 27 386 105
person 0.0011 -5 11 498 267
cat 0.9708 20 139 293 275
cat 0.9075 174 78 461 203
cat 0.0605 -25 96 468 310
cat 0.0072 403 111 499 317
cat 0.0064 325 231 501 326
cat 0.0036 357 80 477 169
cat 0.0032 144 61 506 278
cat 0.0025 173 100 391 182
cat 0.0014 442 106 499 227
cat 0.0013 330 129 500 332
cat 0.0010 409 79 500 236
dog 0.0576 172 83 430 203
dog 0.0075 403 111 499 317
dog 0.0042 54 70 501 336
dog 0.0036 21 138 292 275
dog 0.0034 325 231 501 326
chair 0.0017 291 0 373 47
sofa 0.0026 -1 0 496 341
