person 0.7928 257 138 287 174
person 0.0347 217 140 262 173
person 0.0215 230 143 282 173
person 0.0085 295 140 312 164
person 0.0072 229 149 262 171
person 0.0025 300 140 322 164
person 0.0025 253 138 332 171
person 0.0013 269 139 292 169
person 0.0012 239 142 270 167
person 0.0011 288 140 302 167
person 0.0010 289 134 342 172
car 0.9443 77 123 487 253
car 0.0167 381 50 435 66
car 0.0114 373 49 498 98
car 0.0071 375 51 444 95
car 0.0024 380 54 421 70
car 0.0024 391 13 407 20
car 0.0015 383 51 450 77
aeroplane 0.0012 377 48 496 100
bus 0.0036 48 96 502 268
