person 0.9651 174 86 323 256
person 0.5260 312 93 328 117
person 0.0334 138 43 176 111
person 0.0260 142 80 362 312
person 0.0163 295 102 306 118
person 0.0043 10 319 53 332
person 0.0035 297 97 327 123
person 0.0023 294 95 311 117
person 0.0018 85 6 416 324
person 0.0011 366 41 410 87
person 0.0011 0 293 52 331
car 0.3219 85 6 416 324
car 0.0668 174 86 323 255
car 0.0058 142 80 362 312
car 0.0017 0 1 46 118
car 0.0010 216 8 494 329
car 0.0010 0 8 102 328
motorbike 0.0018 85 6 416 324
aeroplane 0.0314 85 6 416 324
aeroplane 0.0030 174 86 323 255
bus 0.0229 85 6 416 324
bus 0.0045 174 86 323 255
train 0.0126 85 6 416 324
boat 0.0115 85 6 416 324
boat 0.0010 180 66 326 315
bottle 0.0083 198 151 247 205
bottle 0.0010 188 104 254 208
chair 0.0099 180 66 326 315
chair 0.0069 0 98 101 327
chair 0.0044 85 6 416 324
chair 0.0034 366 41 409 86
chair 0.0011 0 234 98 328
chair 0.0010 108 99 215 211
chair 0.0010 122 93 310 239
sofa 0.0012 180 66 326 315
