person 0.9935 87 -5 504 369
person 0.8306 0 -2 115 230
person 0.0045 81 -4 338 308
person 0.0019 81 127 250 302
person 0.0017 0 106 94 291
person 0.0015 414 111 499 364
person 0.0014 -7 -3 174 318
person 0.0014 454 120 500 264
person 0.0013 -7 -1 73 319
car 0.0020 45 -2 481 368
motorbike 0.0234 16 165 486 370
motorbike 0.0017 143 323 490 375
motorbike 0.0010 137 238 498 373
boat 0.0156 16 165 486 370
boat 0.0034 65 322 433 374
bird 0.0010 -1 143 108 357
bottle 0.0211 -1 143 108 357
bottle 0.0054 46 185 123 295
bottle 0.0034 17 239 101 354
bottle 0.0019 429 340 463 373
bottle 0.0011 54 338 144 374
chair 0.0517 454 120 500 264
chair 0.0296 469 118 501 356
chair 0.0252 84 51 505 380
chair 0.0164 457 121 499 197
chair 0.0147 440 125 500 376
chair 0.0048 485 136 500 249
chair 0.0044 490 138 500 302
chair 0.0044 463 124 501 163
chair 0.0035 131 323 454 374
chair 0.0033 319 338 467 375
chair 0.0027 305 93 499 372
chair 0.0025 475 133 500 269
chair 0.0025 322 350 423 375
chair 0.0022 -1 2 114 352
chair 0.0022 149 329 333 372
chair 0.0018 480 163 500 379
chair 0.0016 486 145 500 201
chair 0.0016 0 145 20 250
chair 0.0015 94 8 182 120
chair 0.0015 0 293 21 366
chair 0.0013 411 68 499 330
chair 0.0012 0 226 25 363
chair 0.0012 448 75 500 206
chair 0.0010 409 340 459 373
sofa 0.0071 118 -2 502 368
sofa 0.0033 448 114 500 364
sofa 0.0014 457 122 499 275
pottedplant 0.1501 0 143 100 356
pottedplant 0.1236 312 -1 499 130
pottedplant 0.0040 17 238 102 355
pottedplant 0.0024 306 -7 498 309
pottedplant 0.0013 447 4 499 137
pottedplant 0.0013 0 174 56 331
pottedplant 0.0012 480 2 500 119
pottedplant 0.0010 453 36 499 202
diningtable 0.0452 19 226 476 374
diningtable 0.0289 -1 234 203 368
diningtable 0.0163 14 167 324 360
diningtable 0.0150 71 251 189 356
diningtable 0.0122 17 238 102 355
diningtable 0.0109 45 -2 481 368
diningtable 0.0096 32 185 213 343
diningtable 0.0094 65 322 433 374
diningtable 0.0089 0 305 193 369
diningtable 0.0043 51 195 142 313
diningtable 0.0040 0 226 25 363
diningtable 0.0036 469 118 501 356
diningtable 0.0034 -1 294 343 371
diningtable 0.0033 -2 143 109 358
diningtable 0.0031 0 239 26 305
diningtable 0.0031 95 302 193 352
diningtable 0.0023 149 329 333 372
diningtable 0.0020 442 125 500 374
diningtable 0.0018 90 148 250 297
diningtable 0.0018 109 289 172 328
diningtable 0.0017 -1 227 27 277
diningtable 0.0016 49 339 134 373
diningtable 0.0016 72 231 140 309
diningtable 0.0010 2 337 86 373
diningtable 0.0010 91 283 166 340
diningtable 0.0010 123 295 467 371
diningtable 0.0010 457 123 499 164
