person 0.9914 392 55 500 271
person 0.9739 187 94 237 224
person 0.9712 118 186 200 269
person 0.9601 94 242 194 332
person 0.9289 197 218 359 328
person 0.6013 0 188 100 284
person 0.1610 472 258 501 329
person 0.0624 442 257 501 332
person 0.0538 486 67 500 278
person 0.0533 212 139 260 170
person 0.0441 -2 238 105 328
person 0.0417 -2 288 110 331
person 0.0397 195 214 255 321
person 0.0387 225 263 336 332
person 0.0289 484 161 499 269
person 0.0285 477 201 500 300
person 0.0234 -1 158 32 217
person 0.0193 238 96 256 127
person 0.0189 374 123 381 140
person 0.0165 327 265 499 330
person 0.0163 492 83 500 240
person 0.0157 34 71 464 342
person 0.0154 0 188 58 311
person 0.0152 29 211 105 287
person 0.0131 473 156 500 348
person 0.0122 0 178 24 286
person 0.0093 492 53 500 173
person 0.0091 0 193 45 248
person 0.0076 317 80 324 94
person 0.0075 143 115 368 230
person 0.0065 0 246 56 333
person 0.0057 1 170 194 316
person 0.0057 476 97 500 288
person 0.0056 71 99 448 244
person 0.0054 491 50 500 118
person 0.0052 186 119 288 193
person 0.0051 485 46 500 154
person 0.0050 75 124 85 144
person 0.0050 0 147 42 239
person 0.0049 0 85 99 273
person 0.0047 0 240 24 309
person 0.0046 444 163 500 343
person 0.0041 0 291 53 333
person 0.0040 132 196 307 307
person 0.0039 329 209 502 338
person 0.0039 -4 232 203 333
person 0.0037 22 133 250 286
person 0.0036 0 232 9 283
person 0.0034 44 190 97 271
person 0.0033 115 173 438 333
person 0.0032 215 149 293 189
person 0.0032 477 227 499 270
person 0.0030 490 164 500 238
person 0.0029 192 100 237 165
person 0.0028 238 96 256 112
person 0.0028 -1 109 25 208
person 0.0026 196 228 237 305
person 0.0026 0 168 13 251
person 0.0024 483 254 501 303
person 0.0024 -5 186 71 256
person 0.0024 -5 73 342 261
person 0.0024 228 105 239 124
person 0.0024 0 177 15 220
person 0.0023 229 242 495 329
person 0.0022 139 237 195 320
person 0.0022 449 63 499 265
person 0.0020 196 109 255 176
person 0.0020 7 272 20 304
person 0.0020 494 66 500 121
person 0.0019 489 37 500 95
person 0.0019 83 173 255 309
person 0.0018 382 179 502 302
person 0.0017 0 274 11 316
person 0.0016 0 250 10 305
person 0.0016 0 138 15 186
person 0.0016 -1 95 53 241
person 0.0015 22 143 148 280
person 0.0015 52 233 109 282
person 0.0015 475 38 500 202
person 0.0014 42 300 118 332
person 0.0014 387 121 393 138
person 0.0014 0 223 13 273
person 0.0013 87 120 94 130
person 0.0013 485 262 500 329
person 0.0013 18 221 327 336
person 0.0013 365 126 373 140
person 0.0013 489 222 500 252
person 0.0013 325 74 339 93
person 0.0013 0 123 11 159
person 0.0012 237 109 255 138
person 0.0012 226 91 241 117
person 0.0012 6 171 37 228
person 0.0012 469 53 499 116
person 0.0011 8 268 35 303
person 0.0011 10 282 169 334
person 0.0010 219 127 348 252
person 0.0010 -1 280 24 336
person 0.0010 490 49 500 80
person 0.0010 215 122 254 166
person 0.0010 83 121 98 140
car 0.0014 60 98 148 165
cat 0.0031 472 258 501 329
dog 0.0224 472 258 501 329
dog 0.0020 442 257 501 332
dog 0.0019 477 201 500 300
bottle 0.2192 7 273 19 303
bottle 0.0429 374 123 381 140
bottle 0.0391 387 121 393 138
bottle 0.0116 395 122 403 138
bottle 0.0065 237 123 248 142
bottle 0.0056 5 270 26 283
bottle 0.0047 3 260 27 293
bottle 0.0032 231 124 245 144
bottle 0.0032 408 123 414 137
bottle 0.0028 0 262 11 309
bottle 0.0025 12 270 30 301
bottle 0.0020 470 257 500 332
bottle 0.0020 365 126 373 140
bottle 0.0015 0 251 21 328
bottle 0.0011 383 118 396 142
bottle 0.0010 49 223 70 236
chair 0.8234 251 274 313 334
chair 0.6732 346 200 428 268
chair 0.5976 329 263 498 332
chair 0.5882 -1 157 31 209
chair 0.5383 65 161 112 223
chair 0.3846 212 110 347 238
chair 0.2480 90 286 113 324
chair 0.1678 225 263 336 332
chair 0.0326 0 188 100 284
chair 0.0322 346 193 405 240
chair 0.0321 0 195 60 314
chair 0.0321 65 163 107 194
chair 0.0305 182 130 197 157
chair 0.0272 321 147 349 201
chair 0.0249 122 172 164 207
chair 0.0223 490 173 500 244
chair 0.0187 197 218 359 328
chair 0.0183 484 161 499 269
chair 0.0166 0 158 16 182
chair 0.0160 -1 168 31 257
chair 0.0154 0 240 24 309
chair 0.0146 438 279 500 334
chair 0.0144 477 227 499 270
chair 0.0139 186 95 232 221
chair 0.0131 -2 238 105 328
chair 0.0115 0 184 29 212
chair 0.0115 436 285 467 328
chair 0.0115 477 201 500 300
chair 0.0112 3 260 27 293
chair 0.0111 0 251 8 281
chair 0.0110 -1 167 17 211
chair 0.0103 320 143 433 274
chair 0.0103 0 251 48 285
chair 0.0097 0 294 50 332
chair 0.0093 5 263 41 288
chair 0.0088 49 190 70 208
chair 0.0086 71 99 448 244
chair 0.0077 0 250 10 305
chair 0.0073 18 290 112 331
chair 0.0073 0 226 23 270
chair 0.0067 0 194 45 247
chair 0.0067 253 152 346 229
chair 0.0065 0 246 55 333
chair 0.0061 1 150 41 236
chair 0.0060 -1 139 52 284
chair 0.0060 330 163 484 320
chair 0.0059 492 53 500 114
chair 0.0058 491 123 500 258
chair 0.0049 -1 219 48 278
chair 0.0047 486 67 500 278
chair 0.0047 0 188 13 209
chair 0.0045 471 258 501 329
chair 0.0044 6 271 21 305
chair 0.0043 7 115 494 352
chair 0.0043 0 135 10 166
chair 0.0041 68 193 112 222
chair 0.0041 0 205 28 299
chair 0.0039 0 138 15 186
chair 0.0038 0 227 11 269
chair 0.0036 -1 109 25 208
chair 0.0035 489 222 500 252
chair 0.0035 0 258 28 279
chair 0.0035 120 180 199 263
chair 0.0034 5 270 26 283
chair 0.0034 380 85 499 306
chair 0.0033 8 268 35 303
chair 0.0031 357 193 470 275
chair 0.0030 182 107 198 159
chair 0.0030 187 136 206 187
chair 0.0029 253 110 483 301
chair 0.0028 184 109 195 131
chair 0.0028 18 264 48 287
chair 0.0026 238 96 256 127
chair 0.0026 248 111 345 159
chair 0.0024 10 268 35 281
chair 0.0024 13 258 51 280
chair 0.0024 164 158 190 203
chair 0.0024 234 129 406 260
chair 0.0023 229 242 495 329
chair 0.0022 494 75 500 132
chair 0.0020 492 56 500 189
chair 0.0020 2 117 197 294
chair 0.0020 0 274 11 316
chair 0.0018 -5 73 342 261
chair 0.0018 -2 89 106 254
chair 0.0018 77 282 176 331
chair 0.0017 473 156 500 348
chair 0.0017 181 153 193 167
chair 0.0017 0 122 12 160
chair 0.0016 360 202 399 236
chair 0.0016 60 284 122 328
chair 0.0016 276 257 390 328
chair 0.0016 356 249 427 291
chair 0.0015 23 141 112 251
chair 0.0015 419 87 435 105
chair 0.0015 411 253 499 333
chair 0.0013 54 184 118 233
chair 0.0013 238 96 256 112
chair 0.0013 177 128 201 180
chair 0.0013 73 177 107 204
sofa 0.8154 212 110 347 238
sofa 0.2536 327 265 499 330
sofa 0.0841 0 217 91 329
sofa 0.0662 0 188 100 284
sofa 0.0610 0 188 58 311
sofa 0.0502 71 99 448 244
sofa 0.0307 -1 157 31 209
sofa 0.0154 0 246 56 333
sofa 0.0149 -2 288 110 331
sofa 0.0110 8 54 496 284
sofa 0.0104 187 94 237 224
sofa 0.0095 0 178 24 286
sofa 0.0068 477 201 500 300
sofa 0.0061 0 177 51 257
sofa 0.0060 0 240 24 309
sofa 0.0058 120 180 199 263
sofa 0.0051 0 291 53 333
sofa 0.0045 442 235 501 337
sofa 0.0038 471 258 501 329
sofa 0.0037 329 209 502 338
sofa 0.0037 0 239 198 332
sofa 0.0033 65 161 112 223
sofa 0.0030 346 200 428 268
sofa 0.0027 90 283 115 326
sofa 0.0027 248 111 346 159
sofa 0.0026 157 127 327 218
sofa 0.0025 484 161 499 269
sofa 0.0025 252 148 346 233
sofa 0.0025 -6 134 515 345
sofa 0.0022 92 245 195 330
sofa 0.0022 201 127 310 191
sofa 0.0021 473 156 500 348
sofa 0.0019 1 170 194 316
sofa 0.0018 486 52 500 264
sofa 0.0017 229 242 495 329
sofa 0.0016 1 150 41 236
sofa 0.0015 490 164 500 238
sofa 0.0014 193 218 328 324
sofa 0.0014 29 211 105 287
sofa 0.0013 192 106 364 317
sofa 0.0013 477 227 499 270
sofa 0.0012 212 139 260 170
sofa 0.0012 0 228 48 287
sofa 0.0011 -1 109 25 208
sofa 0.0011 9 239 74 297
sofa 0.0010 0 232 9 283
sofa 0.0010 0 226 23 270
sofa 0.0010 122 172 164 207
pottedplant 0.3149 176 20 267 107
pottedplant 0.2260 0 37 20 163
pottedplant 0.0170 0 88 19 180
pottedplant 0.0170 0 122 11 160
pottedplant 0.0093 -1 11 50 167
pottedplant 0.0082 140 15 333 152
pottedplant 0.0077 180 22 219 59
pottedplant 0.0049 23 21 80 45
pottedplant 0.0046 472 258 501 329
pottedplant 0.0045 0 15 23 106
pottedplant 0.0040 447 53 499 115
pottedplant 0.0037 202 40 253 109
pottedplant 0.0036 -1 109 25 208
pottedplant 0.0033 484 48 500 119
pottedplant 0.0030 0 74 14 133
pottedplant 0.0030 0 15 27 65
pottedplant 0.0028 222 22 287 96
pottedplant 0.0028 -2 10 100 170
pottedplant 0.0028 238 24 284 62
pottedplant 0.0027 -5 9 201 74
pottedplant 0.0026 485 42 500 197
pottedplant 0.0022 450 47 500 213
pottedplant 0.0022 492 53 500 114
pottedplant 0.0016 70 24 152 43
pottedplant 0.0015 258 29 286 83
pottedplant 0.0015 16 21 187 47
pottedplant 0.0014 139 23 182 43
pottedplant 0.0012 237 96 256 127
pottedplant 0.0012 258 35 286 58
pottedplant 0.0012 214 72 239 118
pottedplant 0.0011 2 122 21 161
pottedplant 0.0011 222 91 233 117
pottedplant 0.0010 0 13 53 67
pottedplant 0.0010 1 14 28 44
diningtable 0.0322 -2 238 105 328
diningtable 0.0322 332 272 495 332
diningtable 0.0235 0 291 53 333
diningtable 0.0190 -3 287 111 331
diningtable 0.0124 -1 224 57 331
diningtable 0.0067 328 220 504 331
diningtable 0.0048 189 102 240 220
diningtable 0.0043 485 111 500 277
diningtable 0.0038 0 274 11 316
diningtable 0.0036 0 251 21 328
diningtable 0.0034 434 279 500 332
diningtable 0.0034 5 276 21 311
diningtable 0.0033 0 265 48 327
diningtable 0.0031 442 235 501 337
diningtable 0.0027 471 258 501 329
diningtable 0.0026 4 262 42 290
diningtable 0.0025 2 257 27 296
diningtable 0.0025 490 173 500 244
diningtable 0.0022 489 222 500 252
diningtable 0.0021 5 270 26 283
diningtable 0.0020 8 268 35 303
diningtable 0.0020 0 250 10 305
diningtable 0.0019 480 171 499 291
diningtable 0.0018 4 208 101 269
diningtable 0.0017 18 264 48 287
diningtable 0.0017 382 64 498 274
diningtable 0.0014 491 123 500 258
diningtable 0.0013 492 53 500 114
diningtable 0.0013 434 284 472 330
diningtable 0.0012 346 200 428 268
diningtable 0.0012 0 251 48 285
diningtable 0.0011 485 197 500 278
diningtable 0.0011 210 112 349 237
diningtable 0.0010 483 230 501 266
diningtable 0.0010 0 299 10 330
tvmonitor 0.0914 58 88 149 169
tvmonitor 0.0341 373 48 416 96
tvmonitor 0.0143 213 139 259 168
tvmonitor 0.0075 490 173 500 244
tvmonitor 0.0030 0 292 53 332
tvmonitor 0.0020 17 57 178 199
tvmonitor 0.0020 491 123 500 258
tvmonitor 0.0016 66 166 103 192
tvmonitor 0.0013 65 161 112 223
tvmonitor 0.0012 419 87 435 105
tvmonitor 0.0011 420 30 456 78
