person 0.4255 147 170 179 205
person 0.3454 280 159 305 188
person 0.1736 109 171 145 209
person 0.0658 114 168 171 208
person 0.0227 262 155 295 188
person 0.0197 0 175 10 188
person 0.0176 0 158 13 186
person 0.0174 108 184 135 212
person 0.0138 15 73 464 264
person 0.0133 80 183 98 219
person 0.0123 62 160 100 217
person 0.0122 81 201 98 218
person 0.0094 222 170 245 196
person 0.0093 282 148 305 179
person 0.0084 198 169 245 198
person 0.0079 328 135 355 170
person 0.0073 261 152 282 193
person 0.0058 359 133 378 188
person 0.0058 82 167 124 215
person 0.0058 139 190 157 208
person 0.0046 198 176 218 200
person 0.0044 335 132 368 170
person 0.0041 154 170 203 203
person 0.0040 269 165 301 192
person 0.0036 401 128 413 139
person 0.0033 0 175 10 205
person 0.0031 187 159 202 203
person 0.0030 0 149 22 192
person 0.0030 120 176 156 207
person 0.0029 104 171 120 211
person 0.0026 133 179 165 205
person 0.0025 211 176 240 199
person 0.0024 107 187 119 212
person 0.0023 217 153 255 190
person 0.0022 329 140 378 183
person 0.0022 115 185 162 212
person 0.0019 178 165 229 202
person 0.0019 197 153 243 191
person 0.0019 54 179 92 219
person 0.0019 350 139 392 185
person 0.0018 241 153 283 188
person 0.0017 284 144 317 184
person 0.0017 284 168 316 189
person 0.0017 290 146 339 184
person 0.0016 189 177 201 202
person 0.0016 38 150 102 222
person 0.0016 350 133 374 172
person 0.0016 159 158 177 187
person 0.0016 0 148 9 181
person 0.0015 0 152 44 189
person 0.0015 0 168 15 192
person 0.0015 96 184 127 215
person 0.0014 381 145 397 161
person 0.0014 155 188 177 208
person 0.0012 157 162 250 208
person 0.0012 234 166 250 196
person 0.0011 269 161 318 198
person 0.0010 0 168 9 231
person 0.0010 360 130 376 158
person 0.0010 -1 195 49 247
person 0.0010 163 168 187 198
bicycle 0.0017 -1 195 49 247
car 0.0104 5 57 473 284
car 0.0013 214 225 503 311
car 0.0011 378 224 502 314
car 0.0010 0 198 47 247
aeroplane 0.0018 5 57 473 284
bus 0.8045 0 70 448 308
bus 0.0010 214 225 503 311
train 0.0116 5 57 473 284
train 0.0064 277 0 505 60
boat 0.7876 5 69 473 307
boat 0.0122 214 225 503 311
boat 0.0036 159 157 504 313
boat 0.0033 378 224 502 314
boat 0.0022 315 169 498 309
boat 0.0011 0 210 497 314
horse 0.0010 -1 195 49 247
