person 0.9925 69 5 275 339
person 0.9635 0 55 69 341
person 0.9615 292 61 421 339
person 0.9428 376 86 450 325
person 0.9415 247 77 305 227
person 0.6302 214 180 306 280
person 0.2949 436 91 458 308
person 0.2868 368 91 395 173
person 0.1451 0 67 22 327
person 0.0618 439 98 456 188
person 0.0555 57 108 82 161
person 0.0524 216 58 308 272
person 0.0482 371 91 394 138
person 0.0133 186 113 325 295
person 0.0106 210 317 258 332
person 0.0104 406 94 461 328
person 0.0079 0 56 69 181
person 0.0063 77 143 90 162
person 0.0047 210 313 262 344
person 0.0045 211 296 278 333
person 0.0038 377 94 448 218
person 0.0034 0 100 15 209
person 0.0033 0 187 18 357
person 0.0032 439 13 499 339
person 0.0032 3 181 84 314
person 0.0031 0 59 15 132
person 0.0029 71 122 93 162
person 0.0026 62 130 81 171
person 0.0026 205 57 448 294
person 0.0025 0 158 7 336
person 0.0022 56 112 87 197
person 0.0022 43 178 302 324
person 0.0019 96 39 235 232
person 0.0017 375 91 397 121
person 0.0017 0 112 7 172
person 0.0017 0 223 11 330
person 0.0016 169 159 394 333
person 0.0016 372 99 404 206
person 0.0015 441 84 456 147
person 0.0015 -2 56 416 339
person 0.0013 169 117 273 234
person 0.0012 206 256 311 329
person 0.0012 -16 78 208 334
person 0.0012 63 108 97 162
person 0.0012 443 88 463 254
person 0.0011 0 105 8 277
person 0.0011 272 79 370 317
person 0.0011 352 85 391 163
person 0.0011 128 55 214 185
person 0.0011 239 178 287 241
person 0.0010 226 279 322 334
bottle 0.0080 233 254 254 300
bottle 0.0034 277 63 404 333
bottle 0.0025 224 256 257 319
bottle 0.0017 1 59 78 338
bottle 0.0016 24 10 272 334
bottle 0.0013 212 219 234 257
bottle 0.0010 195 158 220 186
chair 0.3172 51 192 72 224
chair 0.2048 68 162 89 217
chair 0.1451 424 281 456 332
chair 0.1022 67 161 90 186
chair 0.0946 73 196 86 218
chair 0.0882 54 176 87 216
chair 0.0854 61 185 80 216
chair 0.0662 63 175 84 208
chair 0.0627 279 306 304 331
chair 0.0325 71 184 88 218
chair 0.0168 256 302 274 331
chair 0.0146 54 212 81 326
chair 0.0138 0 130 21 335
chair 0.0124 60 161 88 198
chair 0.0114 209 282 339 330
chair 0.0104 277 304 327 331
chair 0.0102 210 317 258 332
chair 0.0058 1 204 83 334
chair 0.0057 54 202 80 275
chair 0.0053 3 56 77 335
chair 0.0049 50 182 78 203
chair 0.0049 -1 276 68 338
chair 0.0044 0 239 18 342
chair 0.0043 66 250 78 326
chair 0.0039 57 257 79 326
chair 0.0038 419 222 457 328
chair 0.0038 212 288 460 331
chair 0.0037 57 209 82 234
chair 0.0036 52 187 83 233
chair 0.0034 210 313 262 344
chair 0.0033 51 280 70 331
chair 0.0032 208 304 240 319
chair 0.0030 327 316 360 332
chair 0.0029 211 322 260 372
chair 0.0026 424 302 455 343
chair 0.0026 77 143 90 162
chair 0.0024 0 154 8 321
chair 0.0024 300 314 321 332
chair 0.0024 0 295 12 333
chair 0.0024 302 271 327 317
chair 0.0022 0 166 67 305
chair 0.0022 397 223 474 336
chair 0.0020 214 189 305 316
chair 0.0020 59 217 82 228
chair 0.0019 262 300 306 332
chair 0.0019 73 154 90 167
chair 0.0018 291 300 350 331
chair 0.0018 323 282 484 338
chair 0.0017 383 216 441 330
chair 0.0016 321 300 364 332
chair 0.0016 434 280 457 318
chair 0.0016 67 297 113 330
chair 0.0016 53 204 73 234
chair 0.0015 61 206 106 333
chair 0.0015 33 154 104 235
chair 0.0015 41 229 138 330
chair 0.0014 0 266 12 325
chair 0.0014 358 271 512 356
chair 0.0014 0 293 24 336
chair 0.0014 0 281 10 311
chair 0.0014 294 285 333 326
chair 0.0013 224 256 257 319
chair 0.0013 66 123 94 193
chair 0.0013 263 257 286 297
chair 0.0012 399 276 460 335
chair 0.0012 207 293 241 323
chair 0.0012 208 289 275 329
chair 0.0011 65 152 78 168
chair 0.0011 259 259 484 327
chair 0.0010 63 138 80 164
chair 0.0010 209 317 225 330
chair 0.0010 262 290 370 332
chair 0.0010 60 118 82 162
sofa 0.0013 67 19 268 359
pottedplant 0.0378 209 244 241 307
pottedplant 0.0077 233 254 254 300
pottedplant 0.0043 198 231 253 317
pottedplant 0.0027 209 284 239 311
pottedplant 0.0022 209 255 227 298
pottedplant 0.0021 226 52 251 118
pottedplant 0.0020 209 223 235 282
pottedplant 0.0020 198 59 254 174
pottedplant 0.0018 210 270 222 302
pottedplant 0.0014 200 59 309 215
pottedplant 0.0012 223 250 258 304
pottedplant 0.0010 183 22 295 163
pottedplant 0.0010 211 291 237 304
diningtable 0.4212 55 213 80 283
diningtable 0.3922 206 256 311 329
diningtable 0.0930 3 181 84 314
diningtable 0.0665 69 22 273 357
diningtable 0.0453 47 236 300 327
diningtable 0.0414 56 215 82 238
diningtable 0.0295 207 256 447 328
diningtable 0.0270 1 63 78 335
diningtable 0.0264 56 284 286 327
diningtable 0.0213 51 210 79 246
diningtable 0.0183 52 211 82 330
diningtable 0.0178 59 217 82 228
diningtable 0.0162 212 288 460 331
diningtable 0.0140 207 293 241 323
diningtable 0.0123 63 168 267 336
diningtable 0.0117 53 191 78 227
diningtable 0.0115 240 294 359 331
diningtable 0.0107 206 279 312 372
diningtable 0.0106 53 204 73 234
diningtable 0.0091 235 275 313 316
diningtable 0.0079 48 186 84 284
diningtable 0.0074 216 179 302 281
diningtable 0.0072 203 288 283 329
diningtable 0.0070 265 261 365 322
diningtable 0.0068 249 285 318 330
diningtable 0.0068 210 254 268 322
diningtable 0.0054 267 287 302 303
diningtable 0.0052 0 130 21 335
diningtable 0.0050 23 202 83 276
diningtable 0.0049 263 257 286 297
diningtable 0.0046 256 302 274 331
diningtable 0.0046 268 297 325 331
diningtable 0.0046 13 189 58 287
diningtable 0.0035 169 223 334 331
diningtable 0.0034 208 258 239 322
diningtable 0.0032 66 161 91 186
diningtable 0.0031 41 229 138 330
diningtable 0.0027 207 299 261 331
diningtable 0.0027 223 271 264 317
diningtable 0.0024 -1 229 86 348
diningtable 0.0023 30 183 148 315
diningtable 0.0022 31 263 314 356
diningtable 0.0021 68 163 89 216
diningtable 0.0021 208 304 240 319
diningtable 0.0021 211 316 274 333
diningtable 0.0020 279 306 304 331
diningtable 0.0020 14 175 69 245
diningtable 0.0018 208 282 240 313
diningtable 0.0018 215 134 443 341
diningtable 0.0017 238 300 308 331
diningtable 0.0017 223 250 258 304
diningtable 0.0016 73 154 90 167
diningtable 0.0015 235 266 291 305
diningtable 0.0015 253 250 301 303
diningtable 0.0014 209 146 238 188
diningtable 0.0013 54 176 87 216
diningtable 0.0013 127 123 292 282
diningtable 0.0013 -25 206 232 341
diningtable 0.0012 272 277 313 298
diningtable 0.0012 64 180 82 203
diningtable 0.0012 245 291 282 326
diningtable 0.0012 33 195 73 242
diningtable 0.0011 205 297 234 316
diningtable 0.0010 284 288 388 330
diningtable 0.0010 2 148 400 332
tvmonitor 0.0012 64 98 98 126
