person 0.0583 23 290 41 308
person 0.0365 8 288 39 310
person 0.0168 1 287 25 310
person 0.0094 0 279 6 314
person 0.0067 376 304 388 331
person 0.0066 0 273 4 286
person 0.0056 0 272 4 305
person 0.0050 379 302 394 332
person 0.0036 367 308 375 329
person 0.0031 392 298 401 313
person 0.0029 34 291 49 308
person 0.0024 47 291 58 308
person 0.0021 382 299 392 318
person 0.0021 348 307 356 327
person 0.0019 337 298 345 319
person 0.0017 401 297 409 313
person 0.0016 328 301 336 314
person 0.0015 26 290 58 309
person 0.0015 390 304 403 331
person 0.0015 367 298 374 318
person 0.0015 1 281 47 313
person 0.0014 23 298 41 310
person 0.0014 286 281 294 298
person 0.0013 356 308 366 328
person 0.0012 344 294 355 321
person 0.0012 281 284 290 311
person 0.0011 280 297 287 317
person 0.0011 280 282 291 298
person 0.0010 285 282 295 310
person 0.0010 326 306 335 325
person 0.0010 0 280 8 332
bicycle 0.0029 419 314 438 337
bicycle 0.0014 412 315 422 336
bicycle 0.0013 422 307 436 329
bicycle 0.0012 379 302 395 332
bicycle 0.0011 376 303 388 331
car 0.9383 -1 284 86 372
car 0.0252 0 272 4 305
car 0.0252 0 273 4 286
car 0.0135 0 279 6 314
car 0.0061 473 300 497 314
car 0.0057 137 293 188 339
car 0.0030 467 298 486 315
car 0.0028 0 280 8 332
car 0.0023 490 300 500 315
car 0.0022 167 303 246 367
car 0.0017 0 271 23 320
car 0.0015 129 296 169 337
car 0.0015 0 277 13 316
car 0.0013 172 296 239 333
car 0.0012 454 291 498 334
car 0.0012 461 296 493 320
car 0.0010 163 287 188 305
bus 0.0021 -3 285 85 370
train 0.0011 -2 2 511 377
boat 0.0012 -2 2 511 377
boat 0.0010 177 309 489 372
