person 0.3765 350 209 389 258
person 0.2735 199 212 216 250
person 0.1772 270 239 290 255
person 0.0776 294 57 308 78
person 0.0759 385 220 435 262
person 0.0638 224 239 243 254
person 0.0510 21 224 32 240
person 0.0476 492 238 500 264
person 0.0421 60 52 499 372
person 0.0335 275 58 308 101
person 0.0328 97 128 109 141
person 0.0319 26 222 34 242
person 0.0311 340 236 357 258
person 0.0310 347 208 374 232
person 0.0282 198 212 236 253
person 0.0279 451 218 487 263
person 0.0247 423 234 436 261
person 0.0196 266 234 287 252
person 0.0155 335 206 371 258
person 0.0140 156 215 179 247
person 0.0136 1 211 24 228
person 0.0130 432 214 480 263
person 0.0130 469 220 486 245
person 0.0125 235 239 248 254
person 0.0117 493 207 500 256
person 0.0117 167 214 187 248
person 0.0115 224 233 234 252
person 0.0095 141 116 156 132
person 0.0089 470 220 499 262
person 0.0089 284 57 306 80
person 0.0082 342 204 380 242
person 0.0079 338 230 350 254
person 0.0076 102 202 120 241
person 0.0075 0 222 28 241
person 0.0074 0 213 9 225
person 0.0069 365 214 390 245
person 0.0067 181 213 193 248
person 0.0063 224 212 245 252
person 0.0057 140 217 154 245
person 0.0053 151 233 162 246
person 0.0051 292 57 310 95
person 0.0041 109 115 132 138
person 0.0040 99 127 117 140
person 0.0040 217 213 237 252
person 0.0037 367 213 388 232
person 0.0037 296 197 441 269
person 0.0034 345 221 378 257
person 0.0033 199 93 217 119
person 0.0032 261 234 272 251
person 0.0031 169 228 185 248
person 0.0031 488 233 500 265
person 0.0029 39 212 50 225
person 0.0027 183 212 212 250
person 0.0026 68 122 90 148
person 0.0025 0 220 12 240
person 0.0024 182 228 192 249
person 0.0024 140 101 156 132
person 0.0023 14 222 34 242
person 0.0022 244 233 266 252
person 0.0021 152 216 169 247
person 0.0021 369 218 408 260
person 0.0020 332 48 373 85
person 0.0018 38 204 50 219
person 0.0018 428 234 440 261
person 0.0018 403 216 458 263
person 0.0017 7 225 35 254
person 0.0017 347 56 374 82
person 0.0015 381 214 400 227
person 0.0015 146 105 171 129
person 0.0015 233 231 252 253
person 0.0015 22 220 41 243
person 0.0013 26 229 36 245
person 0.0013 285 241 303 256
person 0.0013 112 206 127 235
person 0.0013 64 134 82 150
person 0.0012 157 229 178 247
person 0.0011 262 223 296 253
person 0.0011 177 90 193 121
person 0.0011 180 212 193 231
person 0.0011 154 211 203 250
person 0.0011 150 93 170 120
person 0.0010 103 200 119 223
person 0.0010 317 231 328 250
person 0.0010 258 238 274 255
person 0.0010 378 220 397 260
person 0.0010 71 135 88 148
person 0.0010 215 212 256 256
car 0.9733 0 223 31 257
car 0.0093 0 201 25 222
car 0.0088 0 222 28 241
car 0.0047 0 213 9 225
car 0.0045 21 224 32 240
car 0.0039 0 224 12 256
car 0.0039 1 211 24 228
car 0.0022 -1 204 29 235
car 0.0020 0 220 12 240
car 0.0013 14 222 34 242
car 0.0013 0 199 24 210
car 0.0010 35 233 53 244
bus 0.9910 57 0 496 375
bus 0.0135 0 201 25 222
bus 0.0041 0 206 27 233
bus 0.0012 -1 223 32 257
chair 0.0354 64 -17 493 332
chair 0.0149 141 116 156 132
chair 0.0100 145 113 171 132
chair 0.0064 226 93 245 114
chair 0.0052 270 239 290 255
chair 0.0040 199 93 217 119
chair 0.0040 239 88 273 107
chair 0.0036 110 124 131 139
chair 0.0033 178 106 193 122
chair 0.0026 168 106 191 125
chair 0.0025 99 127 117 140
chair 0.0022 97 128 109 141
chair 0.0016 141 102 175 132
chair 0.0015 157 114 175 130
chair 0.0013 153 107 179 128
chair 0.0012 244 233 266 252
chair 0.0010 285 241 303 256
