person 0.9814 233 25 424 336
person 0.9479 323 0 503 335
person 0.1983 254 92 388 257
person 0.0030 432 0 501 117
person 0.0025 431 0 500 331
person 0.0015 0 27 18 321
person 0.0012 0 228 18 320
car 0.0021 0 228 18 320
cat 0.0010 0 228 18 320
bottle 0.0019 111 311 148 333
bottle 0.0013 -1 249 17 303
chair 0.0041 0 248 18 331
chair 0.0010 0 104 17 327
sofa 0.0028 0 248 18 331
pottedplant 0.9631 119 76 209 186
pottedplant 0.6404 83 214 124 329
pottedplant 0.0195 0 228 18 320
pottedplant 0.0102 150 140 205 182
pottedplant 0.0096 0 247 17 289
pottedplant 0.0089 150 153 210 195
pottedplant 0.0089 291 210 352 291
pottedplant 0.0066 70 180 134 332
pottedplant 0.0060 146 174 212 202
pottedplant 0.0056 91 253 126 336
pottedplant 0.0047 0 139 17 329
pottedplant 0.0036 5 211 122 331
pottedplant 0.0034 287 181 365 307
pottedplant 0.0034 87 206 119 266
pottedplant 0.0021 88 236 148 336
pottedplant 0.0017 0 207 15 288
pottedplant 0.0016 -1 195 25 344
pottedplant 0.0012 99 303 149 331
pottedplant 0.0012 188 148 209 178
pottedplant 0.0011 156 155 194 183
diningtable 0.0016 0 248 18 331
