person 0.0334 15 0 42 12
person 0.0171 26 0 48 12
person 0.0028 96 -2 133 29
person 0.0020 334 -1 375 18
person 0.0020 236 0 263 4
person 0.0015 28 0 67 11
person 0.0015 104 0 145 10
person 0.0014 278 0 319 8
person 0.0011 334 61 353 84
person 0.0010 294 0 339 13
person 0.0010 164 16 183 51
car 0.9936 144 0 321 181
car 0.9770 248 29 375 336
car 0.9074 98 -2 151 69
car 0.8624 76 0 115 43
car 0.7440 119 1 192 98
car 0.4472 326 0 375 20
car 0.1593 119 0 276 98
car 0.1426 312 0 362 15
car 0.0935 278 0 337 12
car 0.0579 278 0 319 8
car 0.0300 86 -2 144 34
car 0.0159 46 0 109 43
car 0.0148 119 0 167 66
car 0.0142 237 0 321 8
car 0.0112 70 -1 136 55
car 0.0097 121 0 232 56
car 0.0096 82 0 167 87
car 0.0073 253 0 376 17
car 0.0069 136 1 311 53
car 0.0068 27 0 87 11
car 0.0056 90 0 178 12
car 0.0055 23 0 104 25
car 0.0052 119 0 226 28
car 0.0050 117 0 154 100
car 0.0050 250 0 307 5
car 0.0046 90 -6 222 112
car 0.0045 135 0 333 23
car 0.0042 15 0 42 12
car 0.0040 94 -1 180 31
car 0.0039 354 0 376 14
car 0.0036 123 0 223 10
car 0.0036 349 0 378 22
car 0.0033 11 0 62 13
car 0.0029 104 0 145 10
car 0.0029 156 0 324 9
car 0.0026 64 0 90 7
car 0.0025 289 0 365 21
car 0.0022 72 2 87 42
car 0.0019 26 0 48 12
car 0.0017 163 5 201 59
car 0.0014 141 -2 370 107
car 0.0014 363 0 382 8
car 0.0014 72 0 100 9
car 0.0012 77 -1 133 14
car 0.0012 241 -1 333 26
car 0.0011 151 0 213 45
car 0.0010 147 0 198 7
bus 0.0025 334 -1 375 18
bus 0.0023 307 -1 369 16
bus 0.0014 289 -1 345 13
bus 0.0011 267 0 328 10
bottle 0.0073 168 154 177 182
bottle 0.0025 141 184 151 206
bottle 0.0020 116 155 137 180
bottle 0.0018 139 178 148 197
bottle 0.0016 167 159 177 192
bottle 0.0015 147 148 174 188
bottle 0.0011 52 227 102 245
bottle 0.0010 163 151 179 185
pottedplant 0.0013 15 0 42 12
tvmonitor 0.9960 84 251 288 469
tvmonitor 0.0047 60 164 191 231
