person 0.9193 10 109 343 332
person 0.4911 374 12 500 325
person 0.0296 373 166 499 342
person 0.0276 338 209 435 268
person 0.0106 273 124 475 287
person 0.0105 130 108 444 334
person 0.0053 230 1 509 344
person 0.0053 298 119 420 230
person 0.0038 233 -1 243 26
person 0.0025 236 0 249 25
person 0.0016 474 72 500 284
person 0.0013 3 318 91 337
person 0.0012 0 96 108 339
person 0.0010 444 24 499 330
car 0.0045 182 1 210 20
car 0.0031 193 0 220 21
car 0.0014 202 0 230 21
chair 0.2289 1 118 407 340
chair 0.0070 380 151 500 335
chair 0.0044 473 183 500 331
chair 0.0043 474 170 500 264
chair 0.0020 282 129 465 271
chair 0.0020 306 126 397 221
chair 0.0017 217 134 433 327
chair 0.0016 479 242 500 338
chair 0.0012 449 172 499 329
chair 0.0012 319 93 501 315
chair 0.0011 474 72 500 284
chair 0.0011 377 239 499 342
sofa 0.7576 -1 117 412 340
sofa 0.0120 380 151 500 335
sofa 0.0024 377 239 499 342
sofa 0.0019 326 206 437 270
sofa 0.0017 99 100 425 256
sofa 0.0015 473 183 500 331
sofa 0.0013 217 148 457 320
sofa 0.0012 2 119 195 313
sofa 0.0012 282 129 465 271
sofa 0.0011 449 172 499 329
sofa 0.0011 319 93 501 315
sofa 0.0010 479 242 500 338
pottedplant 0.0010 111 2 320 84
diningtable 0.0017 473 183 500 331
