person 0.0085 397 175 407 202
person 0.0047 382 174 393 205
person 0.0035 393 173 408 228
person 0.0032 400 178 410 199
person 0.0025 203 161 214 176
person 0.0020 400 174 409 191
person 0.0017 378 166 420 227
person 0.0012 384 173 396 191
person 0.0011 400 184 412 216
person 0.0010 0 257 10 316
person 0.0010 121 203 133 215
train 0.8798 103 145 502 237
train 0.0020 122 191 509 233
chair 0.0083 0 282 35 307
chair 0.0047 0 295 59 332
chair 0.0043 -1 281 35 330
chair 0.0013 0 275 53 319
chair 0.0012 -1 282 36 294
diningtable 0.1026 0 281 35 308
diningtable 0.1011 -1 282 36 294
diningtable 0.0295 0 295 59 332
diningtable 0.0196 0 275 53 319
diningtable 0.0021 0 254 34 302
diningtable 0.0021 0 272 8 301
diningtable 0.0012 0 257 10 316
