person 0.0026 496 165 499 177
person 0.0013 53 177 58 189
horse 0.0046 265 184 280 197
horse 0.0022 185 183 201 198
horse 0.0021 227 184 246 197
horse 0.0019 331 179 351 194
horse 0.0012 236 184 250 197
horse 0.0012 295 181 311 192
horse 0.0010 137 183 153 195
sheep 0.9397 227 184 246 197
sheep 0.9247 183 183 198 198
sheep 0.9078 137 183 153 195
sheep 0.8992 295 181 311 192
sheep 0.8884 265 184 280 197
sheep 0.8147 331 179 351 194
sheep 0.4545 236 184 250 197
sheep 0.1501 489 190 500 204
sheep 0.0720 215 177 220 186
sheep 0.0391 218 201 249 213
sheep 0.0361 390 190 411 204
sheep 0.0268 490 190 500 227
sheep 0.0218 496 165 499 177
sheep 0.0206 467 188 486 198
sheep 0.0173 392 188 409 199
sheep 0.0172 330 182 338 193
sheep 0.0162 173 178 177 187
sheep 0.0137 153 178 158 184
sheep 0.0130 344 178 352 189
sheep 0.0122 291 179 315 195
sheep 0.0112 463 190 491 204
sheep 0.0105 98 171 383 213
sheep 0.0103 446 192 468 203
sheep 0.0089 304 182 314 192
sheep 0.0087 27 156 472 196
sheep 0.0079 469 188 500 231
sheep 0.0071 230 164 500 222
sheep 0.0070 494 169 500 190
sheep 0.0067 447 190 484 206
sheep 0.0066 344 181 351 192
sheep 0.0066 -3 205 113 274
sheep 0.0054 165 161 430 200
sheep 0.0053 446 193 486 226
sheep 0.0052 469 189 500 207
sheep 0.0052 193 178 200 186
sheep 0.0050 403 192 433 201
sheep 0.0037 -2 168 502 327
sheep 0.0037 224 191 248 208
sheep 0.0036 259 169 265 177
sheep 0.0036 240 161 512 195
sheep 0.0035 53 177 58 189
sheep 0.0035 305 179 313 189
sheep 0.0035 454 189 479 198
sheep 0.0035 379 175 385 183
sheep 0.0033 392 187 421 200
sheep 0.0033 0 166 275 225
sheep 0.0031 417 299 499 333
sheep 0.0031 115 178 119 186
sheep 0.0030 486 188 501 211
sheep 0.0028 446 187 500 214
sheep 0.0028 32 183 40 192
sheep 0.0025 471 187 499 199
sheep 0.0023 224 186 234 195
sheep 0.0022 53 183 58 191
sheep 0.0021 95 184 102 191
sheep 0.0021 259 186 275 197
sheep 0.0021 451 194 501 241
sheep 0.0020 259 174 267 185
sheep 0.0019 429 261 501 333
sheep 0.0019 491 191 500 265
sheep 0.0019 139 179 154 188
sheep 0.0018 429 198 463 235
sheep 0.0018 51 163 317 200
sheep 0.0018 -1 207 63 267
sheep 0.0018 287 175 295 187
sheep 0.0017 330 178 338 190
sheep 0.0017 3 50 493 199
sheep 0.0017 36 184 44 192
sheep 0.0017 417 193 433 201
sheep 0.0017 199 177 216 187
sheep 0.0017 136 180 146 187
sheep 0.0016 0 183 4 193
sheep 0.0016 13 178 19 187
sheep 0.0016 485 193 500 243
sheep 0.0016 474 263 500 320
sheep 0.0016 0 178 5 188
sheep 0.0015 441 185 492 201
sheep 0.0015 33 178 40 189
sheep 0.0015 407 189 428 197
sheep 0.0015 382 175 498 233
sheep 0.0014 414 193 491 234
sheep 0.0013 1 157 352 257
sheep 0.0013 486 182 501 202
sheep 0.0012 391 190 440 205
sheep 0.0012 182 188 198 204
sheep 0.0011 496 153 500 173
sheep 0.0010 458 195 495 222
sheep 0.0010 187 190 202 202
sheep 0.0010 432 198 459 221
sheep 0.0010 449 189 467 199
cow 0.1431 265 184 280 197
cow 0.0287 227 184 246 197
cow 0.0213 236 184 250 197
cow 0.0166 183 183 198 198
cow 0.0158 295 179 311 190
cow 0.0148 137 183 153 195
cow 0.0094 489 190 500 204
cow 0.0094 331 179 351 194
cow 0.0073 496 165 499 177
cow 0.0026 392 190 419 204
cow 0.0025 98 171 383 213
cow 0.0022 215 177 220 186
cow 0.0016 494 169 500 190
cow 0.0016 392 188 409 199
cow 0.0015 467 188 486 198
cow 0.0013 53 177 58 189
cow 0.0013 218 201 249 213
cow 0.0013 446 189 500 231
