person 0.0023 96 180 109 204
car 0.9634 10 175 91 223
car 0.0206 133 182 149 205
car 0.0198 100 181 152 210
car 0.0159 134 180 160 202
car 0.0145 141 179 183 213
car 0.0137 134 190 147 208
car 0.0062 340 159 411 193
car 0.0061 144 174 214 224
car 0.0060 146 187 171 215
car 0.0056 127 177 167 210
car 0.0054 152 193 215 234
car 0.0048 143 182 173 200
car 0.0040 105 191 115 211
car 0.0039 131 155 221 238
car 0.0039 134 165 181 200
car 0.0036 147 204 166 216
car 0.0034 136 187 160 213
car 0.0032 69 100 435 290
car 0.0032 285 162 351 192
car 0.0031 132 142 362 309
car 0.0030 53 179 120 210
car 0.0030 144 159 278 279
car 0.0029 92 180 112 206
car 0.0028 160 191 192 213
car 0.0025 10 171 58 214
car 0.0022 302 134 425 226
car 0.0020 99 179 118 209
car 0.0019 165 194 187 211
car 0.0019 161 199 191 223
car 0.0016 87 189 115 210
car 0.0015 10 173 21 193
car 0.0015 336 92 462 211
car 0.0015 38 185 101 219
car 0.0015 150 201 185 220
car 0.0014 4 128 174 252
car 0.0014 162 215 175 226
car 0.0013 133 175 149 192
car 0.0012 357 161 403 184
car 0.0012 34 30 474 348
car 0.0011 163 211 190 228
car 0.0011 311 31 416 175
car 0.0010 153 179 200 207
car 0.0010 7 173 25 208
car 0.0010 314 114 479 248
car 0.0010 346 149 442 202
car 0.0010 153 172 181 195
car 0.0010 11 174 36 210
cat 0.9862 279 167 434 342
dog 0.0050 280 153 433 332
sheep 0.0011 270 283 471 375
chair 0.0117 270 283 471 375
sofa 0.0010 273 283 467 375
pottedplant 0.0047 268 288 468 370
pottedplant 0.0022 132 142 362 309
pottedplant 0.0017 280 153 433 332
pottedplant 0.0012 431 82 472 161
pottedplant 0.0012 403 64 475 167
