person 0.9884 0 -15 186 382
person 0.6815 311 85 391 339
person 0.5983 228 68 258 132
person 0.5377 170 66 189 87
person 0.2246 250 113 324 268
person 0.1710 469 7 501 382
person 0.0849 231 68 256 105
person 0.0767 227 108 259 170
person 0.0597 157 66 196 100
person 0.0530 14 72 36 95
person 0.0498 230 119 258 149
person 0.0350 350 4 374 33
person 0.0334 299 75 380 160
person 0.0325 234 66 252 92
person 0.0264 270 31 390 280
person 0.0262 89 77 249 292
person 0.0229 142 155 217 267
person 0.0216 100 69 155 107
person 0.0202 217 59 282 169
person 0.0187 356 3 383 82
person 0.0175 236 40 336 273
person 0.0171 0 46 6 109
person 0.0163 230 110 289 206
person 0.0156 235 89 279 146
person 0.0152 333 11 408 134
person 0.0140 414 124 491 250
person 0.0136 223 76 262 199
person 0.0126 136 142 221 370
person 0.0126 237 69 266 122
person 0.0123 274 82 324 243
person 0.0123 373 56 492 341
person 0.0114 158 66 177 87
person 0.0098 225 84 252 144
person 0.0094 8 61 41 98
person 0.0093 451 57 500 297
person 0.0082 348 1 373 17
person 0.0079 277 117 322 154
person 0.0071 140 35 377 354
person 0.0069 352 10 397 112
person 0.0066 240 97 320 178
person 0.0064 374 2 424 78
person 0.0063 341 -1 377 43
person 0.0061 0 65 20 134
person 0.0061 0 70 4 120
person 0.0056 1 69 27 102
person 0.0055 370 0 438 132
person 0.0050 173 70 196 96
person 0.0050 22 21 314 350
person 0.0048 480 -18 500 260
person 0.0047 304 -2 375 40
person 0.0046 354 6 380 51
person 0.0046 250 109 281 140
person 0.0045 376 1 403 32
person 0.0045 221 123 345 307
person 0.0044 441 13 469 75
person 0.0044 19 64 43 92
person 0.0043 130 108 283 339
person 0.0041 239 0 372 122
person 0.0041 269 0 314 23
person 0.0041 145 75 156 97
person 0.0040 148 66 171 86
person 0.0039 280 117 344 272
person 0.0038 146 71 171 102
person 0.0037 297 0 367 16
person 0.0037 240 110 267 140
person 0.0037 12 45 44 87
person 0.0035 0 79 21 391
person 0.0031 154 74 182 96
person 0.0030 323 76 391 136
person 0.0030 104 83 134 110
person 0.0030 267 -4 404 168
person 0.0029 83 47 169 120
person 0.0029 172 59 187 81
person 0.0029 141 73 158 103
person 0.0028 150 247 217 371
person 0.0027 19 53 43 78
person 0.0027 302 187 369 328
person 0.0026 315 92 392 180
person 0.0024 210 19 377 212
person 0.0023 415 2 485 78
person 0.0022 233 112 273 154
person 0.0022 226 123 300 276
person 0.0021 261 21 473 349
person 0.0021 3 67 40 126
person 0.0021 249 0 313 33
person 0.0021 245 86 261 123
person 0.0020 376 2 407 54
person 0.0019 339 1 367 12
person 0.0019 284 120 321 226
person 0.0019 154 84 197 105
person 0.0018 274 148 319 278
person 0.0018 253 112 313 155
person 0.0018 366 26 390 86
person 0.0018 0 61 7 168
person 0.0018 29 69 227 173
person 0.0017 374 2 388 31
person 0.0016 3 64 22 93
person 0.0016 361 26 382 69
person 0.0016 7 8 242 122
person 0.0016 363 213 492 374
car 0.0017 43 -15 451 393
car 0.0015 10 0 233 368
car 0.0012 329 10 496 362
car 0.0010 0 50 6 105
bus 0.0256 -1 -21 200 351
bus 0.0022 25 65 234 228
bus 0.0020 -4 34 209 177
train 0.0211 -1 -21 200 351
train 0.0054 43 -15 451 393
train 0.0027 140 35 377 354
train 0.0018 89 77 249 292
train 0.0012 -4 34 209 177
train 0.0010 306 48 394 342
train 0.0010 329 10 496 362
chair 0.0020 441 13 469 75
pottedplant 0.0029 223 0 271 37
tvmonitor 0.0025 441 13 469 75
tvmonitor 0.0021 0 46 6 109
