person 0.5010 25 31 240 273
person 0.3635 73 19 184 252
person 0.1342 74 22 189 106
person 0.0520 71 23 129 272
person 0.0117 51 175 117 264
person 0.0070 36 16 144 253
person 0.0041 43 127 166 269
person 0.0038 278 83 302 119
person 0.0027 47 15 56 25
person 0.0027 294 87 306 120
person 0.0021 301 85 308 123
person 0.0020 112 47 203 226
person 0.0013 27 92 124 273
person 0.0012 255 79 301 121
person 0.0011 63 16 70 26
person 0.0010 84 70 116 251
car 0.0037 225 75 304 126
car 0.0010 218 95 294 128
bus 0.0010 145 47 308 116
horse 0.9901 13 48 296 270
horse 0.0030 230 80 306 126
horse 0.0019 16 87 153 273
horse 0.0016 98 53 175 268
horse 0.0013 213 50 299 125
horse 0.0013 73 68 125 272
pottedplant 0.0048 207 0 253 27
pottedplant 0.0027 249 2 286 26
pottedplant 0.0024 18 0 291 27
pottedplant 0.0022 162 0 291 27
pottedplant 0.0015 46 0 163 26
pottedplant 0.0015 178 0 236 27
pottedplant 0.0011 252 13 285 26
pottedplant 0.0011 204 0 257 53
pottedplant 0.0011 58 0 140 16
