person 0.6567 44 82 384 333
person 0.5240 0 -9 47 326
person 0.0417 135 145 303 285
person 0.0228 0 16 94 333
person 0.0084 -6 73 142 276
person 0.0081 0 15 24 330
person 0.0041 145 85 292 223
person 0.0035 0 183 103 331
person 0.0034 0 67 46 217
person 0.0029 155 171 396 334
person 0.0024 -1 156 58 340
person 0.0020 54 165 307 336
person 0.0013 130 75 343 275
person 0.0012 0 159 17 269
bird 0.0157 167 36 183 73
bird 0.0077 168 34 183 54
bird 0.0020 166 31 204 75
bird 0.0014 174 37 198 73
cat 0.0062 116 162 306 326
cat 0.0027 373 149 499 332
cat 0.0019 40 82 385 331
cat 0.0013 143 172 299 257
dog 0.9777 374 159 500 335
dog 0.6413 116 162 306 326
dog 0.1223 40 82 385 331
dog 0.0461 142 166 299 263
dog 0.0027 155 171 396 334
dog 0.0019 -9 144 299 337
dog 0.0016 33 225 392 332
bottle 0.1816 455 49 477 78
bottle 0.0029 335 232 378 288
bottle 0.0017 212 41 242 75
bottle 0.0017 224 41 240 54
chair 0.1737 0 186 102 348
chair 0.0377 -1 156 58 340
chair 0.0354 0 250 62 335
chair 0.0238 373 166 498 372
chair 0.0086 -1 11 51 314
chair 0.0078 0 93 136 340
chair 0.0067 53 93 307 334
chair 0.0022 0 180 21 324
chair 0.0019 -4 174 215 333
chair 0.0018 383 222 436 313
chair 0.0016 0 159 17 269
chair 0.0015 0 288 50 342
chair 0.0014 380 228 406 306
chair 0.0011 0 204 10 329
chair 0.0011 0 86 20 304
chair 0.0011 368 159 461 312
chair 0.0010 0 245 23 338
chair 0.0010 33 225 392 332
sofa 0.0340 0 183 103 331
sofa 0.0141 53 93 307 334
sofa 0.0087 0 58 53 365
sofa 0.0054 374 148 498 332
sofa 0.0051 0 93 136 340
sofa 0.0021 -1 200 58 352
sofa 0.0017 33 225 392 332
sofa 0.0016 -4 174 215 333
pottedplant 0.8625 44 129 141 198
pottedplant 0.0335 393 5 448 81
pottedplant 0.0191 393 45 449 79
pottedplant 0.0076 416 13 433 59
pottedplant 0.0058 -6 73 142 276
pottedplant 0.0046 408 5 431 67
pottedplant 0.0021 8 130 157 337
pottedplant 0.0019 409 6 444 47
pottedplant 0.0018 11 107 172 223
pottedplant 0.0016 419 25 429 49
diningtable 0.0120 130 77 502 171
diningtable 0.0037 139 56 495 129
diningtable 0.0032 137 66 497 279
diningtable 0.0012 134 84 501 113
tvmonitor 0.0074 493 129 500 177
tvmonitor 0.0017 492 94 500 190
