person 0.9863 47 190 111 400
person 0.4913 280 141 331 234
person 0.1095 170 296 208 382
person 0.0827 0 217 16 255
person 0.0532 84 214 91 235
person 0.0454 221 188 243 245
person 0.0452 87 206 102 247
person 0.0255 145 276 202 373
person 0.0252 170 218 212 384
person 0.0226 159 288 200 331
person 0.0226 278 192 310 243
person 0.0144 0 220 15 283
person 0.0131 217 173 251 236
person 0.0111 291 147 333 206
person 0.0110 71 194 99 256
person 0.0109 90 210 100 222
person 0.0091 283 186 330 243
person 0.0090 90 211 109 256
person 0.0074 155 63 332 405
person 0.0068 290 144 322 174
person 0.0061 228 162 274 240
person 0.0058 79 207 91 227
person 0.0054 213 153 290 251
person 0.0051 239 158 311 247
person 0.0043 276 142 321 198
person 0.0040 108 225 113 243
person 0.0035 107 210 113 241
person 0.0034 156 241 204 354
person 0.0029 50 206 59 226
person 0.0029 156 198 165 234
person 0.0027 41 225 69 318
person 0.0022 230 167 248 208
person 0.0021 264 159 312 216
person 0.0021 259 157 328 275
person 0.0019 1 240 44 276
person 0.0019 114 276 187 350
person 0.0018 60 210 68 220
person 0.0018 159 223 165 245
person 0.0017 219 114 328 295
person 0.0016 303 150 327 184
person 0.0016 228 178 245 235
person 0.0015 229 202 245 246
person 0.0015 292 157 320 197
person 0.0014 231 161 265 214
person 0.0014 160 176 196 344
person 0.0013 119 200 290 392
person 0.0013 158 213 166 240
person 0.0013 243 171 269 222
person 0.0013 47 211 60 242
person 0.0013 178 230 203 294
person 0.0012 53 187 114 247
person 0.0012 81 195 106 240
person 0.0012 173 267 205 339
person 0.0012 278 163 296 193
person 0.0011 272 157 303 198
person 0.0010 151 312 191 353
person 0.0010 82 218 92 246
person 0.0010 62 201 109 265
person 0.0010 233 190 262 243
car 0.1709 1 240 44 276
car 0.0490 0 217 16 255
car 0.0092 55 177 111 200
car 0.0075 0 220 15 283
car 0.0043 2 231 46 263
car 0.0033 61 191 107 259
car 0.0030 159 223 165 245
car 0.0028 108 192 160 249
car 0.0026 27 221 67 310
car 0.0023 87 205 103 248
car 0.0015 5 239 46 255
car 0.0013 41 175 112 218
car 0.0012 84 214 91 235
car 0.0010 158 213 166 240
motorbike 0.0020 284 267 331 367
motorbike 0.0016 1 238 44 277
bus 0.9858 154 41 333 390
bus 0.9707 108 192 160 249
bus 0.1521 -1 162 112 257
bus 0.1159 155 158 187 274
bus 0.0810 47 182 110 257
bus 0.0198 -1 156 58 249
bus 0.0127 152 161 173 254
bus 0.0076 75 194 118 253
bus 0.0068 54 176 111 215
bus 0.0042 157 188 168 263
bus 0.0039 156 198 165 234
bus 0.0035 87 205 103 248
bus 0.0035 143 178 181 256
bus 0.0027 89 201 113 253
bus 0.0025 81 195 106 240
bus 0.0022 0 157 54 198
bus 0.0020 74 178 176 253
bus 0.0019 114 208 152 240
bus 0.0018 154 181 168 232
bus 0.0018 88 199 140 248
bus 0.0017 57 178 110 198
bus 0.0016 158 213 166 240
bus 0.0016 194 73 308 298
bus 0.0015 209 178 252 257
bus 0.0012 100 200 124 248
bus 0.0011 213 153 290 251
bus 0.0010 125 189 177 244
bus 0.0010 21 210 90 309
train 0.0137 -1 162 112 257
train 0.0091 139 26 338 415
train 0.0038 107 194 159 250
train 0.0035 47 181 111 258
train 0.0028 0 153 53 239
