bird 0.0073 449 142 458 148
bird 0.0069 171 236 182 246
bird 0.0034 434 154 464 170
bird 0.0021 0 302 7 331
bird 0.0015 266 170 301 220
dog 0.0176 435 155 473 171
dog 0.0064 449 142 458 148
dog 0.0046 111 143 124 149
dog 0.0040 268 169 300 219
dog 0.0027 339 154 366 172
dog 0.0017 146 173 193 204
horse 0.0089 434 155 474 171
horse 0.0055 266 170 301 220
horse 0.0015 449 142 458 148
sheep 0.9664 147 171 193 200
sheep 0.9390 266 170 301 220
sheep 0.7550 111 143 124 149
sheep 0.5459 339 154 366 172
sheep 0.4907 434 155 474 171
sheep 0.2201 449 142 458 148
sheep 0.0556 454 158 474 170
sheep 0.0384 341 153 394 172
sheep 0.0231 95 140 101 148
sheep 0.0203 472 142 479 148
sheep 0.0139 340 146 484 175
sheep 0.0133 109 141 126 151
sheep 0.0097 282 170 300 193
sheep 0.0084 364 151 391 171
sheep 0.0074 86 122 488 184
sheep 0.0074 435 154 445 167
sheep 0.0073 267 182 284 217
sheep 0.0069 177 182 193 199
sheep 0.0066 144 124 153 130
sheep 0.0065 445 142 455 149
sheep 0.0053 294 177 307 205
sheep 0.0049 148 171 171 198
sheep 0.0048 342 160 356 180
sheep 0.0040 282 167 300 182
sheep 0.0036 322 151 494 206
sheep 0.0033 79 141 504 218
sheep 0.0029 427 150 482 176
sheep 0.0028 339 148 366 166
sheep 0.0028 493 152 500 172
sheep 0.0028 206 153 210 159
sheep 0.0018 451 141 480 149
sheep 0.0018 0 202 6 218
sheep 0.0016 446 140 462 151
sheep 0.0016 104 146 341 209
sheep 0.0016 474 140 500 169
sheep 0.0015 435 151 458 163
sheep 0.0015 181 130 194 137
sheep 0.0015 90 138 98 148
sheep 0.0014 151 123 162 130
sheep 0.0014 340 156 362 183
sheep 0.0014 258 160 309 210
sheep 0.0013 171 236 182 246
sheep 0.0013 492 139 500 170
sheep 0.0013 438 142 475 170
sheep 0.0013 436 161 473 177
sheep 0.0012 337 155 383 185
sheep 0.0011 290 178 311 220
sheep 0.0010 0 188 6 216
sheep 0.0010 431 153 449 170
cow 0.1036 434 155 474 171
cow 0.0337 266 170 301 220
cow 0.0275 449 142 458 148
cow 0.0185 339 154 366 172
cow 0.0089 111 143 124 149
cow 0.0082 341 153 394 172
cow 0.0062 148 171 192 199
cow 0.0030 454 158 474 170
cow 0.0026 340 146 484 175
cow 0.0014 364 151 391 171
cow 0.0012 472 142 479 148
