person 0.9896 216 37 385 265
person 0.9815 37 59 246 287
person 0.0508 480 7 500 234
person 0.0421 486 81 500 274
person 0.0156 0 120 20 348
person 0.0128 488 147 500 238
person 0.0071 0 218 28 369
person 0.0055 0 111 55 261
person 0.0050 29 266 107 374
person 0.0050 -1 173 50 358
person 0.0037 488 158 500 315
person 0.0029 477 82 500 308
person 0.0024 447 0 499 242
person 0.0023 -1 103 111 354
person 0.0020 0 219 10 317
person 0.0016 0 109 22 209
person 0.0016 0 86 28 273
person 0.0015 478 123 499 242
person 0.0014 397 331 500 374
person 0.0010 0 124 6 318
person 0.0010 8 36 494 277
bird 0.0013 425 264 447 289
bottle 0.0683 451 254 481 319
bottle 0.0234 489 152 500 289
bottle 0.0149 353 255 386 298
bottle 0.0058 29 275 108 375
bottle 0.0056 318 261 358 320
bottle 0.0053 487 198 500 318
bottle 0.0042 353 260 372 296
bottle 0.0041 438 213 497 324
bottle 0.0029 367 257 387 295
bottle 0.0015 490 180 500 242
chair 0.0506 352 230 407 249
chair 0.0474 397 331 501 374
chair 0.0100 198 128 221 144
chair 0.0095 27 228 45 286
chair 0.0068 0 111 55 261
chair 0.0058 47 62 272 284
chair 0.0053 0 287 30 372
chair 0.0041 0 106 19 330
chair 0.0035 187 259 226 278
chair 0.0033 354 215 406 248
chair 0.0032 0 193 25 352
chair 0.0032 0 208 8 312
chair 0.0028 488 147 500 238
chair 0.0026 486 81 500 274
chair 0.0024 0 340 31 373
chair 0.0023 20 226 46 313
chair 0.0021 3 220 48 370
chair 0.0019 204 87 393 267
chair 0.0017 27 267 111 374
chair 0.0015 109 156 240 288
chair 0.0015 -9 177 60 334
chair 0.0015 0 225 28 312
chair 0.0014 365 205 393 238
chair 0.0014 236 250 275 268
chair 0.0012 3 80 495 372
chair 0.0011 0 107 58 141
chair 0.0010 221 169 405 276
chair 0.0010 0 257 30 340
chair 0.0010 0 224 6 296
pottedplant 0.0454 196 80 252 130
pottedplant 0.0233 73 63 139 131
pottedplant 0.0199 35 69 143 147
pottedplant 0.0106 26 62 244 156
pottedplant 0.0066 48 90 125 145
pottedplant 0.0062 85 96 112 129
pottedplant 0.0058 101 64 139 105
pottedplant 0.0042 487 198 500 318
pottedplant 0.0021 2 104 86 140
pottedplant 0.0021 143 65 285 152
pottedplant 0.0021 47 111 73 132
pottedplant 0.0018 39 54 282 274
pottedplant 0.0017 487 105 500 288
pottedplant 0.0011 0 44 136 159
pottedplant 0.0010 435 221 498 289
pottedplant 0.0010 -2 89 92 160
diningtable 0.7607 -3 225 501 370
diningtable 0.0242 36 54 243 277
diningtable 0.0199 0 109 123 173
diningtable 0.0065 3 80 495 372
diningtable 0.0053 0 110 56 162
diningtable 0.0050 0 287 30 372
diningtable 0.0048 2 74 134 160
diningtable 0.0047 278 252 429 330
diningtable 0.0045 18 126 102 164
diningtable 0.0039 242 234 497 361
diningtable 0.0039 -3 78 199 220
diningtable 0.0034 102 270 227 343
diningtable 0.0033 0 111 55 261
diningtable 0.0031 15 277 90 374
diningtable 0.0030 20 258 324 368
diningtable 0.0026 0 109 26 167
diningtable 0.0019 -1 88 112 278
diningtable 0.0019 1 103 87 141
diningtable 0.0018 0 92 20 265
diningtable 0.0017 0 340 31 373
diningtable 0.0017 384 224 499 375
diningtable 0.0015 317 262 357 319
diningtable 0.0014 353 255 387 298
diningtable 0.0011 -1 112 32 141
tvmonitor 0.0015 432 2 500 112
