person 0.9678 384 57 415 91
person 0.9005 356 64 368 84
person 0.8799 423 56 477 177
person 0.8273 480 67 500 141
person 0.1950 448 63 481 174
person 0.1887 343 67 352 80
person 0.1497 310 72 331 99
person 0.1294 419 62 458 136
person 0.0939 411 60 445 97
person 0.0921 452 77 479 133
person 0.0871 362 65 377 86
person 0.0734 205 57 242 92
person 0.0509 479 78 496 117
person 0.0465 340 69 349 80
person 0.0440 489 60 500 90
person 0.0425 480 65 495 89
person 0.0402 454 61 479 87
person 0.0400 298 51 307 69
person 0.0380 485 74 501 121
person 0.0266 307 59 316 72
person 0.0221 384 63 397 88
person 0.0203 479 72 494 97
person 0.0198 484 82 499 190
person 0.0197 340 62 348 78
person 0.0182 424 62 446 89
person 0.0180 467 82 485 129
person 0.0147 452 90 479 118
person 0.0141 371 71 382 87
person 0.0120 469 92 484 119
person 0.0106 341 65 355 83
person 0.0091 305 65 320 89
person 0.0087 409 68 426 87
person 0.0083 377 60 446 91
person 0.0081 434 57 501 146
person 0.0064 411 60 443 73
person 0.0059 416 58 489 104
person 0.0057 445 46 461 65
person 0.0051 438 54 473 82
person 0.0050 315 64 325 73
person 0.0049 312 82 331 105
person 0.0049 451 56 488 99
person 0.0047 402 65 434 88
person 0.0046 426 59 444 77
person 0.0045 455 69 479 106
person 0.0042 298 72 367 104
person 0.0041 256 59 299 98
person 0.0040 368 68 385 89
person 0.0040 149 31 168 43
person 0.0038 330 63 357 90
person 0.0038 441 57 458 75
person 0.0037 484 53 500 84
person 0.0036 488 120 500 187
person 0.0036 428 67 483 128
person 0.0035 54 38 489 352
person 0.0034 393 56 419 80
person 0.0033 415 76 442 116
person 0.0033 491 107 500 141
person 0.0032 473 53 500 190
person 0.0031 303 73 326 95
person 0.0031 421 66 449 105
person 0.0028 249 58 260 76
person 0.0025 -2 33 499 116
person 0.0024 399 76 416 91
person 0.0023 446 65 468 82
person 0.0023 459 55 486 83
person 0.0022 304 57 318 77
person 0.0021 246 63 265 88
person 0.0021 322 74 456 172
person 0.0021 173 58 199 95
person 0.0020 422 55 448 82
person 0.0020 419 83 438 107
person 0.0019 298 53 310 76
person 0.0018 490 48 500 67
person 0.0018 360 60 373 81
person 0.0018 321 88 340 104
person 0.0017 306 54 315 68
person 0.0017 131 26 187 47
person 0.0017 313 52 491 111
person 0.0017 337 59 350 80
person 0.0017 249 64 278 88
person 0.0016 472 49 501 120
person 0.0016 288 57 300 72
person 0.0016 406 60 429 70
person 0.0016 466 77 482 97
person 0.0016 394 71 421 97
person 0.0016 288 52 300 67
person 0.0015 216 60 248 89
person 0.0015 421 93 456 152
person 0.0014 358 77 381 91
person 0.0014 311 74 351 99
person 0.0014 415 103 436 130
person 0.0013 144 29 174 45
person 0.0012 466 50 482 62
person 0.0012 478 97 497 149
person 0.0012 410 73 428 95
person 0.0012 332 67 417 99
person 0.0011 384 78 394 88
person 0.0011 491 42 500 53
person 0.0011 400 91 435 138
person 0.0011 275 53 289 66
bicycle 0.0042 403 101 434 129
bicycle 0.0014 415 107 440 136
car 0.9975 41 40 462 351
car 0.5671 324 86 453 185
car 0.2146 306 73 376 104
car 0.1264 316 82 433 120
car 0.0733 410 63 445 90
car 0.0482 7 3 231 86
car 0.0442 422 57 473 147
car 0.0419 329 76 370 99
car 0.0299 479 72 494 97
car 0.0290 415 58 491 104
car 0.0210 451 56 488 99
car 0.0210 487 54 500 83
car 0.0204 480 63 496 91
car 0.0202 453 57 482 82
car 0.0193 478 67 501 141
car 0.0184 321 82 362 106
car 0.0152 137 16 221 42
car 0.0135 480 49 500 118
car 0.0133 377 60 446 91
car 0.0127 452 73 481 133
car 0.0118 479 78 496 117
car 0.0097 409 68 426 87
car 0.0095 402 65 434 88
car 0.0088 382 59 416 90
car 0.0082 324 74 454 135
car 0.0079 400 89 435 126
car 0.0078 490 66 500 106
car 0.0065 221 65 456 176
car 0.0065 485 74 501 121
car 0.0062 381 75 447 127
car 0.0061 346 74 392 95
car 0.0058 304 66 440 102
car 0.0056 321 79 397 110
car 0.0055 396 91 423 122
car 0.0053 372 77 382 89
car 0.0048 0 6 138 105
car 0.0046 406 60 429 70
car 0.0044 463 76 487 119
car 0.0041 307 71 333 103
car 0.0039 284 66 394 130
car 0.0036 420 60 453 111
car 0.0036 490 48 500 67
car 0.0035 358 77 381 91
car 0.0031 411 60 443 73
car 0.0029 466 77 482 97
car 0.0028 313 52 491 111
car 0.0025 378 80 421 114
car 0.0024 22 28 475 200
car 0.0024 -3 5 252 151
car 0.0024 349 75 373 95
car 0.0023 402 68 437 102
car 0.0022 321 88 340 104
car 0.0022 414 73 443 119
car 0.0020 397 74 490 198
car 0.0020 455 68 479 107
car 0.0019 425 50 486 85
car 0.0018 491 42 500 53
car 0.0018 -2 33 499 116
car 0.0017 320 63 363 91
car 0.0017 442 58 494 173
car 0.0016 184 72 412 122
car 0.0016 343 67 352 80
car 0.0015 397 98 467 176
car 0.0015 432 48 505 122
car 0.0014 410 73 428 95
car 0.0014 484 82 499 190
car 0.0014 369 74 384 92
car 0.0014 402 59 434 75
car 0.0014 95 15 226 68
car 0.0013 391 97 428 129
car 0.0012 311 74 351 99
car 0.0011 469 92 484 119
car 0.0011 58 10 227 48
car 0.0011 394 71 421 97
car 0.0011 384 78 394 88
car 0.0011 213 62 380 105
car 0.0011 437 54 475 82
car 0.0010 134 8 269 43
car 0.0010 340 85 417 110
car 0.0010 428 95 478 177
car 0.0010 340 69 349 80
motorbike 0.0049 401 100 436 130
motorbike 0.0023 419 62 458 136
motorbike 0.0022 394 78 438 126
motorbike 0.0021 372 77 382 89
motorbike 0.0014 394 91 424 122
motorbike 0.0012 414 81 442 130
motorbike 0.0011 386 75 414 91
motorbike 0.0011 453 74 480 132
motorbike 0.0010 399 76 416 91
motorbike 0.0010 410 59 468 171
motorbike 0.0010 384 78 394 88
motorbike 0.0010 419 83 438 107
bus 0.2695 1 2 216 94
bus 0.0367 1 6 124 114
bus 0.0094 2 0 204 205
bus 0.0026 486 53 500 84
bus 0.0024 -25 12 362 109
bus 0.0021 0 8 58 86
bus 0.0012 453 57 482 82
train 0.0021 2 1 238 94
