person 0.9967 13 28 195 373
person 0.0067 492 74 499 82
person 0.0064 488 108 500 143
person 0.0018 489 101 500 130
person 0.0016 230 93 263 113
person 0.0014 316 181 392 251
person 0.0013 140 90 155 99
person 0.0012 348 163 393 233
person 0.0011 476 71 497 81
person 0.0011 394 176 496 280
person 0.0010 443 103 499 139
bicycle 0.0010 470 106 500 143
car 0.7587 270 91 388 124
car 0.7535 180 85 271 111
car 0.2660 120 107 507 371
car 0.2447 133 97 220 130
car 0.0760 -1 83 33 115
car 0.0570 125 78 139 94
car 0.0561 133 92 270 135
car 0.0430 174 87 397 124
car 0.0334 133 91 186 103
car 0.0333 130 95 208 116
car 0.0297 0 76 27 95
car 0.0267 132 89 146 98
car 0.0227 475 37 500 81
car 0.0199 13 19 196 348
car 0.0122 180 87 233 109
car 0.0119 492 74 499 82
car 0.0116 13 85 55 109
car 0.0101 161 89 253 116
car 0.0095 476 71 497 81
car 0.0093 53 84 221 131
car 0.0092 493 35 499 44
car 0.0082 0 78 10 91
car 0.0064 453 103 500 131
car 0.0051 140 90 155 99
car 0.0050 12 67 84 100
car 0.0050 32 103 53 113
car 0.0049 470 106 500 143
car 0.0046 123 87 137 98
car 0.0046 -1 59 34 112
car 0.0044 455 102 499 115
car 0.0044 133 92 274 182
car 0.0043 386 107 443 134
car 0.0041 0 81 12 113
car 0.0039 129 69 191 97
car 0.0036 133 88 222 105
car 0.0035 475 66 499 84
car 0.0034 178 79 194 91
car 0.0032 469 63 479 75
car 0.0029 8 79 80 110
car 0.0027 33 106 53 118
car 0.0027 489 101 500 130
car 0.0024 272 84 463 129
car 0.0024 0 63 27 90
car 0.0022 177 96 218 112
car 0.0022 473 97 499 118
car 0.0021 3 60 493 242
car 0.0018 404 110 455 136
car 0.0018 0 75 14 96
car 0.0018 0 65 10 89
car 0.0018 213 84 296 117
car 0.0017 493 78 500 89
car 0.0017 468 69 482 78
car 0.0017 495 25 500 33
car 0.0017 413 115 444 135
car 0.0017 30 99 56 114
car 0.0017 491 95 500 120
car 0.0017 7 79 37 92
car 0.0017 126 78 147 97
car 0.0017 127 86 150 101
car 0.0016 266 93 343 119
car 0.0015 41 65 463 162
car 0.0015 357 109 384 122
car 0.0014 493 36 499 54
car 0.0014 371 80 445 132
car 0.0013 350 100 444 133
car 0.0013 183 80 212 92
car 0.0012 127 73 137 86
car 0.0012 414 104 495 138
car 0.0011 101 83 161 105
car 0.0011 143 103 212 165
car 0.0010 481 32 495 43
car 0.0010 412 106 444 129
motorbike 0.0016 12 77 196 382
bottle 0.0433 128 230 187 272
chair 0.5783 471 107 500 143
chair 0.2214 443 103 499 139
chair 0.1363 488 108 500 143
chair 0.0449 453 104 500 126
chair 0.0164 433 110 482 137
chair 0.0106 489 101 500 130
chair 0.0039 468 120 489 144
chair 0.0038 455 102 499 115
chair 0.0033 459 116 495 146
chair 0.0021 430 114 463 137
chair 0.0014 473 97 499 118
chair 0.0013 423 116 451 134
chair 0.0012 491 95 500 120
sofa 0.0018 122 106 506 371
diningtable 0.0135 471 108 500 142
diningtable 0.0097 443 103 499 139
diningtable 0.0075 488 108 500 143
diningtable 0.0061 453 104 500 126
diningtable 0.0040 489 101 500 130
tvmonitor 0.0083 122 106 506 371
