person 0.9888 -1 -1 257 381
person 0.2956 281 253 357 374
person 0.2028 358 313 422 375
person 0.1168 413 298 484 377
person 0.0935 359 299 382 337
person 0.0703 272 229 505 370
person 0.0601 334 292 414 340
person 0.0381 394 299 438 370
person 0.0290 372 311 405 340
person 0.0284 357 296 391 363
person 0.0200 428 296 477 338
person 0.0197 416 302 435 334
person 0.0171 385 312 411 339
person 0.0137 330 274 454 350
person 0.0116 399 296 421 339
person 0.0108 381 288 445 344
person 0.0092 361 283 422 348
person 0.0087 375 295 454 375
person 0.0080 403 299 432 338
person 0.0070 393 314 421 355
person 0.0063 299 249 334 292
person 0.0062 410 289 457 341
person 0.0062 431 304 461 332
person 0.0061 402 296 419 318
person 0.0060 264 282 466 375
person 0.0051 450 300 482 369
person 0.0049 396 311 417 343
person 0.0039 305 261 405 363
person 0.0034 367 314 393 338
person 0.0033 319 292 393 373
person 0.0032 401 242 495 370
person 0.0024 451 306 481 343
person 0.0024 383 295 411 323
person 0.0023 313 253 355 344
person 0.0022 404 322 464 372
person 0.0021 420 285 452 309
person 0.0020 416 304 434 367
person 0.0019 403 317 433 375
person 0.0019 296 251 313 268
person 0.0019 392 199 468 233
person 0.0015 436 278 456 295
person 0.0014 207 239 383 370
person 0.0014 389 5 500 363
person 0.0013 306 288 356 364
person 0.0013 405 259 461 335
person 0.0012 484 26 500 364
person 0.0012 334 289 366 365
person 0.0011 292 252 318 281
person 0.0011 455 324 486 373
person 0.0011 414 295 439 323
person 0.0010 464 310 484 344
person 0.0010 294 250 347 325
person 0.0010 404 294 429 322
person 0.0010 340 295 381 359
cat 0.0025 274 250 369 368
bottle 0.0025 271 180 308 223
bottle 0.0018 274 250 369 368
bottle 0.0013 220 279 285 376
bottle 0.0012 327 191 385 228
chair 0.0028 -3 3 228 377
chair 0.0017 392 199 468 233
sofa 0.0028 222 222 498 377
sofa 0.0011 -3 3 228 377
pottedplant 0.2938 294 123 431 230
pottedplant 0.0131 321 184 390 226
pottedplant 0.0035 288 151 445 287
pottedplant 0.0034 215 108 455 247
pottedplant 0.0029 312 170 426 231
pottedplant 0.0020 234 101 492 350
pottedplant 0.0019 -16 10 337 368
pottedplant 0.0014 130 93 222 222
pottedplant 0.0012 297 94 489 268
tvmonitor 0.9521 225 221 504 374
tvmonitor 0.0434 484 0 501 41
tvmonitor 0.0079 334 292 414 340
tvmonitor 0.0047 274 250 369 368
tvmonitor 0.0037 482 0 500 81
tvmonitor 0.0027 474 -2 501 52
