person 0.0061 0 83 58 370
person 0.0043 160 63 249 132
person 0.0029 -1 230 56 373
person 0.0015 271 63 352 129
person 0.0014 300 77 322 97
person 0.0011 218 76 234 99
car 0.0055 271 63 352 129
aeroplane 0.0013 261 152 386 186
cat 0.0016 125 162 255 209
bottle 0.0177 120 138 140 181
chair 0.8016 200 285 368 372
chair 0.0260 -1 230 56 373
chair 0.0139 322 325 491 374
chair 0.0110 0 112 52 362
chair 0.0077 209 251 492 371
chair 0.0067 0 289 21 376
chair 0.0063 -1 141 92 372
chair 0.0037 0 143 23 367
chair 0.0023 -1 247 16 368
chair 0.0021 324 181 496 370
chair 0.0018 -3 240 107 367
chair 0.0015 271 63 352 129
chair 0.0013 -2 290 87 373
sofa 0.0088 0 210 55 374
sofa 0.0026 0 254 20 374
sofa 0.0011 0 143 23 367
pottedplant 0.0038 413 21 446 75
tvmonitor 0.9932 155 56 253 150
tvmonitor 0.9786 265 53 359 145
tvmonitor 0.0194 363 50 467 181
tvmonitor 0.0066 276 68 347 122
tvmonitor 0.0016 78 47 422 165
