person 0.4587 178 165 194 198
person 0.3597 121 163 138 202
person 0.0919 179 165 194 179
person 0.0695 215 154 221 165
person 0.0677 121 164 136 181
person 0.0502 155 169 176 180
person 0.0488 143 166 153 181
person 0.0357 197 168 219 179
person 0.0285 150 167 170 180
person 0.0277 207 167 222 178
person 0.0261 365 194 375 207
person 0.0159 118 164 127 179
person 0.0153 188 162 207 179
person 0.0145 221 95 358 216
person 0.0113 172 167 189 196
person 0.0110 131 172 143 187
person 0.0104 173 168 184 178
person 0.0096 150 170 172 184
person 0.0077 117 164 129 197
person 0.0073 490 163 500 177
person 0.0068 493 173 500 188
person 0.0066 184 158 194 168
person 0.0063 220 167 231 176
person 0.0057 315 118 325 131
person 0.0052 0 153 7 164
person 0.0050 0 161 8 200
person 0.0047 493 180 499 196
person 0.0042 315 125 327 138
person 0.0042 61 108 439 220
person 0.0038 25 149 471 252
person 0.0038 299 115 307 129
person 0.0034 329 163 339 174
person 0.0032 466 186 483 215
person 0.0032 250 109 263 120
person 0.0030 325 125 337 137
person 0.0029 189 160 202 168
person 0.0029 128 169 145 193
person 0.0028 307 127 316 141
person 0.0026 237 126 248 138
person 0.0026 255 110 268 120
person 0.0025 228 165 238 174
person 0.0023 197 172 218 181
person 0.0022 130 165 145 182
person 0.0022 300 125 309 142
person 0.0021 307 116 316 129
person 0.0021 239 110 250 120
person 0.0019 488 160 500 168
person 0.0018 369 189 386 208
person 0.0018 238 118 247 128
person 0.0017 208 172 220 182
person 0.0016 335 125 345 138
person 0.0015 218 153 227 168
person 0.0015 354 193 370 205
person 0.0015 139 164 159 183
person 0.0014 155 162 212 197
person 0.0014 189 173 206 184
person 0.0014 174 181 186 198
person 0.0014 229 158 239 168
person 0.0013 179 161 222 188
person 0.0012 154 156 166 170
person 0.0012 494 186 500 211
person 0.0011 0 145 492 333
person 0.0011 144 159 255 191
person 0.0011 307 133 317 145
person 0.0011 61 172 81 189
person 0.0011 271 182 410 241
person 0.0010 213 151 224 172
person 0.0010 166 165 191 181
person 0.0010 358 191 382 208
person 0.0010 452 178 483 215
car 0.9958 302 186 403 243
car 0.9900 -1 157 131 266
car 0.5203 470 171 500 190
car 0.3025 435 173 457 184
car 0.1934 451 175 477 191
car 0.1824 439 173 472 186
car 0.1589 197 168 219 179
car 0.0965 472 163 500 180
car 0.0685 490 163 500 177
car 0.0679 443 164 468 179
car 0.0655 197 172 218 181
car 0.0636 493 173 500 188
car 0.0525 423 163 448 177
car 0.0430 488 160 500 168
car 0.0418 154 171 177 183
car 0.0417 429 165 466 182
car 0.0314 207 167 222 178
car 0.0248 493 180 499 196
car 0.0241 452 176 497 200
car 0.0181 452 178 483 215
car 0.0157 448 168 499 192
car 0.0146 43 157 104 164
car 0.0116 446 159 465 170
car 0.0113 473 158 500 170
car 0.0094 488 169 499 191
car 0.0092 0 153 7 164
car 0.0059 463 164 491 177
car 0.0051 423 160 446 169
car 0.0050 451 162 478 178
car 0.0047 440 161 489 180
car 0.0045 188 162 207 179
car 0.0045 422 161 486 188
car 0.0043 486 154 500 173
car 0.0039 150 167 170 180
car 0.0038 490 176 499 200
car 0.0037 484 161 500 182
car 0.0036 425 171 452 185
car 0.0036 0 153 7 189
car 0.0035 443 176 474 198
car 0.0034 0 159 45 166
car 0.0030 470 170 500 209
car 0.0028 220 167 231 176
car 0.0028 312 183 393 221
car 0.0027 492 145 500 159
car 0.0026 352 162 421 187
car 0.0026 194 170 221 185
car 0.0023 443 156 469 173
car 0.0020 0 149 7 160
car 0.0019 431 158 464 170
car 0.0019 173 168 184 178
car 0.0016 179 165 194 179
car 0.0015 208 172 220 182
car 0.0013 189 173 206 184
car 0.0010 437 153 495 174
car 0.0010 45 158 78 163
motorbike 0.0011 197 168 219 179
bus 0.9981 216 94 350 217
bus 0.0013 0 153 7 164
bus 0.0010 472 163 500 181
