person 0.0817 -5 6 446 368
person 0.0017 -1 92 275 362
person 0.0015 122 159 283 321
person 0.0013 109 30 291 188
cat 0.0021 98 161 276 351
dog 0.9888 106 32 293 200
dog 0.9382 278 106 471 331
dog 0.7472 98 161 276 351
dog 0.0796 24 43 477 390
dog 0.0085 113 112 182 195
dog 0.0045 50 65 224 245
dog 0.0040 140 167 266 265
dog 0.0023 76 158 425 356
dog 0.0019 106 238 261 342
dog 0.0018 -1 96 277 361
dog 0.0017 209 142 429 325
dog 0.0016 44 22 292 279
chair 0.0041 2 0 484 372
sofa 0.3396 1 -1 484 375
sofa 0.0012 93 35 281 200
