person 0.9555 188 121 313 342
person 0.9483 173 73 501 383
person 0.9271 9 134 130 269
person 0.5165 37 140 97 260
person 0.0297 83 141 348 324
person 0.0238 359 123 388 165
person 0.0117 5 145 235 246
person 0.0109 0 199 20 308
person 0.0090 0 217 8 319
person 0.0079 231 174 425 346
person 0.0060 119 166 223 231
person 0.0054 483 78 500 387
person 0.0053 36 136 134 225
person 0.0049 0 232 17 353
person 0.0047 0 196 9 283
person 0.0035 0 193 28 353
person 0.0033 192 137 319 251
person 0.0029 0 146 17 290
person 0.0023 266 133 481 297
person 0.0022 401 89 501 378
person 0.0022 178 201 377 374
person 0.0018 2 192 119 338
person 0.0018 79 149 124 216
person 0.0016 384 131 401 162
person 0.0015 84 179 170 221
person 0.0015 102 148 326 236
person 0.0014 8 176 404 359
person 0.0014 64 137 183 216
person 0.0012 0 239 7 297
person 0.0011 1 159 215 314
person 0.0011 442 -2 499 94
person 0.0010 122 113 153 163
person 0.0010 0 178 10 243
person 0.0010 0 272 10 325
person 0.0010 0 193 51 315
person 0.0010 124 120 454 267
bird 0.0011 359 123 388 165
cat 0.0024 359 123 388 165
dog 0.0027 359 123 388 165
bottle 0.7694 88 282 119 356
bottle 0.0079 0 293 10 325
bottle 0.0078 69 272 141 360
bottle 0.0076 161 317 189 350
bottle 0.0076 86 278 117 313
bottle 0.0073 106 263 131 326
bottle 0.0060 113 277 140 341
bottle 0.0053 124 277 160 361
bottle 0.0041 11 262 86 333
bottle 0.0031 189 226 209 281
bottle 0.0030 9 245 45 338
bottle 0.0027 111 277 128 336
bottle 0.0026 143 140 157 165
bottle 0.0025 97 273 156 347
bottle 0.0024 0 158 11 205
bottle 0.0023 0 283 8 315
bottle 0.0021 190 211 206 249
bottle 0.0020 124 274 157 316
bottle 0.0018 37 288 85 331
bottle 0.0016 37 140 97 260
bottle 0.0013 150 142 161 164
bottle 0.0011 124 140 141 165
bottle 0.0010 190 251 209 283
chair 0.0470 180 178 380 337
chair 0.0377 115 176 219 228
chair 0.0333 200 83 502 377
chair 0.0324 112 186 151 200
chair 0.0263 258 195 398 321
chair 0.0174 147 222 192 257
chair 0.0166 28 240 38 281
chair 0.0140 306 186 368 214
chair 0.0137 84 179 170 221
chair 0.0135 0 199 20 308
chair 0.0133 106 183 152 217
chair 0.0116 31 256 60 285
chair 0.0113 120 198 135 223
chair 0.0103 9 235 43 315
chair 0.0103 17 136 146 283
chair 0.0096 0 217 8 319
chair 0.0094 27 237 69 277
chair 0.0090 304 183 367 243
chair 0.0090 0 232 17 353
chair 0.0087 22 240 71 311
chair 0.0084 37 262 62 281
chair 0.0072 64 179 187 243
chair 0.0064 0 196 9 283
chair 0.0061 191 127 318 315
chair 0.0057 119 195 141 228
chair 0.0050 296 185 375 287
chair 0.0049 97 186 160 236
chair 0.0043 23 242 43 294
chair 0.0042 0 198 48 310
chair 0.0040 0 236 6 283
chair 0.0035 13 218 80 337
chair 0.0032 1 241 52 342
chair 0.0028 139 215 198 231
chair 0.0022 117 195 129 227
chair 0.0022 383 217 501 375
chair 0.0022 0 146 17 290
chair 0.0022 0 292 19 366
chair 0.0021 397 298 498 372
chair 0.0021 292 185 312 219
chair 0.0020 13 147 230 244
chair 0.0020 279 138 293 163
chair 0.0020 145 220 193 238
chair 0.0020 0 193 28 353
chair 0.0019 441 224 501 376
chair 0.0019 19 220 49 283
chair 0.0018 2 192 119 338
chair 0.0018 9 182 83 292
chair 0.0016 54 169 438 364
chair 0.0016 20 246 46 331
chair 0.0015 93 179 150 205
chair 0.0015 285 242 384 335
chair 0.0015 38 157 310 300
chair 0.0012 0 178 10 243
chair 0.0012 31 210 72 269
chair 0.0011 300 132 321 155
chair 0.0011 304 164 408 261
chair 0.0011 157 224 201 280
chair 0.0011 0 157 11 206
chair 0.0011 123 205 198 235
chair 0.0010 441 323 500 376
chair 0.0010 -1 176 31 284
chair 0.0010 119 147 322 245
chair 0.0010 115 196 214 278
chair 0.0010 0 272 10 325
chair 0.0010 477 284 500 375
sofa 0.2864 8 176 404 359
sofa 0.1087 258 195 398 321
sofa 0.0959 180 181 389 347
sofa 0.0885 83 141 348 324
sofa 0.0695 200 83 502 377
sofa 0.0609 188 121 313 342
sofa 0.0554 8 140 190 286
sofa 0.0404 119 190 212 231
sofa 0.0322 52 220 185 303
sofa 0.0278 16 209 227 330
sofa 0.0153 84 179 170 221
sofa 0.0152 64 179 187 243
sofa 0.0102 146 221 192 259
sofa 0.0079 0 242 245 371
sofa 0.0074 205 224 455 361
sofa 0.0068 293 180 379 293
sofa 0.0063 106 183 152 217
sofa 0.0057 37 159 253 268
sofa 0.0049 102 148 326 236
sofa 0.0044 303 156 410 243
sofa 0.0044 97 186 160 236
sofa 0.0043 0 199 20 308
sofa 0.0038 112 186 151 200
sofa 0.0037 305 218 503 376
sofa 0.0032 306 185 368 215
sofa 0.0032 34 195 208 284
sofa 0.0031 14 262 82 340
sofa 0.0031 302 183 368 250
sofa 0.0029 0 232 17 353
sofa 0.0026 114 165 220 223
sofa 0.0026 0 198 8 299
sofa 0.0025 285 242 384 335
sofa 0.0023 2 192 119 338
sofa 0.0021 115 196 214 278
sofa 0.0015 441 224 501 376
sofa 0.0012 -23 147 235 380
sofa 0.0012 0 239 54 362
sofa 0.0012 386 160 500 371
sofa 0.0012 139 215 198 231
pottedplant 0.9745 125 89 200 162
pottedplant 0.3417 192 141 234 165
pottedplant 0.3132 37 220 181 301
pottedplant 0.1109 122 255 162 286
pottedplant 0.1052 79 250 123 299
pottedplant 0.0634 441 -2 499 94
pottedplant 0.0566 11 282 85 336
pottedplant 0.0543 124 128 150 163
pottedplant 0.0437 122 104 156 165
pottedplant 0.0283 55 219 127 300
pottedplant 0.0237 437 -5 500 224
pottedplant 0.0227 109 226 170 293
pottedplant 0.0216 124 138 141 165
pottedplant 0.0182 16 209 227 330
pottedplant 0.0157 219 140 235 163
pottedplant 0.0154 221 136 234 152
pottedplant 0.0094 160 129 180 162
pottedplant 0.0093 405 -3 500 139
pottedplant 0.0090 123 112 142 159
pottedplant 0.0088 0 330 45 359
pottedplant 0.0085 69 259 97 301
pottedplant 0.0078 137 121 162 166
pottedplant 0.0075 71 221 169 279
pottedplant 0.0075 358 123 387 168
pottedplant 0.0073 184 145 214 164
pottedplant 0.0071 89 281 120 356
pottedplant 0.0069 75 275 103 316
pottedplant 0.0067 447 -1 500 40
pottedplant 0.0066 473 14 500 102
pottedplant 0.0066 123 271 154 287
pottedplant 0.0059 390 34 499 329
pottedplant 0.0058 86 278 117 313
pottedplant 0.0050 0 232 17 353
pottedplant 0.0043 123 272 158 320
pottedplant 0.0043 41 291 84 332
pottedplant 0.0042 0 153 13 231
pottedplant 0.0041 2 192 119 338
pottedplant 0.0038 0 146 17 290
pottedplant 0.0036 159 114 179 155
pottedplant 0.0035 143 140 158 165
pottedplant 0.0035 4 275 51 345
pottedplant 0.0033 172 148 197 163
pottedplant 0.0033 87 249 114 290
pottedplant 0.0032 187 145 231 176
pottedplant 0.0031 148 223 190 271
pottedplant 0.0030 354 125 367 164
pottedplant 0.0029 0 311 54 358
pottedplant 0.0025 0 239 54 362
pottedplant 0.0024 107 261 130 297
pottedplant 0.0023 127 247 151 275
pottedplant 0.0023 490 30 500 103
pottedplant 0.0022 129 145 143 164
pottedplant 0.0022 77 262 103 296
pottedplant 0.0022 124 276 159 362
pottedplant 0.0021 0 158 11 205
pottedplant 0.0021 0 240 244 370
pottedplant 0.0021 191 152 224 168
pottedplant 0.0021 25 265 100 330
pottedplant 0.0019 153 102 201 164
pottedplant 0.0018 8 140 190 286
pottedplant 0.0017 106 263 131 326
pottedplant 0.0017 225 137 239 166
pottedplant 0.0017 0 178 11 224
pottedplant 0.0017 437 73 500 373
pottedplant 0.0016 473 -7 500 211
pottedplant 0.0016 451 38 500 114
pottedplant 0.0016 76 256 108 284
pottedplant 0.0016 184 133 311 333
pottedplant 0.0016 138 112 160 140
pottedplant 0.0015 93 259 148 330
pottedplant 0.0015 69 272 141 360
pottedplant 0.0014 161 141 178 164
pottedplant 0.0014 118 91 145 162
pottedplant 0.0014 134 82 199 134
pottedplant 0.0013 168 149 183 162
pottedplant 0.0013 173 256 197 306
pottedplant 0.0012 16 333 48 357
pottedplant 0.0012 0 277 24 346
pottedplant 0.0012 186 125 229 165
pottedplant 0.0012 71 258 92 282
pottedplant 0.0012 0 207 28 373
pottedplant 0.0012 190 138 227 156
pottedplant 0.0011 43 278 79 318
pottedplant 0.0011 492 56 500 98
pottedplant 0.0011 119 166 223 231
pottedplant 0.0011 92 246 112 276
pottedplant 0.0011 12 320 70 355
pottedplant 0.0010 125 266 166 291
pottedplant 0.0010 149 141 162 165
pottedplant 0.0010 20 235 112 314
pottedplant 0.0010 158 141 271 211
pottedplant 0.0010 133 250 162 272
diningtable 0.1931 0 242 245 371
diningtable 0.0768 89 289 120 360
diningtable 0.0539 3 301 212 370
diningtable 0.0522 69 272 141 360
diningtable 0.0304 122 276 162 363
diningtable 0.0103 37 220 181 301
diningtable 0.0096 24 331 223 372
diningtable 0.0085 -17 208 377 371
diningtable 0.0045 97 273 156 347
diningtable 0.0036 16 209 227 330
diningtable 0.0034 302 156 411 243
diningtable 0.0025 92 275 240 357
diningtable 0.0020 145 220 193 238
diningtable 0.0019 129 301 206 360
diningtable 0.0019 109 308 300 368
diningtable 0.0017 172 259 198 313
diningtable 0.0016 139 215 198 231
diningtable 0.0016 146 297 219 332
diningtable 0.0015 146 221 192 261
diningtable 0.0014 115 228 280 355
diningtable 0.0013 306 185 368 215
diningtable 0.0010 0 277 18 346
diningtable 0.0010 0 217 8 319
diningtable 0.0010 175 305 222 330
tvmonitor 0.0287 300 132 321 155
