person 0.4445 65 55 75 83
person 0.3513 67 59 79 89
person 0.1597 195 161 212 179
person 0.0918 73 58 82 81
person 0.0757 104 73 118 102
person 0.0394 191 157 208 176
person 0.0350 219 159 234 181
person 0.0137 226 156 243 175
person 0.0123 98 69 122 85
person 0.0118 98 62 141 87
person 0.0100 68 78 77 89
person 0.0058 94 65 151 110
person 0.0054 106 71 132 102
person 0.0053 112 66 145 85
person 0.0049 71 58 85 89
person 0.0046 129 70 148 83
person 0.0045 62 58 69 78
person 0.0044 167 155 188 173
person 0.0040 62 64 69 87
person 0.0038 95 69 110 87
person 0.0036 159 156 177 173
person 0.0032 206 159 227 180
person 0.0032 66 55 74 67
person 0.0031 150 157 166 173
person 0.0027 94 74 109 96
person 0.0022 175 154 202 176
person 0.0019 168 157 208 183
person 0.0015 235 156 249 173
person 0.0013 108 60 146 73
person 0.0011 0 128 12 137
person 0.0011 40 54 49 66
person 0.0011 60 55 71 82
bicycle 0.0095 68 78 77 89
bicycle 0.0055 67 59 79 89
bicycle 0.0014 0 128 12 137
car 0.9806 112 139 278 237
car 0.2419 100 60 141 75
car 0.2073 99 64 152 110
car 0.1938 96 61 146 90
car 0.1303 98 69 122 85
car 0.0148 104 73 119 102
car 0.0047 112 66 145 85
car 0.0041 111 72 149 103
car 0.0039 95 69 110 87
car 0.0025 0 128 12 137
car 0.0023 92 62 132 106
car 0.0021 95 63 129 77
car 0.0017 15 13 503 357
car 0.0013 94 74 109 96
car 0.0013 106 71 132 102
motorbike 0.0064 67 59 79 89
motorbike 0.0036 68 78 77 89
motorbike 0.0032 104 73 118 102
motorbike 0.0021 0 128 12 137
motorbike 0.0011 94 65 151 110
bus 0.0145 104 67 152 110
bus 0.0060 96 61 146 90
