person 0.1257 480 139 500 253
person 0.0384 479 187 500 275
person 0.0157 480 164 500 348
person 0.0105 476 48 500 265
person 0.0047 485 181 500 243
person 0.0037 450 176 501 369
person 0.0029 470 209 500 377
person 0.0028 447 92 500 287
person 0.0020 451 181 499 252
person 0.0019 451 226 490 253
person 0.0019 450 210 497 297
person 0.0018 488 93 500 254
person 0.0012 490 162 500 222
person 0.0011 384 168 500 278
car 0.0014 0 144 57 201
bottle 0.0170 386 215 397 240
bottle 0.0052 170 176 179 188
bottle 0.0040 197 186 214 214
bottle 0.0030 167 190 186 212
bottle 0.0017 478 186 499 255
bottle 0.0017 205 191 226 213
bottle 0.0011 452 215 465 241
bottle 0.0010 182 203 194 217
chair 0.9856 134 206 216 347
chair 0.9576 233 213 329 372
chair 0.9087 104 196 141 301
chair 0.7721 453 249 500 376
chair 0.5869 260 191 331 310
chair 0.1679 166 190 187 213
chair 0.1075 228 185 260 216
chair 0.0603 274 194 330 265
chair 0.0372 204 184 360 352
chair 0.0330 478 186 499 255
chair 0.0234 411 246 497 374
chair 0.0169 201 185 240 217
chair 0.0135 143 207 173 218
chair 0.0122 165 188 201 216
chair 0.0094 346 139 394 243
chair 0.0088 141 227 197 329
chair 0.0083 85 236 97 284
chair 0.0078 265 236 485 375
chair 0.0077 180 192 297 338
chair 0.0076 232 304 334 369
chair 0.0075 185 186 223 217
chair 0.0074 121 206 167 342
chair 0.0073 78 194 106 287
chair 0.0073 90 190 109 290
chair 0.0072 91 191 129 289
chair 0.0069 251 193 304 243
chair 0.0053 166 160 397 308
chair 0.0053 164 194 331 274
chair 0.0052 236 211 501 311
chair 0.0048 104 191 140 249
chair 0.0046 259 246 327 312
chair 0.0039 142 207 174 233
chair 0.0038 451 226 490 253
chair 0.0038 159 196 200 224
chair 0.0038 121 203 202 271
chair 0.0036 286 283 321 309
chair 0.0034 476 213 500 376
chair 0.0034 104 196 177 284
chair 0.0033 104 195 254 271
chair 0.0033 414 212 433 256
chair 0.0032 141 205 192 220
chair 0.0032 144 195 261 321
chair 0.0028 376 195 486 243
chair 0.0028 76 140 134 292
chair 0.0027 256 192 273 213
chair 0.0026 259 193 287 211
chair 0.0025 167 178 184 209
chair 0.0025 485 181 500 243
chair 0.0024 487 207 500 273
chair 0.0023 137 192 442 397
chair 0.0023 257 193 289 229
chair 0.0022 386 215 397 240
chair 0.0022 476 211 499 270
chair 0.0022 453 214 465 233
chair 0.0021 103 182 141 222
chair 0.0021 219 189 262 233
chair 0.0021 235 186 330 256
chair 0.0020 384 218 501 305
chair 0.0020 398 202 436 242
chair 0.0019 115 203 214 236
chair 0.0018 237 174 268 216
chair 0.0018 367 156 496 243
chair 0.0017 387 216 407 239
chair 0.0016 487 259 500 374
chair 0.0015 231 214 281 325
chair 0.0015 120 206 156 293
chair 0.0015 489 221 500 259
chair 0.0015 477 251 498 272
chair 0.0014 180 201 196 219
chair 0.0013 483 148 501 255
chair 0.0013 451 181 499 252
chair 0.0013 137 206 180 252
chair 0.0012 194 190 205 213
chair 0.0012 243 211 305 309
chair 0.0012 164 201 194 219
chair 0.0011 147 196 210 245
chair 0.0011 110 191 143 210
chair 0.0011 98 152 142 274
chair 0.0011 64 197 100 284
chair 0.0011 247 283 335 351
chair 0.0011 276 194 291 208
chair 0.0011 315 230 501 284
chair 0.0010 431 212 478 254
chair 0.0010 492 251 500 270
chair 0.0010 161 176 211 212
chair 0.0010 184 216 229 340
chair 0.0010 493 232 500 268
chair 0.0010 447 214 498 296
chair 0.0010 310 168 516 261
pottedplant 0.3758 75 108 142 270
pottedplant 0.0707 92 109 143 218
pottedplant 0.0315 231 154 262 213
pottedplant 0.0225 117 39 216 111
pottedplant 0.0189 68 129 108 261
pottedplant 0.0165 0 164 6 240
pottedplant 0.0156 68 93 181 297
pottedplant 0.0149 0 178 5 226
pottedplant 0.0126 99 185 148 296
pottedplant 0.0118 118 39 219 178
pottedplant 0.0103 227 183 259 217
pottedplant 0.0077 70 194 105 283
pottedplant 0.0043 234 166 259 200
pottedplant 0.0034 410 210 431 258
pottedplant 0.0032 78 125 123 240
pottedplant 0.0031 237 174 268 216
pottedplant 0.0027 201 185 240 217
pottedplant 0.0025 0 186 4 254
pottedplant 0.0022 91 191 129 289
pottedplant 0.0019 0 150 4 216
pottedplant 0.0019 40 73 156 239
pottedplant 0.0018 64 188 100 254
pottedplant 0.0018 51 23 216 210
pottedplant 0.0017 64 152 99 229
pottedplant 0.0017 0 143 13 251
pottedplant 0.0017 57 197 88 280
pottedplant 0.0015 78 128 104 220
pottedplant 0.0013 85 121 263 261
pottedplant 0.0013 73 170 107 234
pottedplant 0.0013 0 144 57 201
pottedplant 0.0011 54 167 92 265
pottedplant 0.0011 0 163 5 296
pottedplant 0.0010 185 186 223 217
diningtable 0.4810 316 228 499 374
diningtable 0.4051 315 230 501 284
diningtable 0.2717 145 193 285 339
diningtable 0.0446 136 204 215 350
diningtable 0.0379 137 196 288 262
diningtable 0.0361 331 245 484 272
diningtable 0.0303 156 196 286 233
diningtable 0.0247 348 237 467 262
diningtable 0.0227 405 208 433 263
diningtable 0.0175 174 206 332 371
diningtable 0.0121 172 206 242 233
diningtable 0.0115 208 190 269 235
diningtable 0.0110 195 212 238 226
diningtable 0.0100 331 238 428 257
diningtable 0.0090 189 208 281 233
diningtable 0.0071 140 198 232 232
diningtable 0.0067 386 233 451 265
diningtable 0.0065 359 228 439 256
diningtable 0.0065 192 184 252 218
diningtable 0.0064 317 164 500 298
diningtable 0.0062 180 218 262 359
diningtable 0.0058 198 198 234 222
diningtable 0.0057 476 251 499 285
diningtable 0.0056 452 253 499 374
diningtable 0.0050 185 186 223 217
diningtable 0.0044 411 246 497 374
diningtable 0.0043 308 215 483 266
diningtable 0.0043 171 196 225 225
diningtable 0.0041 174 203 202 237
diningtable 0.0038 201 193 315 241
diningtable 0.0035 236 211 274 229
diningtable 0.0034 133 168 370 309
diningtable 0.0033 399 240 476 260
diningtable 0.0033 383 238 432 260
diningtable 0.0032 336 237 421 249
diningtable 0.0031 228 185 260 216
diningtable 0.0030 159 196 200 224
diningtable 0.0028 198 191 321 283
diningtable 0.0028 173 200 201 221
diningtable 0.0026 384 218 501 305
diningtable 0.0026 207 215 241 223
diningtable 0.0026 260 191 331 310
diningtable 0.0025 167 191 202 213
diningtable 0.0025 240 214 270 225
diningtable 0.0025 155 206 248 259
diningtable 0.0023 323 248 455 289
diningtable 0.0023 476 213 500 376
diningtable 0.0022 383 251 472 267
diningtable 0.0021 359 193 503 277
diningtable 0.0021 450 210 497 297
diningtable 0.0020 236 211 501 311
diningtable 0.0018 451 226 490 253
diningtable 0.0018 141 205 192 220
diningtable 0.0017 191 208 239 331
diningtable 0.0017 412 227 496 283
diningtable 0.0016 239 207 288 235
diningtable 0.0016 416 222 475 258
diningtable 0.0015 85 197 418 382
diningtable 0.0014 121 203 202 271
diningtable 0.0014 142 158 277 229
diningtable 0.0014 167 190 186 212
diningtable 0.0014 102 191 140 294
diningtable 0.0013 321 234 432 274
diningtable 0.0013 101 193 229 319
diningtable 0.0013 477 253 498 269
diningtable 0.0012 418 236 495 264
diningtable 0.0011 193 204 296 254
diningtable 0.0011 404 236 434 264
diningtable 0.0011 227 203 262 237
diningtable 0.0011 180 201 196 219
diningtable 0.0011 252 193 296 247
diningtable 0.0011 257 193 289 229
diningtable 0.0010 488 254 500 279
diningtable 0.0010 492 251 500 270
