person 0.0011 331 191 338 198
bird 0.0102 331 191 338 198
bird 0.0051 308 186 314 192
bird 0.0042 334 191 340 198
bird 0.0022 297 180 302 188
bird 0.0012 307 182 315 189
bird 0.0011 49 169 111 203
bird 0.0010 293 109 299 114
cat 0.0018 47 171 116 208
dog 0.2948 47 171 116 208
dog 0.0033 331 191 338 198
dog 0.0022 490 227 500 239
dog 0.0022 482 296 500 319
dog 0.0015 473 279 493 291
dog 0.0014 57 173 103 195
horse 0.0275 482 296 500 319
horse 0.0242 48 170 110 209
horse 0.0121 473 279 493 291
horse 0.0100 481 288 500 343
horse 0.0039 490 227 500 239
horse 0.0020 491 302 500 367
horse 0.0016 331 191 338 198
sheep 0.3679 331 191 338 198
sheep 0.3262 48 170 110 209
sheep 0.1582 473 279 493 291
sheep 0.1517 482 296 500 319
sheep 0.1129 308 186 314 192
sheep 0.1109 490 227 500 239
sheep 0.0826 334 191 340 198
sheep 0.0317 248 170 254 176
sheep 0.0258 481 288 500 343
sheep 0.0207 307 182 315 189
sheep 0.0177 297 180 302 188
sheep 0.0121 332 195 338 200
sheep 0.0099 490 203 500 240
sheep 0.0094 489 228 500 250
sheep 0.0093 491 302 500 367
sheep 0.0081 390 142 406 150
sheep 0.0037 479 262 500 331
sheep 0.0036 306 148 501 308
sheep 0.0035 244 170 253 177
sheep 0.0031 30 143 479 223
sheep 0.0024 61 176 100 204
sheep 0.0022 314 190 328 196
sheep 0.0020 443 250 500 359
sheep 0.0019 490 279 500 296
sheep 0.0018 346 142 354 150
sheep 0.0018 478 286 498 311
sheep 0.0017 19 100 494 205
sheep 0.0016 249 137 493 239
sheep 0.0016 83 177 116 203
sheep 0.0014 270 181 277 186
sheep 0.0014 482 209 500 304
sheep 0.0013 149 132 504 327
sheep 0.0013 394 191 500 345
sheep 0.0012 333 194 341 201
sheep 0.0011 479 102 484 107
sheep 0.0010 279 179 447 351
sheep 0.0010 491 229 500 287
sheep 0.0010 494 186 500 216
cow 0.3741 473 279 493 291
cow 0.3643 48 170 110 209
cow 0.3105 482 296 500 319
cow 0.1298 331 191 338 198
cow 0.0761 490 227 500 239
cow 0.0469 487 297 500 354
cow 0.0256 308 186 314 192
cow 0.0202 334 191 340 198
cow 0.0177 479 294 498 338
cow 0.0096 489 228 500 250
cow 0.0088 390 142 406 150
cow 0.0056 478 286 498 311
cow 0.0041 490 203 500 240
cow 0.0039 479 262 500 331
cow 0.0029 332 195 338 200
cow 0.0024 307 182 315 189
cow 0.0024 490 279 500 296
cow 0.0022 61 176 100 204
cow 0.0015 297 180 302 188
cow 0.0014 51 171 95 196
cow 0.0013 491 302 500 385
cow 0.0012 473 292 500 379
cow 0.0010 485 266 501 312
cow 0.0010 443 267 499 359
