person 0.0808 395 216 442 266
person 0.0143 36 47 198 234
person 0.0077 406 223 430 265
person 0.0065 391 199 464 258
person 0.0050 414 222 439 266
person 0.0019 418 220 433 236
person 0.0010 416 208 458 264
aeroplane 0.0010 38 37 196 225
bird 0.9717 33 48 190 230
bird 0.0541 395 216 442 266
bird 0.0275 381 197 471 268
bird 0.0084 112 54 187 67
bird 0.0068 116 29 185 64
bird 0.0033 397 203 456 254
bird 0.0027 418 220 433 236
bird 0.0025 405 224 431 249
bird 0.0020 433 205 461 243
bird 0.0016 416 222 438 251
bird 0.0016 407 219 430 237
bird 0.0012 19 19 325 274
bird 0.0011 425 221 447 249
cat 0.0020 395 216 442 266
cat 0.0018 37 49 197 230
dog 0.0114 395 216 442 266
dog 0.0022 36 47 198 234
dog 0.0018 381 197 471 268
horse 0.0052 395 216 442 266
cow 0.0017 395 216 442 266
tvmonitor 0.0035 13 1 495 306
