person 0.2762 101 180 114 222
person 0.2112 151 187 161 234
person 0.1106 170 180 185 202
person 0.1077 80 197 102 243
person 0.0692 84 175 91 209
person 0.0335 322 169 338 196
person 0.0334 96 172 111 213
person 0.0234 479 137 491 154
person 0.0231 0 212 4 232
person 0.0229 0 191 4 233
person 0.0192 375 186 387 217
person 0.0188 83 171 93 232
person 0.0186 307 168 337 199
person 0.0185 94 179 109 242
person 0.0180 95 192 108 228
person 0.0127 170 176 182 194
person 0.0121 493 138 499 154
person 0.0120 77 216 101 243
person 0.0100 152 180 164 201
person 0.0090 294 166 330 198
person 0.0076 324 165 359 198
person 0.0075 134 184 143 220
person 0.0072 87 164 115 222
person 0.0065 248 194 262 214
person 0.0064 180 183 191 202
person 0.0050 153 175 163 194
person 0.0049 132 161 145 222
person 0.0047 82 177 88 207
person 0.0047 77 192 91 232
person 0.0046 80 183 89 221
person 0.0046 193 211 206 255
person 0.0043 82 173 97 210
person 0.0038 80 166 104 232
person 0.0038 0 167 5 239
person 0.0037 160 180 172 201
person 0.0036 27 191 34 206
person 0.0030 0 205 7 235
person 0.0029 161 176 169 193
person 0.0028 479 143 488 158
person 0.0028 76 214 90 229
person 0.0026 100 165 117 203
person 0.0025 250 191 275 215
person 0.0025 342 165 358 183
person 0.0025 145 192 158 228
person 0.0023 234 190 242 211
person 0.0023 147 171 171 227
person 0.0022 170 186 187 210
person 0.0021 28 188 35 202
person 0.0020 182 173 193 192
person 0.0018 260 186 275 199
person 0.0017 314 174 347 204
person 0.0016 75 206 93 236
person 0.0015 233 175 242 210
person 0.0015 0 173 4 213
person 0.0014 279 164 305 199
person 0.0014 150 177 166 208
person 0.0013 65 126 343 261
person 0.0013 201 173 208 188
person 0.0011 65 190 77 213
person 0.0011 97 198 118 241
person 0.0011 328 163 356 185
person 0.0010 310 162 333 189
person 0.0010 270 155 328 203
bicycle 0.0014 0 212 4 232
bus 0.9891 123 123 381 263
bus 0.0416 84 152 117 214
bus 0.0194 90 169 113 214
bus 0.0086 100 174 115 212
bus 0.0086 90 152 149 215
bus 0.0066 84 174 92 210
bus 0.0023 131 157 149 225
bus 0.0013 96 178 111 224
bus 0.0013 115 157 144 224
train 0.0100 84 152 117 214
train 0.0064 109 115 375 254
train 0.0050 92 170 112 214
train 0.0013 89 152 149 215
train 0.0011 84 174 92 210
train 0.0010 0 148 92 212
