person 0.0104 55 174 67 195
person 0.0015 0 185 10 218
bottle 0.2472 397 222 417 277
bottle 0.0285 258 135 267 170
bottle 0.0169 320 227 337 257
bottle 0.0165 203 148 214 166
bottle 0.0128 380 194 437 263
bottle 0.0122 250 127 260 159
bottle 0.0120 302 144 318 168
bottle 0.0118 286 137 293 169
bottle 0.0087 251 138 260 168
bottle 0.0071 269 135 279 168
bottle 0.0068 192 152 202 169
bottle 0.0068 243 131 252 158
bottle 0.0065 281 137 290 169
bottle 0.0064 386 241 416 277
bottle 0.0060 248 156 258 170
bottle 0.0050 348 70 354 87
bottle 0.0035 101 189 113 217
bottle 0.0031 393 253 419 295
bottle 0.0029 396 216 419 245
bottle 0.0026 295 68 303 89
bottle 0.0024 277 66 289 89
bottle 0.0024 319 66 329 88
bottle 0.0024 93 199 119 241
bottle 0.0021 259 159 268 170
bottle 0.0019 242 159 252 170
bottle 0.0018 280 158 287 169
bottle 0.0018 73 173 85 190
bottle 0.0017 269 161 279 170
bottle 0.0017 298 144 311 168
bottle 0.0016 304 152 319 170
bottle 0.0016 55 174 67 195
bottle 0.0015 294 75 307 116
bottle 0.0014 -35 28 471 263
bottle 0.0014 287 65 298 88
bottle 0.0013 217 206 228 238
bottle 0.0012 195 218 219 248
bottle 0.0011 282 136 299 169
bottle 0.0011 388 228 412 253
bottle 0.0010 246 135 265 172
bottle 0.0010 383 216 419 265
bottle 0.0010 99 190 117 230
chair 0.9792 82 228 189 373
chair 0.9450 114 182 169 247
chair 0.9079 365 189 439 258
chair 0.7797 173 255 314 373
chair 0.6875 327 188 375 249
chair 0.0719 133 243 471 378
chair 0.0227 331 208 367 258
chair 0.0200 437 332 500 374
chair 0.0161 435 241 501 374
chair 0.0140 320 190 423 257
chair 0.0106 199 171 227 228
chair 0.0088 283 188 380 257
chair 0.0085 117 178 159 203
chair 0.0079 159 248 249 374
chair 0.0066 338 237 474 371
chair 0.0065 107 178 153 218
chair 0.0059 201 193 226 242
chair 0.0059 396 216 419 245
chair 0.0049 390 303 500 374
chair 0.0048 328 158 347 175
chair 0.0044 327 224 358 256
chair 0.0037 257 219 285 242
chair 0.0035 84 232 152 326
chair 0.0032 0 197 18 276
chair 0.0031 123 197 157 224
chair 0.0030 98 163 180 239
chair 0.0028 93 186 246 256
chair 0.0028 120 172 154 196
chair 0.0026 89 225 277 368
chair 0.0023 424 276 464 310
chair 0.0023 293 190 338 241
chair 0.0023 108 214 324 312
chair 0.0022 0 228 9 273
chair 0.0022 336 203 367 239
chair 0.0021 0 195 9 244
chair 0.0021 468 328 500 373
chair 0.0020 169 214 226 246
chair 0.0019 166 197 193 246
chair 0.0018 243 283 483 376
chair 0.0018 169 179 406 281
chair 0.0017 53 210 454 334
chair 0.0017 0 185 10 218
chair 0.0016 281 236 320 251
chair 0.0015 432 356 499 375
chair 0.0015 386 183 495 357
chair 0.0014 199 184 220 219
chair 0.0014 471 248 501 375
chair 0.0012 322 175 359 229
chair 0.0011 123 213 169 290
chair 0.0011 93 199 119 241
chair 0.0010 141 173 156 192
chair 0.0010 262 208 460 324
sofa 0.0018 435 241 501 374
sofa 0.0018 108 204 492 383
pottedplant 0.0049 0 189 112 337
pottedplant 0.0042 41 207 140 331
pottedplant 0.0019 0 185 10 218
pottedplant 0.0014 51 222 109 324
pottedplant 0.0013 338 248 379 286
pottedplant 0.0012 197 224 215 251
diningtable 0.6171 157 234 476 372
diningtable 0.0474 171 255 319 373
diningtable 0.0229 53 210 454 334
diningtable 0.0035 108 214 324 312
diningtable 0.0034 174 238 225 260
diningtable 0.0029 169 179 406 281
diningtable 0.0025 208 265 421 358
diningtable 0.0021 266 253 336 291
diningtable 0.0019 119 157 458 305
diningtable 0.0019 238 260 393 324
diningtable 0.0018 198 211 355 295
diningtable 0.0018 242 211 429 332
diningtable 0.0013 6 80 488 302
diningtable 0.0010 243 283 483 376
diningtable 0.0010 183 213 226 252
