person 0.9902 51 0 502 329
person 0.4281 -5 0 290 322
person 0.1010 26 0 304 177
person 0.0723 222 -1 331 80
person 0.0515 0 -13 50 326
person 0.0109 443 0 500 49
person 0.0090 482 0 500 348
person 0.0070 0 10 21 337
person 0.0064 0 206 23 332
person 0.0053 472 -1 500 51
person 0.0052 444 -25 499 343
person 0.0044 391 0 500 330
person 0.0044 1 5 104 325
person 0.0038 101 3 326 113
person 0.0034 204 1 452 83
person 0.0027 479 0 500 117
person 0.0024 444 3 501 110
person 0.0023 488 0 500 53
person 0.0022 -1 -1 45 184
person 0.0020 -1 172 49 334
person 0.0016 491 -3 500 114
person 0.0013 397 5 502 95
person 0.0011 487 -1 500 17
person 0.0010 7 173 105 331
person 0.0010 474 0 500 200
car 0.0010 24 0 501 325
bottle 0.0818 0 206 23 332
bottle 0.0084 186 185 296 321
bottle 0.0061 0 201 45 338
bottle 0.0053 0 237 14 335
bottle 0.0035 124 294 226 333
bottle 0.0029 0 278 9 332
bottle 0.0028 0 276 21 334
bottle 0.0016 0 93 26 336
bottle 0.0014 33 276 64 331
bottle 0.0012 16 285 35 330
bottle 0.0010 0 200 15 298
chair 0.1231 -1 0 285 322
chair 0.0475 31 183 181 330
chair 0.0313 158 243 242 330
chair 0.0233 0 206 23 332
chair 0.0106 10 46 510 347
chair 0.0075 184 183 299 324
chair 0.0074 11 46 167 337
chair 0.0046 0 180 49 331
chair 0.0045 7 173 105 331
chair 0.0037 0 -10 45 322
chair 0.0035 2 9 103 322
chair 0.0029 30 276 114 332
chair 0.0027 0 10 21 337
chair 0.0027 35 275 65 332
chair 0.0023 481 170 500 331
chair 0.0021 477 248 500 332
chair 0.0020 155 239 209 307
chair 0.0018 63 220 438 329
chair 0.0017 0 257 12 333
chair 0.0016 127 293 222 331
chair 0.0015 0 276 21 334
chair 0.0013 26 162 62 308
chair 0.0013 2 243 42 339
chair 0.0011 56 208 269 338
chair 0.0011 0 0 47 55
chair 0.0010 16 285 35 330
chair 0.0010 155 173 491 329
sofa 0.0191 10 46 510 347
sofa 0.0088 10 33 206 317
sofa 0.0072 184 183 299 324
sofa 0.0021 46 201 457 336
diningtable 0.0093 13 285 493 339
diningtable 0.0092 63 220 438 329
diningtable 0.0089 184 183 299 324
diningtable 0.0050 24 0 501 325
diningtable 0.0015 212 288 445 329
diningtable 0.0010 0 206 23 332
