person 0.1002 132 65 147 82
person 0.0686 139 64 154 85
person 0.0574 106 232 117 250
person 0.0213 458 243 478 282
person 0.0209 65 230 80 247
person 0.0199 456 215 484 292
person 0.0193 60 231 67 247
person 0.0191 0 229 7 252
person 0.0165 258 236 268 249
person 0.0131 413 243 439 280
person 0.0123 475 188 499 312
person 0.0115 354 248 369 268
person 0.0114 99 213 122 250
person 0.0113 74 230 84 247
person 0.0107 0 223 7 239
person 0.0104 424 243 450 278
person 0.0083 0 235 6 262
person 0.0074 97 230 106 248
person 0.0072 28 232 40 247
person 0.0068 475 237 497 299
person 0.0066 91 212 112 247
person 0.0063 244 235 266 250
person 0.0056 431 244 472 298
person 0.0056 64 223 82 244
person 0.0054 461 243 487 290
person 0.0053 406 241 456 297
person 0.0053 391 240 441 282
person 0.0053 18 212 45 227
person 0.0052 0 209 11 231
person 0.0052 73 222 87 243
person 0.0051 413 137 421 148
person 0.0051 49 231 59 245
person 0.0048 360 249 374 266
person 0.0047 377 236 458 304
person 0.0042 132 100 148 123
person 0.0040 49 227 57 238
person 0.0040 370 246 389 260
person 0.0037 467 212 479 226
person 0.0036 348 223 369 288
person 0.0034 107 240 116 252
person 0.0033 37 214 49 226
person 0.0032 0 194 11 226
person 0.0032 102 227 119 252
person 0.0032 432 242 460 278
person 0.0030 486 213 500 324
person 0.0029 426 219 484 294
person 0.0028 127 62 137 76
person 0.0028 56 225 68 240
person 0.0027 84 176 96 206
person 0.0027 47 209 58 228
person 0.0027 454 199 496 310
person 0.0026 38 224 49 238
person 0.0025 483 188 500 276
person 0.0024 405 248 434 284
person 0.0023 91 213 109 232
person 0.0023 37 230 48 246
person 0.0021 450 211 480 226
person 0.0018 76 182 89 203
person 0.0018 10 222 51 239
person 0.0017 95 213 122 233
person 0.0017 384 245 410 273
person 0.0017 0 212 26 227
person 0.0017 379 246 400 259
person 0.0014 82 233 100 243
person 0.0014 3 212 45 231
person 0.0014 82 223 99 240
person 0.0013 0 240 4 275
person 0.0013 489 245 500 312
person 0.0013 85 193 94 207
person 0.0013 491 263 500 294
person 0.0013 234 253 241 259
person 0.0012 438 242 455 259
person 0.0012 22 227 45 250
person 0.0012 93 227 110 250
person 0.0012 341 231 376 312
person 0.0012 56 227 70 249
person 0.0011 66 219 93 245
person 0.0011 363 245 378 260
person 0.0010 70 203 133 240
person 0.0010 83 158 101 204
person 0.0010 19 208 44 219
person 0.0010 70 170 90 193
car 0.0257 1 221 45 239
car 0.0093 0 206 48 239
car 0.0065 0 209 11 231
car 0.0061 0 223 7 239
car 0.0054 19 208 44 219
car 0.0041 1 201 45 221
car 0.0033 0 194 11 226
car 0.0025 0 212 26 227
car 0.0021 18 212 45 227
car 0.0020 0 229 7 252
car 0.0011 0 197 29 224
car 0.0011 420 90 434 95
motorbike 0.0051 95 159 125 208
aeroplane 0.9523 15 46 497 267
aeroplane 0.1178 0 196 49 237
aeroplane 0.0467 0 141 99 232
aeroplane 0.0397 30 159 156 236
aeroplane 0.0334 49 190 154 238
aeroplane 0.0295 48 192 94 238
aeroplane 0.0283 0 185 47 220
aeroplane 0.0231 0 188 11 215
aeroplane 0.0231 1 201 45 221
aeroplane 0.0161 0 197 29 224
aeroplane 0.0107 0 217 47 243
aeroplane 0.0107 65 154 114 206
aeroplane 0.0081 0 193 15 227
aeroplane 0.0077 0 188 86 241
aeroplane 0.0064 80 158 127 204
aeroplane 0.0058 0 73 61 231
aeroplane 0.0051 55 180 196 259
aeroplane 0.0047 0 166 58 263
aeroplane 0.0039 82 164 161 232
aeroplane 0.0039 0 208 12 233
aeroplane 0.0037 0 206 31 235
aeroplane 0.0037 19 208 44 219
aeroplane 0.0036 73 204 146 238
aeroplane 0.0033 70 208 174 256
aeroplane 0.0030 3 212 45 231
aeroplane 0.0028 96 213 124 250
aeroplane 0.0028 0 168 7 197
aeroplane 0.0026 32 185 108 245
aeroplane 0.0025 0 139 22 222
aeroplane 0.0025 0 158 49 227
aeroplane 0.0024 0 71 131 244
aeroplane 0.0022 0 96 67 179
aeroplane 0.0019 0 68 27 131
aeroplane 0.0019 0 30 90 197
aeroplane 0.0017 38 136 219 250
aeroplane 0.0016 0 152 10 215
aeroplane 0.0015 79 156 104 206
aeroplane 0.0014 0 63 51 139
aeroplane 0.0014 69 167 93 197
aeroplane 0.0012 34 195 74 229
aeroplane 0.0011 0 135 70 153
aeroplane 0.0011 87 214 152 248
aeroplane 0.0010 63 54 81 66
aeroplane 0.0010 0 212 26 227
bus 0.0065 1 221 45 239
bus 0.0020 0 206 48 239
boat 0.0012 420 90 434 95
bird 0.0028 438 112 452 122
