person 0.0300 457 77 500 227
person 0.0223 458 99 495 183
person 0.0028 118 148 143 212
person 0.0026 465 116 501 274
person 0.0023 490 70 499 219
person 0.0020 459 109 478 216
person 0.0016 338 153 363 196
person 0.0015 455 71 498 362
person 0.0014 122 148 164 208
person 0.0013 246 142 256 169
person 0.0013 0 214 8 363
person 0.0010 253 200 332 306
bicycle 0.0012 0 215 46 342
car 0.1031 457 98 499 219
car 0.0155 458 110 492 175
car 0.0031 465 116 501 274
car 0.0026 462 156 474 210
car 0.0019 466 155 500 228
bus 0.0030 457 98 499 219
train 0.0016 457 98 499 219
boat 0.0018 457 77 500 227
dog 0.0011 246 209 338 320
bottle 0.4040 247 142 256 169
bottle 0.0245 340 172 356 195
bottle 0.0211 325 172 337 194
bottle 0.0173 245 146 260 176
bottle 0.0093 338 153 363 196
bottle 0.0084 247 159 259 183
bottle 0.0072 237 143 254 165
bottle 0.0056 258 157 269 172
bottle 0.0050 355 172 366 194
bottle 0.0036 237 155 254 172
bottle 0.0029 244 155 262 189
bottle 0.0022 279 154 285 174
bottle 0.0021 266 163 279 182
bottle 0.0020 257 143 272 164
bottle 0.0019 278 160 285 186
bottle 0.0019 247 139 256 155
bottle 0.0018 278 142 285 164
bottle 0.0017 325 161 338 188
bottle 0.0011 265 158 279 170
bottle 0.0011 333 161 350 187
bottle 0.0010 257 161 272 180
bottle 0.0010 322 155 342 195
chair 0.8637 168 149 203 258
chair 0.8108 195 165 255 280
chair 0.7254 0 205 46 341
chair 0.4718 139 149 173 205
chair 0.4149 122 148 164 208
chair 0.3890 226 147 246 160
chair 0.3600 182 140 194 180
chair 0.3191 118 148 143 212
chair 0.1051 195 144 214 164
chair 0.0598 259 144 284 163
chair 0.0509 203 223 251 283
chair 0.0444 164 150 282 225
chair 0.0409 246 151 282 252
chair 0.0336 0 210 21 371
chair 0.0321 258 131 284 157
chair 0.0313 162 146 201 211
chair 0.0305 178 158 277 203
chair 0.0298 168 140 199 178
chair 0.0291 225 154 247 170
chair 0.0279 139 147 164 164
chair 0.0272 125 148 149 199
chair 0.0258 200 145 228 162
chair 0.0232 180 146 195 198
chair 0.0227 257 143 272 164
chair 0.0224 166 145 188 203
chair 0.0197 182 140 218 176
chair 0.0197 140 148 170 179
chair 0.0188 0 224 10 370
chair 0.0188 0 203 45 269
chair 0.0185 148 145 186 206
chair 0.0174 119 143 141 187
chair 0.0161 193 150 220 173
chair 0.0151 0 206 44 240
chair 0.0150 0 207 29 260
chair 0.0148 246 209 338 320
chair 0.0147 257 187 284 236
chair 0.0145 237 143 254 165
chair 0.0129 106 153 136 215
chair 0.0128 246 142 256 169
chair 0.0125 153 152 216 269
chair 0.0121 192 154 240 173
chair 0.0114 228 297 356 370
chair 0.0109 128 142 162 187
chair 0.0105 195 133 213 159
chair 0.0103 180 143 260 177
chair 0.0102 265 158 279 170
chair 0.0101 258 129 283 145
chair 0.0092 226 135 247 158
chair 0.0091 244 141 279 175
chair 0.0088 457 98 499 219
chair 0.0081 0 205 12 295
chair 0.0078 161 146 176 203
chair 0.0076 167 148 233 209
chair 0.0075 257 135 286 175
chair 0.0074 243 153 281 203
chair 0.0067 214 146 238 160
chair 0.0066 0 209 13 251
chair 0.0063 248 196 276 268
chair 0.0062 254 197 279 225
chair 0.0061 139 148 192 244
chair 0.0055 192 145 257 162
chair 0.0053 176 153 213 233
chair 0.0052 121 141 135 164
chair 0.0052 144 137 286 296
chair 0.0050 168 146 183 164
chair 0.0050 258 157 269 172
chair 0.0048 206 133 225 157
chair 0.0045 242 148 321 232
chair 0.0044 257 196 329 226
chair 0.0044 101 138 180 224
chair 0.0040 204 157 245 170
chair 0.0038 254 143 291 214
chair 0.0038 0 210 11 234
chair 0.0036 245 178 321 277
chair 0.0035 184 139 193 151
chair 0.0034 260 153 283 175
chair 0.0034 235 133 252 158
chair 0.0031 115 151 127 175
chair 0.0031 185 185 206 218
chair 0.0030 176 159 233 263
chair 0.0029 179 172 209 264
chair 0.0029 113 139 128 167
chair 0.0029 237 155 254 172
chair 0.0028 142 132 282 191
chair 0.0028 98 153 124 212
chair 0.0027 195 210 273 292
chair 0.0027 184 165 251 214
chair 0.0026 216 134 235 156
chair 0.0025 269 172 278 187
chair 0.0025 211 157 278 264
chair 0.0024 266 163 279 182
chair 0.0024 192 135 207 156
chair 0.0024 122 137 133 154
chair 0.0023 109 142 133 186
chair 0.0022 153 144 183 182
chair 0.0022 217 129 261 161
chair 0.0022 253 186 280 217
chair 0.0021 201 132 248 158
chair 0.0020 1 254 44 380
chair 0.0020 162 148 176 175
sofa 0.0065 457 77 500 227
sofa 0.0033 0 206 44 339
sofa 0.0015 455 71 498 362
sofa 0.0015 465 116 501 274
sofa 0.0013 226 147 246 160
pottedplant 0.0044 101 154 122 213
pottedplant 0.0040 0 193 46 327
pottedplant 0.0031 338 153 363 196
pottedplant 0.0027 1 137 105 257
pottedplant 0.0024 121 100 133 146
pottedplant 0.0021 115 53 135 144
pottedplant 0.0015 316 151 369 197
pottedplant 0.0015 106 153 136 215
pottedplant 0.0014 1 202 42 242
pottedplant 0.0013 247 142 256 169
pottedplant 0.0011 258 157 269 172
pottedplant 0.0010 340 172 356 195
diningtable 0.5948 183 159 282 201
diningtable 0.2529 194 157 256 285
diningtable 0.1926 164 150 282 225
diningtable 0.0486 144 137 286 296
diningtable 0.0461 139 146 172 204
diningtable 0.0178 176 143 266 177
diningtable 0.0150 139 147 164 164
diningtable 0.0136 189 156 259 172
diningtable 0.0118 0 205 46 341
diningtable 0.0100 177 155 211 265
diningtable 0.0099 141 148 170 177
diningtable 0.0097 180 165 254 214
diningtable 0.0083 223 152 249 173
diningtable 0.0075 241 155 267 190
diningtable 0.0069 148 145 186 206
diningtable 0.0068 227 151 263 176
diningtable 0.0067 122 148 164 208
diningtable 0.0053 162 146 201 211
diningtable 0.0053 166 133 280 192
diningtable 0.0051 -1 206 35 240
diningtable 0.0046 0 210 21 371
diningtable 0.0043 243 153 281 203
diningtable 0.0038 237 155 254 172
diningtable 0.0038 166 145 188 203
diningtable 0.0037 254 159 276 183
diningtable 0.0035 172 145 219 220
diningtable 0.0032 204 157 245 170
diningtable 0.0031 236 163 273 199
diningtable 0.0029 211 157 278 264
diningtable 0.0028 226 147 246 160
diningtable 0.0027 178 166 232 237
diningtable 0.0026 246 146 257 176
diningtable 0.0026 192 145 257 162
diningtable 0.0025 252 193 279 250
diningtable 0.0023 197 144 230 164
diningtable 0.0022 0 206 30 305
diningtable 0.0021 0 192 10 346
diningtable 0.0020 232 189 278 271
diningtable 0.0020 195 210 273 292
diningtable 0.0019 224 171 245 192
diningtable 0.0019 240 159 271 262
diningtable 0.0018 220 154 269 192
diningtable 0.0018 183 137 195 176
diningtable 0.0018 191 150 223 174
diningtable 0.0016 168 140 199 178
diningtable 0.0016 161 146 176 203
diningtable 0.0016 0 209 13 251
diningtable 0.0015 120 149 141 197
diningtable 0.0014 187 177 225 263
diningtable 0.0014 227 163 263 259
diningtable 0.0014 184 178 206 207
diningtable 0.0014 0 210 11 234
diningtable 0.0014 203 223 251 283
diningtable 0.0012 182 140 218 176
diningtable 0.0012 0 203 45 269
diningtable 0.0012 179 155 194 209
diningtable 0.0012 139 148 192 244
diningtable 0.0011 228 159 281 224
diningtable 0.0011 254 197 279 225
diningtable 0.0011 168 175 326 334
diningtable 0.0010 0 205 32 222
diningtable 0.0010 259 144 284 163
tvmonitor 0.0279 311 53 395 135
tvmonitor 0.0071 458 101 495 181
tvmonitor 0.0019 456 68 500 216
