person 0.4396 284 144 297 167
person 0.2876 297 144 313 166
person 0.1594 372 146 384 167
person 0.1470 367 146 377 167
person 0.0505 362 144 381 167
person 0.0438 280 145 292 166
person 0.0370 286 141 295 153
person 0.0336 339 139 378 166
person 0.0291 300 141 310 153
person 0.0210 356 154 365 169
person 0.0146 292 155 311 169
person 0.0122 386 146 429 162
person 0.0086 0 181 9 205
person 0.0085 243 144 269 164
person 0.0077 304 142 313 152
person 0.0071 -21 130 523 196
person 0.0067 302 157 319 168
person 0.0052 366 150 389 172
person 0.0049 432 142 482 163
person 0.0048 1 182 8 189
person 0.0045 416 145 456 162
person 0.0041 1 143 41 164
person 0.0038 82 153 101 170
person 0.0031 200 143 248 165
person 0.0029 76 144 109 166
person 0.0027 347 154 357 169
person 0.0025 385 148 406 161
person 0.0024 280 142 292 152
person 0.0023 325 134 378 160
person 0.0022 279 152 291 171
person 0.0022 155 143 194 163
person 0.0021 321 141 360 165
person 0.0021 17 141 51 162
person 0.0020 284 138 300 158
person 0.0018 295 140 312 156
person 0.0017 427 141 448 154
person 0.0017 348 152 373 171
person 0.0016 355 137 382 156
person 0.0015 323 139 340 155
person 0.0015 220 144 253 164
person 0.0015 485 148 501 163
person 0.0014 0 142 11 154
person 0.0014 372 138 384 157
person 0.0013 311 140 432 168
person 0.0013 401 142 417 154
person 0.0012 381 154 395 169
person 0.0010 255 143 290 167
person 0.0010 117 144 157 165
person 0.0010 192 149 203 162
bicycle 0.0100 297 144 313 166
bicycle 0.0076 284 144 297 167
bicycle 0.0046 292 155 311 169
bicycle 0.0037 373 152 386 170
bicycle 0.0035 287 154 319 171
bicycle 0.0034 302 157 319 168
bicycle 0.0017 366 152 378 170
car 0.8922 473 147 500 164
car 0.8687 102 143 156 166
car 0.7606 411 147 445 162
car 0.7286 431 141 483 163
car 0.6800 153 144 188 164
car 0.6783 306 145 342 164
car 0.6586 200 144 233 165
car 0.6370 44 145 99 167
car 0.5711 385 148 406 161
car 0.5512 -1 144 35 165
car 0.3459 16 142 52 162
car 0.3449 251 144 271 163
car 0.3325 85 144 112 166
car 0.3235 485 148 501 163
car 0.2480 324 133 380 162
car 0.1663 -1 144 16 165
car 0.1531 230 146 260 163
car 0.1507 -21 130 523 196
car 0.1156 385 146 431 162
car 0.0883 299 144 319 166
car 0.0706 96 144 122 164
car 0.0342 460 146 493 163
car 0.0328 36 146 70 164
car 0.0270 197 142 253 170
car 0.0270 0 142 58 167
car 0.0253 0 131 281 191
car 0.0221 0 142 11 154
car 0.0178 289 142 347 169
car 0.0169 134 141 201 169
car 0.0165 221 144 262 173
car 0.0142 225 128 502 190
car 0.0127 375 145 454 165
car 0.0123 80 143 106 154
car 0.0120 370 146 385 168
car 0.0113 179 146 195 162
car 0.0099 362 144 381 167
car 0.0097 60 144 147 168
car 0.0097 154 143 186 154
car 0.0094 302 140 370 166
car 0.0090 0 153 9 169
car 0.0089 0 141 26 155
car 0.0086 138 145 156 162
car 0.0083 284 144 297 167
car 0.0079 100 144 120 153
car 0.0076 428 140 465 156
car 0.0075 40 117 527 172
car 0.0070 235 144 272 172
car 0.0067 367 146 377 167
car 0.0064 40 155 65 167
car 0.0062 -33 107 536 239
car 0.0060 0 140 47 158
car 0.0050 307 117 494 167
car 0.0048 254 142 290 167
car 0.0041 238 141 362 170
car 0.0040 489 154 500 168
car 0.0039 -4 132 131 188
car 0.0038 35 151 91 171
car 0.0037 129 145 164 164
car 0.0033 172 144 200 164
car 0.0032 192 149 203 162
car 0.0030 198 144 218 164
car 0.0030 92 154 108 168
car 0.0028 427 141 448 154
car 0.0026 323 143 467 167
car 0.0026 141 142 265 176
car 0.0026 373 131 499 191
car 0.0026 216 143 297 176
car 0.0025 201 142 233 155
car 0.0023 55 150 107 172
car 0.0023 185 144 229 176
car 0.0021 253 141 270 154
car 0.0021 346 141 398 167
car 0.0020 280 145 292 166
car 0.0019 286 141 295 153
car 0.0019 200 140 251 157
car 0.0018 -1 150 15 172
car 0.0017 46 144 80 154
car 0.0017 143 144 175 165
car 0.0017 231 144 257 154
car 0.0016 355 137 382 156
car 0.0016 297 151 347 173
car 0.0015 0 149 30 173
car 0.0014 223 143 249 153
car 0.0014 304 142 313 152
car 0.0013 300 141 310 153
car 0.0013 39 142 65 154
car 0.0013 308 143 337 154
car 0.0012 444 139 484 157
car 0.0012 -6 116 197 171
car 0.0012 366 143 425 167
car 0.0012 101 154 120 169
car 0.0012 104 142 155 155
car 0.0011 104 143 135 152
car 0.0011 256 146 294 182
car 0.0011 12 134 75 162
car 0.0011 4 154 41 168
car 0.0010 491 142 500 153
car 0.0010 12 141 91 156
car 0.0010 83 152 116 170
car 0.0010 302 157 319 168
motorbike 0.0172 297 144 313 166
motorbike 0.0138 284 144 297 167
motorbike 0.0020 367 146 377 167
motorbike 0.0014 373 152 386 170
motorbike 0.0011 362 144 381 167
motorbike 0.0010 292 155 311 169
aeroplane 0.0011 325 136 380 167
bus 0.0090 324 133 380 162
bus 0.0027 431 141 482 164
bus 0.0015 473 147 500 164
boat 0.5109 227 154 260 194
boat 0.1872 264 156 287 190
boat 0.1453 200 143 241 167
boat 0.0892 200 158 217 189
boat 0.0655 -21 130 523 196
boat 0.0622 221 144 262 173
boat 0.0301 241 155 288 192
boat 0.0200 235 144 272 172
boat 0.0184 155 143 195 166
boat 0.0116 229 146 262 163
boat 0.0109 271 165 336 179
boat 0.0108 300 143 344 167
boat 0.0105 287 154 319 171
boat 0.0097 216 143 297 176
boat 0.0076 266 175 286 191
boat 0.0070 256 146 294 182
boat 0.0064 200 149 250 176
boat 0.0059 199 157 233 189
boat 0.0051 248 146 278 181
boat 0.0047 221 167 289 196
boat 0.0045 238 141 362 170
boat 0.0045 146 157 166 191
boat 0.0045 200 175 217 190
boat 0.0045 243 144 269 164
boat 0.0044 292 155 311 169
boat 0.0037 207 162 242 183
boat 0.0034 -22 141 526 252
boat 0.0034 210 155 239 170
boat 0.0031 211 166 237 179
boat 0.0026 240 155 266 190
boat 0.0025 172 135 301 191
boat 0.0024 283 151 299 171
boat 0.0023 47 180 71 191
boat 0.0018 141 142 265 176
boat 0.0017 182 152 262 194
boat 0.0017 94 152 224 198
boat 0.0016 239 175 269 193
boat 0.0015 228 186 261 194
boat 0.0015 231 157 367 193
boat 0.0015 252 152 274 174
boat 0.0015 274 148 293 179
boat 0.0014 46 185 72 195
boat 0.0014 185 144 229 176
boat 0.0013 138 155 176 193
boat 0.0013 145 178 166 191
boat 0.0013 296 144 314 166
boat 0.0013 1 182 8 189
boat 0.0012 2 125 326 226
boat 0.0012 284 144 297 167
boat 0.0012 0 181 9 205
boat 0.0011 253 158 336 187
boat 0.0010 297 151 347 173
bird 0.0216 0 181 9 205
bird 0.0112 1 182 8 189
bird 0.0030 45 182 65 190
bird 0.0027 200 158 217 189
bird 0.0016 45 185 65 194
