person 0.9820 106 94 241 374
person 0.9731 306 90 428 374
person 0.8994 232 123 326 375
person 0.0089 148 112 371 368
bicycle 0.0018 411 267 499 369
bottle 0.0016 431 356 462 374
chair 0.0726 439 267 500 368
chair 0.0092 420 273 446 357
chair 0.0070 412 291 443 372
chair 0.0037 409 305 432 346
chair 0.0033 423 282 438 315
chair 0.0023 426 283 445 329
chair 0.0022 418 283 440 330
chair 0.0021 424 270 468 366
chair 0.0021 80 289 138 367
chair 0.0020 408 264 456 369
chair 0.0017 84 309 138 346
chair 0.0017 427 285 441 310
chair 0.0015 416 259 449 331
chair 0.0013 411 247 498 349
chair 0.0012 82 277 137 323
chair 0.0012 87 331 138 360
chair 0.0012 407 318 434 373
chair 0.0011 433 278 457 373
sofa 0.0155 439 267 500 368
sofa 0.0062 77 278 138 350
pottedplant 0.0648 0 17 97 371
pottedplant 0.0058 0 25 25 109
pottedplant 0.0045 -1 32 69 255
pottedplant 0.0028 -1 217 102 374
pottedplant 0.0011 79 273 140 359
pottedplant 0.0010 2 293 113 370
pottedplant 0.0010 0 21 27 178
diningtable 0.0113 414 273 497 376
diningtable 0.0021 87 331 138 360
diningtable 0.0020 80 289 138 367
diningtable 0.0017 89 348 137 359
diningtable 0.0013 90 339 135 356
tvmonitor 0.0059 432 138 502 260
tvmonitor 0.0010 431 88 501 362
