person 0.8723 237 141 248 182
person 0.7442 273 152 281 174
person 0.2051 274 152 285 174
person 0.0899 488 160 500 184
person 0.0419 274 151 280 162
person 0.0365 268 151 284 176
person 0.0334 476 143 500 178
person 0.0304 244 153 284 178
person 0.0281 238 140 246 153
person 0.0213 486 152 500 177
person 0.0196 276 148 284 163
person 0.0170 489 169 500 191
person 0.0156 280 142 285 148
person 0.0145 240 163 285 182
person 0.0091 265 164 283 179
person 0.0043 485 141 500 169
person 0.0039 476 155 499 187
person 0.0031 479 137 500 212
person 0.0030 274 162 288 179
person 0.0025 489 171 500 210
person 0.0022 240 152 267 177
person 0.0020 234 142 243 164
person 0.0019 275 143 287 169
person 0.0019 488 139 500 152
person 0.0017 495 105 499 122
person 0.0017 476 104 500 179
person 0.0014 475 140 499 154
person 0.0011 236 131 272 181
person 0.0011 236 141 242 151
person 0.0011 237 162 248 184
car 0.0143 486 152 500 177
car 0.0072 475 141 499 170
car 0.0043 488 160 500 184
car 0.0015 488 139 500 152
motorbike 0.0011 487 158 500 185
aeroplane 0.0041 476 136 500 181
boat 0.3508 476 141 499 170
boat 0.2905 237 162 288 182
boat 0.2167 488 160 500 184
boat 0.1968 486 152 500 177
boat 0.0432 489 169 500 191
boat 0.0372 244 153 284 178
boat 0.0264 474 132 501 185
boat 0.0174 475 140 499 154
boat 0.0167 479 137 500 212
boat 0.0150 143 138 156 145
boat 0.0104 476 155 499 187
boat 0.0084 237 172 288 186
boat 0.0082 271 152 283 175
boat 0.0080 488 139 500 152
boat 0.0077 236 141 249 182
boat 0.0072 230 130 298 181
boat 0.0058 280 142 285 148
boat 0.0052 265 164 283 179
boat 0.0050 489 171 500 210
boat 0.0045 474 102 500 168
boat 0.0037 484 129 501 163
boat 0.0026 240 152 267 177
boat 0.0021 274 162 288 179
boat 0.0021 236 161 251 184
boat 0.0020 143 133 157 142
boat 0.0015 238 140 246 153
boat 0.0015 276 148 284 163
boat 0.0015 274 151 280 162
boat 0.0011 267 139 285 172
boat 0.0011 490 116 500 154
boat 0.0011 258 135 290 175
boat 0.0011 238 122 502 186
boat 0.0010 495 105 499 122
bird 0.0202 488 160 500 184
bird 0.0076 476 143 499 178
bird 0.0071 485 150 501 178
bird 0.0063 489 169 500 191
bird 0.0053 143 138 156 145
bird 0.0051 280 142 285 148
bird 0.0025 274 152 285 174
bird 0.0010 238 140 246 153
dog 0.0035 488 160 500 184
dog 0.0027 489 169 500 191
dog 0.0011 486 152 500 177
horse 0.0067 488 160 500 184
horse 0.0034 489 169 500 191
horse 0.0029 486 152 500 177
horse 0.0019 476 141 499 170
sheep 0.0046 488 160 500 184
sheep 0.0022 486 152 500 177
sheep 0.0017 489 169 500 191
cow 0.0059 488 160 500 184
cow 0.0030 489 169 500 191
cow 0.0019 486 152 500 177
cow 0.0017 476 136 500 181
