person 0.5678 323 260 333 282
person 0.4560 373 256 386 287
person 0.3912 321 261 329 282
person 0.3465 403 254 416 285
person 0.3247 302 263 309 280
person 0.2731 310 263 316 280
person 0.1708 382 256 391 286
person 0.0971 367 257 377 286
person 0.0875 339 260 346 278
person 0.0819 357 257 368 286
person 0.0756 424 240 434 278
person 0.0725 267 260 275 281
person 0.0592 421 245 432 289
person 0.0496 394 257 403 284
person 0.0470 362 253 380 289
person 0.0360 425 239 433 261
person 0.0354 412 252 427 287
person 0.0351 378 254 396 288
person 0.0294 373 255 386 270
person 0.0247 403 252 416 272
person 0.0205 4 240 19 282
person 0.0182 452 254 462 268
person 0.0178 240 250 249 262
person 0.0158 347 257 356 282
person 0.0158 452 261 461 270
person 0.0135 333 243 411 295
person 0.0124 357 247 383 274
person 0.0123 351 254 372 288
person 0.0121 382 255 394 270
person 0.0117 308 260 318 282
person 0.0093 411 251 425 271
person 0.0089 214 234 222 249
person 0.0085 371 233 387 250
person 0.0079 432 260 444 271
person 0.0077 336 269 346 283
person 0.0077 330 223 396 287
person 0.0072 352 252 368 271
person 0.0069 249 252 258 262
person 0.0067 388 254 408 287
person 0.0064 159 224 293 288
person 0.0062 0 240 13 281
person 0.0062 348 265 355 287
person 0.0059 320 226 493 290
person 0.0055 491 251 500 326
person 0.0055 201 264 208 273
person 0.0049 434 255 455 269
person 0.0048 428 253 450 270
person 0.0044 240 247 253 258
person 0.0041 491 264 500 290
person 0.0039 363 244 466 296
person 0.0039 0 251 9 285
person 0.0038 227 251 447 294
person 0.0037 426 238 433 249
person 0.0036 383 230 396 251
person 0.0036 141 228 433 287
person 0.0036 270 230 318 282
person 0.0036 392 252 403 272
person 0.0033 488 221 500 261
person 0.0033 294 258 314 283
person 0.0032 256 252 267 267
person 0.0027 209 241 224 256
person 0.0026 200 242 211 254
person 0.0025 161 262 171 279
person 0.0025 369 237 388 261
person 0.0023 421 237 436 268
person 0.0022 460 260 468 272
person 0.0021 411 217 500 292
person 0.0020 367 243 409 278
person 0.0020 289 234 430 304
person 0.0020 479 253 496 286
person 0.0019 301 258 323 283
person 0.0019 468 256 485 281
person 0.0019 358 238 381 263
person 0.0019 337 254 365 286
person 0.0018 442 248 470 271
person 0.0018 480 263 493 293
person 0.0017 350 240 370 259
person 0.0017 331 258 352 282
person 0.0017 196 246 360 289
person 0.0016 404 248 430 275
person 0.0016 352 234 368 250
person 0.0016 189 242 201 256
person 0.0015 337 221 402 259
person 0.0015 358 231 382 250
person 0.0015 203 234 211 251
person 0.0014 458 250 471 270
person 0.0014 0 259 5 297
person 0.0013 485 225 500 359
person 0.0013 343 252 357 270
person 0.0012 473 232 498 303
person 0.0012 214 242 237 258
person 0.0012 489 234 500 285
person 0.0012 455 219 499 298
person 0.0011 261 257 282 282
person 0.0011 323 255 336 270
person 0.0010 295 250 380 292
person 0.0010 299 226 376 285
person 0.0010 391 229 402 250
bicycle 0.0036 324 267 333 283
car 0.0235 491 264 500 290
car 0.0219 434 260 456 271
car 0.0146 489 234 500 285
car 0.0121 432 260 444 271
car 0.0091 433 251 457 270
car 0.0028 452 261 461 270
car 0.0026 424 247 452 272
car 0.0025 339 260 346 278
car 0.0023 491 251 500 326
car 0.0019 323 260 333 282
car 0.0019 455 219 499 298
car 0.0018 427 255 450 277
car 0.0015 481 228 499 312
car 0.0013 372 256 388 288
car 0.0013 302 263 309 280
car 0.0013 321 261 329 282
car 0.0012 410 240 498 298
car 0.0012 403 254 417 286
car 0.0011 418 253 458 279
car 0.0010 394 257 403 284
car 0.0010 476 241 497 277
motorbike 0.0023 324 267 333 283
bus 0.9908 163 221 314 288
bus 0.8808 335 224 405 287
bus 0.2732 454 215 499 291
bus 0.0499 271 230 318 282
bus 0.0280 320 226 493 290
bus 0.0228 233 230 313 284
bus 0.0217 488 228 500 290
bus 0.0168 357 247 383 274
bus 0.0147 468 213 500 270
bus 0.0104 290 242 313 276
bus 0.0102 412 218 498 290
bus 0.0095 433 254 456 270
bus 0.0093 357 252 384 289
bus 0.0079 352 240 423 280
bus 0.0071 346 244 401 294
bus 0.0064 487 218 500 264
bus 0.0062 298 240 322 280
bus 0.0058 373 255 386 270
bus 0.0058 352 252 368 271
bus 0.0056 343 227 410 256
bus 0.0055 481 228 499 312
bus 0.0042 372 256 388 288
bus 0.0035 141 228 433 287
bus 0.0031 285 233 345 282
bus 0.0031 433 245 480 273
bus 0.0030 490 252 500 287
bus 0.0026 358 238 381 263
bus 0.0026 476 241 497 277
bus 0.0024 371 233 387 250
bus 0.0022 369 237 388 261
bus 0.0022 323 255 336 270
bus 0.0019 355 255 369 288
bus 0.0019 320 227 357 284
bus 0.0019 430 236 462 269
bus 0.0018 424 230 491 272
bus 0.0018 305 240 341 281
bus 0.0017 381 255 393 288
bus 0.0017 249 252 258 262
bus 0.0017 302 263 309 280
bus 0.0016 426 249 451 271
bus 0.0016 373 227 405 253
bus 0.0016 299 226 376 285
bus 0.0014 463 247 489 272
bus 0.0014 317 252 331 273
bus 0.0014 367 257 377 286
bus 0.0014 240 250 249 262
bus 0.0013 465 230 485 250
bus 0.0013 256 252 267 267
bus 0.0013 382 255 394 270
bus 0.0013 337 253 347 271
bus 0.0012 284 248 303 272
bus 0.0012 322 260 334 283
bus 0.0012 316 245 344 276
bus 0.0010 321 261 329 282
bus 0.0010 307 242 316 256
bus 0.0010 208 239 284 278
bus 0.0010 491 214 499 228
train 0.0049 335 223 405 287
train 0.0023 320 226 493 290
train 0.0020 454 215 499 291
train 0.0015 163 221 314 288
