person 0.8886 48 194 98 336
person 0.3178 402 174 410 193
person 0.2332 53 220 89 273
person 0.0568 225 175 231 186
person 0.0428 260 177 269 191
person 0.0405 113 164 139 231
person 0.0315 29 182 40 196
person 0.0200 117 170 138 194
person 0.0192 215 176 221 183
person 0.0183 5 165 24 198
person 0.0117 6 164 39 197
person 0.0113 338 177 345 189
person 0.0113 2 128 145 318
person 0.0102 233 186 239 193
person 0.0102 8 165 22 180
person 0.0092 110 205 129 233
person 0.0089 47 162 61 196
person 0.0088 229 174 237 190
person 0.0086 6 182 21 198
person 0.0083 26 166 39 196
person 0.0080 340 194 358 207
person 0.0068 383 192 398 206
person 0.0066 14 164 33 179
person 0.0053 236 170 266 195
person 0.0049 385 179 410 203
person 0.0047 362 193 377 208
person 0.0045 199 174 208 184
person 0.0039 25 164 38 180
person 0.0035 50 164 68 195
person 0.0031 60 214 100 283
person 0.0030 31 197 113 276
person 0.0029 132 172 141 194
person 0.0027 31 160 62 200
person 0.0025 0 179 5 201
person 0.0024 9 181 37 198
person 0.0023 51 162 66 182
person 0.0021 270 163 289 184
person 0.0021 259 183 268 193
person 0.0021 372 193 388 208
person 0.0020 326 178 338 190
person 0.0020 0 164 6 201
person 0.0020 221 169 227 181
person 0.0018 317 184 328 195
person 0.0018 320 178 327 190
person 0.0017 41 225 67 288
person 0.0017 201 168 208 180
person 0.0016 190 180 200 202
person 0.0015 129 175 144 203
person 0.0015 399 172 415 194
person 0.0014 0 235 14 300
person 0.0014 395 174 407 193
person 0.0013 162 164 173 216
person 0.0013 386 190 408 207
person 0.0011 318 193 347 207
person 0.0011 195 174 204 185
person 0.0011 327 193 357 207
person 0.0011 382 186 399 200
person 0.0010 270 180 281 201
person 0.0010 62 172 81 194
bicycle 0.9436 113 284 222 372
bicycle 0.0076 114 295 164 371
bicycle 0.0076 122 282 213 331
bicycle 0.0042 402 178 411 197
bicycle 0.0027 146 283 209 312
bicycle 0.0025 112 266 184 329
bicycle 0.0022 2 127 145 318
bicycle 0.0021 121 322 157 371
bicycle 0.0012 158 288 197 309
bicycle 0.0011 184 288 207 300
bicycle 0.0010 168 290 224 379
car 0.9983 290 189 420 247
car 0.2923 268 161 318 204
car 0.1768 268 163 286 199
car 0.0557 233 169 260 195
car 0.0227 260 177 269 191
car 0.0216 270 180 281 201
car 0.0185 233 186 239 193
car 0.0180 215 176 221 183
car 0.0128 327 188 355 194
car 0.0084 225 175 231 186
car 0.0065 195 174 204 185
car 0.0063 199 174 208 184
car 0.0060 259 183 268 193
car 0.0058 327 193 357 207
car 0.0048 224 185 232 191
car 0.0048 321 185 343 193
car 0.0048 318 193 347 207
car 0.0029 402 174 410 193
car 0.0025 319 187 363 197
car 0.0023 383 192 398 206
car 0.0020 160 217 180 277
car 0.0020 229 174 237 190
car 0.0018 382 186 399 200
car 0.0015 317 184 328 195
car 0.0013 304 185 371 212
car 0.0012 4 117 159 347
car 0.0012 53 220 89 273
car 0.0011 307 193 337 206
car 0.0010 197 198 212 207
car 0.0010 271 175 288 204
motorbike 0.0026 402 178 411 197
motorbike 0.0011 37 264 63 290
bus 0.9916 1 125 175 320
bus 0.7067 233 169 260 195
bus 0.2504 270 162 320 203
bus 0.0702 268 163 286 199
bus 0.0054 31 197 113 276
bus 0.0045 53 214 91 269
bus 0.0029 225 175 231 186
bus 0.0020 229 174 237 190
bus 0.0012 215 176 221 183
bus 0.0011 271 163 288 186
train 0.0083 -5 123 154 314
train 0.0048 233 169 260 195
