person 0.9725 189 100 320 257
person 0.6607 288 181 420 248
person 0.1580 116 186 290 268
person 0.0640 160 175 422 259
person 0.0077 143 104 414 272
person 0.0037 317 195 381 241
person 0.0035 271 175 402 226
person 0.0022 -1 148 16 177
person 0.0022 139 170 163 188
person 0.0017 0 140 12 166
person 0.0013 212 202 301 264
person 0.0013 30 112 55 155
person 0.0012 494 95 500 265
person 0.0012 21 148 31 158
person 0.0011 285 106 422 251
person 0.0011 114 170 163 189
person 0.0010 296 188 366 246
person 0.0010 1 160 20 177
bicycle 0.0042 -1 160 17 177
bicycle 0.0027 43 169 163 193
bicycle 0.0012 106 171 155 187
bird 0.0016 142 209 158 225
dog 0.5583 116 186 290 268
dog 0.0035 228 229 293 265
dog 0.0029 166 137 336 260
dog 0.0023 172 186 259 253
dog 0.0016 122 183 434 270
dog 0.0013 271 182 410 248
dog 0.0012 146 228 295 264
dog 0.0011 185 229 257 262
dog 0.0010 212 202 301 264
sheep 0.0420 113 186 288 268
sheep 0.0010 166 137 336 260
cow 0.0032 116 186 290 268
chair 0.0222 -1 160 17 177
chair 0.0030 0 148 21 177
