person 0.0048 494 135 500 155
person 0.0019 491 114 500 156
person 0.0012 440 97 449 115
person 0.0011 232 155 253 177
bicycle 0.0011 0 324 22 373
car 0.0045 8 107 20 120
car 0.0017 0 98 14 118
car 0.0012 -18 28 523 346
train 0.0398 0 88 217 269
train 0.0080 0 85 214 144
train 0.0014 10 96 229 182
train 0.0014 0 262 253 367
boat 0.0035 4 262 208 369
boat 0.0020 -3 93 221 261
bird 0.0050 345 164 356 199
bird 0.0046 447 78 452 90
bird 0.0037 316 167 325 182
bird 0.0035 435 121 454 144
bird 0.0011 304 175 320 190
bottle 0.0052 440 97 449 115
bottle 0.0029 494 135 500 155
bottle 0.0021 452 101 462 114
bottle 0.0019 436 100 444 115
bottle 0.0016 447 78 452 90
bottle 0.0010 469 130 483 156
chair 0.0213 304 111 323 133
chair 0.0182 177 88 202 103
chair 0.0108 228 105 244 121
chair 0.0101 257 111 273 122
chair 0.0100 298 104 325 129
chair 0.0095 221 103 233 121
chair 0.0085 225 99 245 118
chair 0.0076 273 103 291 124
chair 0.0071 174 72 203 103
chair 0.0069 301 101 322 110
chair 0.0066 294 105 311 125
chair 0.0064 305 110 334 136
chair 0.0045 250 108 262 121
chair 0.0044 266 39 284 59
chair 0.0043 295 103 312 110
chair 0.0042 152 87 202 104
chair 0.0041 261 105 285 123
chair 0.0030 251 102 262 115
chair 0.0029 177 71 226 102
chair 0.0028 194 85 222 103
chair 0.0028 233 106 253 121
chair 0.0028 269 37 292 60
chair 0.0026 145 90 169 101
chair 0.0024 286 104 297 123
chair 0.0022 263 102 286 114
chair 0.0021 229 101 256 116
chair 0.0020 303 92 319 102
chair 0.0019 308 131 317 139
chair 0.0019 254 102 272 114
chair 0.0019 333 109 348 125
chair 0.0018 293 102 339 141
chair 0.0017 326 99 342 109
chair 0.0016 332 101 346 110
chair 0.0015 252 163 273 179
chair 0.0015 158 71 196 103
chair 0.0013 293 108 315 137
chair 0.0013 494 135 500 155
chair 0.0013 147 81 210 108
chair 0.0012 273 100 290 115
chair 0.0012 323 106 355 141
chair 0.0011 -4 12 507 212
chair 0.0010 238 39 271 60
chair 0.0010 491 114 500 156
chair 0.0010 0 324 22 373
chair 0.0010 196 69 234 102
chair 0.0010 198 81 239 118
pottedplant 0.7835 416 164 441 244
pottedplant 0.3020 232 155 253 177
pottedplant 0.2347 393 115 418 150
pottedplant 0.2147 218 46 231 65
pottedplant 0.2004 363 112 397 142
pottedplant 0.1890 230 160 246 178
pottedplant 0.1831 375 114 414 149
pottedplant 0.1794 338 203 362 223
pottedplant 0.1736 180 156 225 193
pottedplant 0.1357 183 157 210 185
pottedplant 0.0992 345 164 356 199
pottedplant 0.0978 205 159 227 180
pottedplant 0.0888 386 113 415 138
pottedplant 0.0782 236 161 271 180
pottedplant 0.0702 342 166 359 219
pottedplant 0.0659 238 39 271 60
pottedplant 0.0632 348 111 372 141
pottedplant 0.0619 435 121 454 144
pottedplant 0.0534 408 118 430 148
pottedplant 0.0473 440 97 449 115
pottedplant 0.0470 472 81 497 112
pottedplant 0.0455 355 213 384 234
pottedplant 0.0436 228 105 244 121
pottedplant 0.0422 351 114 404 149
pottedplant 0.0416 470 120 483 151
pottedplant 0.0403 350 123 367 142
pottedplant 0.0396 257 111 273 122
pottedplant 0.0395 335 162 363 227
pottedplant 0.0362 415 221 440 244
pottedplant 0.0349 354 111 386 140
pottedplant 0.0347 252 163 273 179
pottedplant 0.0317 354 212 368 232
pottedplant 0.0299 233 106 253 121
pottedplant 0.0286 250 108 262 121
pottedplant 0.0272 223 152 267 178
pottedplant 0.0264 414 117 455 151
pottedplant 0.0253 217 157 232 174
pottedplant 0.0250 452 101 462 114
pottedplant 0.0245 236 40 254 60
pottedplant 0.0245 428 119 473 154
pottedplant 0.0235 406 155 451 249
pottedplant 0.0229 190 155 223 176
pottedplant 0.0228 176 304 224 345
pottedplant 0.0223 332 114 350 134
pottedplant 0.0205 453 118 490 156
pottedplant 0.0201 335 203 347 221
pottedplant 0.0192 334 199 368 229
pottedplant 0.0191 404 100 413 113
pottedplant 0.0191 414 121 436 145
pottedplant 0.0176 431 117 444 137
pottedplant 0.0172 266 39 284 59
pottedplant 0.0169 301 95 499 207
pottedplant 0.0164 339 112 365 140
pottedplant 0.0162 387 106 435 147
pottedplant 0.0159 255 324 329 372
pottedplant 0.0151 434 133 457 154
pottedplant 0.0142 253 50 272 60
pottedplant 0.0142 494 135 500 155
pottedplant 0.0138 452 120 465 148
pottedplant 0.0137 330 106 388 144
pottedplant 0.0132 420 167 439 218
pottedplant 0.0129 456 119 476 151
pottedplant 0.0119 379 135 398 147
pottedplant 0.0113 343 154 357 173
pottedplant 0.0112 333 109 348 125
pottedplant 0.0111 338 115 379 150
pottedplant 0.0110 469 144 481 157
pottedplant 0.0108 387 99 499 185
pottedplant 0.0108 351 203 364 221
pottedplant 0.0108 436 100 444 115
pottedplant 0.0105 445 136 466 155
pottedplant 0.0102 361 104 376 125
pottedplant 0.0097 226 46 242 64
pottedplant 0.0095 397 135 414 150
pottedplant 0.0094 179 305 217 329
pottedplant 0.0093 326 99 342 109
pottedplant 0.0092 371 212 387 235
pottedplant 0.0086 404 105 459 147
pottedplant 0.0084 474 82 499 155
pottedplant 0.0084 225 99 245 118
pottedplant 0.0082 468 109 485 143
pottedplant 0.0079 427 114 451 140
pottedplant 0.0079 490 82 500 110
pottedplant 0.0074 322 95 429 150
pottedplant 0.0074 332 101 346 110
pottedplant 0.0072 241 83 491 281
pottedplant 0.0071 379 106 396 123
pottedplant 0.0068 315 168 325 191
pottedplant 0.0068 386 120 500 257
pottedplant 0.0066 470 95 484 116
pottedplant 0.0065 491 95 500 114
pottedplant 0.0065 398 102 417 128
pottedplant 0.0065 478 131 494 156
pottedplant 0.0064 221 103 233 121
pottedplant 0.0063 304 175 320 190
pottedplant 0.0063 491 114 500 156
pottedplant 0.0063 445 144 469 157
pottedplant 0.0062 371 108 390 126
pottedplant 0.0060 269 37 292 60
pottedplant 0.0059 332 107 454 162
diningtable 0.0034 199 87 228 102
diningtable 0.0033 301 101 322 110
diningtable 0.0025 225 99 245 118
diningtable 0.0024 295 103 312 110
diningtable 0.0023 224 218 326 260
diningtable 0.0023 201 71 228 78
diningtable 0.0023 229 101 256 116
diningtable 0.0018 301 106 324 128
diningtable 0.0018 257 111 273 122
diningtable 0.0018 195 72 233 102
diningtable 0.0014 233 106 253 121
diningtable 0.0011 238 39 271 60
diningtable 0.0011 250 108 262 121
diningtable 0.0010 326 99 342 109
