person 0.1330 155 226 186 256
person 0.0795 153 283 170 314
person 0.0123 158 225 192 272
person 0.0093 466 210 481 235
person 0.0073 131 270 143 303
person 0.0047 180 230 194 249
person 0.0026 189 221 204 241
person 0.0025 492 201 499 236
person 0.0023 163 224 178 243
person 0.0022 176 228 197 254
person 0.0020 463 212 475 235
person 0.0019 152 227 168 251
person 0.0015 179 225 196 239
person 0.0014 157 281 172 300
person 0.0013 188 226 204 250
person 0.0011 159 222 193 245
person 0.0011 492 239 500 336
bicycle 0.0047 228 276 281 300
car 0.8927 412 234 499 314
car 0.0051 491 233 500 287
car 0.0038 436 231 501 287
car 0.0034 481 229 500 318
car 0.0033 489 230 500 252
car 0.0032 492 239 500 336
car 0.0027 229 277 286 301
car 0.0023 453 240 499 315
car 0.0021 161 259 194 291
car 0.0012 470 230 500 290
car 0.0012 492 211 500 246
car 0.0010 38 257 83 292
bird 0.0010 153 283 170 314
bottle 0.0311 153 284 170 313
bottle 0.0011 157 281 172 300
chair 0.0345 161 265 192 287
chair 0.0020 247 277 283 297
chair 0.0015 227 277 262 300
chair 0.0014 185 266 207 287
chair 0.0012 161 239 193 276
chair 0.0012 159 257 198 293
pottedplant 0.1718 192 291 301 372
pottedplant 0.0926 130 319 201 374
pottedplant 0.0688 153 284 170 313
pottedplant 0.0365 87 8 340 154
pottedplant 0.0363 465 195 500 234
pottedplant 0.0329 131 270 143 303
pottedplant 0.0267 159 227 191 266
pottedplant 0.0174 133 18 272 146
pottedplant 0.0170 492 201 499 236
pottedplant 0.0153 286 97 442 354
pottedplant 0.0098 465 209 482 236
pottedplant 0.0088 206 247 469 377
pottedplant 0.0087 295 133 378 311
pottedplant 0.0085 70 14 200 110
pottedplant 0.0083 251 284 344 374
pottedplant 0.0072 267 320 300 374
pottedplant 0.0067 202 289 282 345
pottedplant 0.0065 149 275 176 312
pottedplant 0.0057 213 23 364 127
pottedplant 0.0057 91 43 149 106
pottedplant 0.0054 161 239 193 276
pottedplant 0.0047 131 293 272 374
pottedplant 0.0044 241 20 314 134
pottedplant 0.0041 161 258 193 285
pottedplant 0.0039 213 325 274 374
pottedplant 0.0038 140 86 288 192
pottedplant 0.0036 172 272 333 360
pottedplant 0.0031 331 186 459 342
pottedplant 0.0031 161 48 493 392
pottedplant 0.0030 135 8 194 70
pottedplant 0.0029 128 271 137 305
pottedplant 0.0028 174 231 199 265
pottedplant 0.0028 196 288 211 307
pottedplant 0.0027 11 4 270 130
pottedplant 0.0026 488 193 500 233
pottedplant 0.0025 493 181 499 226
pottedplant 0.0025 157 281 172 300
pottedplant 0.0024 154 231 187 283
pottedplant 0.0024 276 139 306 162
pottedplant 0.0023 288 238 421 354
pottedplant 0.0023 180 230 194 249
pottedplant 0.0022 246 122 279 168
pottedplant 0.0022 152 264 187 290
pottedplant 0.0021 167 247 189 266
pottedplant 0.0021 358 234 428 313
pottedplant 0.0021 127 270 157 310
pottedplant 0.0020 277 71 311 132
pottedplant 0.0020 125 34 315 203
pottedplant 0.0019 255 64 307 136
pottedplant 0.0019 149 111 255 163
pottedplant 0.0018 295 325 346 373
pottedplant 0.0018 140 271 187 314
pottedplant 0.0018 311 159 432 312
pottedplant 0.0018 77 9 413 300
pottedplant 0.0017 302 255 378 335
pottedplant 0.0016 171 244 201 273
pottedplant 0.0016 266 287 455 370
pottedplant 0.0015 223 16 268 61
pottedplant 0.0015 262 318 332 374
pottedplant 0.0014 194 293 255 338
pottedplant 0.0013 0 24 125 122
pottedplant 0.0013 147 259 166 279
pottedplant 0.0013 320 103 428 250
pottedplant 0.0012 104 320 176 374
pottedplant 0.0012 472 195 500 272
pottedplant 0.0012 149 263 168 293
pottedplant 0.0011 296 30 371 133
pottedplant 0.0011 463 212 475 235
pottedplant 0.0010 94 1 240 76
pottedplant 0.0010 157 274 209 307
pottedplant 0.0010 142 251 191 299
pottedplant 0.0010 228 285 300 331
