person 0.9774 285 87 393 334
person 0.9739 94 45 206 333
person 0.9613 197 64 306 335
person 0.0586 344 121 375 156
person 0.0118 384 108 391 120
person 0.0078 340 116 365 153
person 0.0060 350 114 369 134
person 0.0058 108 63 324 328
person 0.0053 342 94 376 154
person 0.0018 178 76 401 334
person 0.0013 143 83 154 109
person 0.0012 344 97 355 110
car 0.1864 411 110 427 120
car 0.0109 425 108 449 121
car 0.0087 491 107 500 123
car 0.0063 414 110 439 121
car 0.0061 439 107 455 121
car 0.0059 493 111 500 130
car 0.0040 475 111 498 121
car 0.0036 463 112 488 121
car 0.0020 408 107 431 121
car 0.0020 462 111 474 122
car 0.0018 489 100 500 127
car 0.0015 476 114 499 127
car 0.0014 490 106 500 139
car 0.0012 433 91 458 122
car 0.0012 463 115 471 124
car 0.0011 473 105 500 124
car 0.0010 464 115 488 124
chair 0.0379 343 125 375 157
chair 0.0296 359 125 381 157
chair 0.0011 366 117 388 128
pottedplant 0.4013 278 233 352 316
pottedplant 0.3445 115 87 141 119
pottedplant 0.2159 176 216 260 298
pottedplant 0.0030 176 229 318 327
pottedplant 0.0026 123 107 136 117
pottedplant 0.0024 282 121 392 337
pottedplant 0.0012 123 88 149 116
pottedplant 0.0011 113 105 125 120
pottedplant 0.0011 375 207 451 333
diningtable 0.0045 366 117 388 128
diningtable 0.0037 359 125 380 157
diningtable 0.0030 356 113 386 133
