person 0.8286 144 107 169 171
person 0.8229 99 94 151 187
person 0.1534 115 96 172 182
person 0.1020 71 82 182 195
person 0.0488 143 111 155 135
person 0.0487 107 97 138 175
person 0.0220 142 112 157 153
person 0.0183 146 107 167 137
person 0.0087 150 105 166 127
person 0.0064 438 119 499 318
person 0.0054 484 127 500 225
person 0.0033 483 142 499 289
person 0.0032 140 117 163 183
person 0.0031 147 129 164 170
person 0.0024 147 100 183 169
person 0.0018 136 125 147 140
person 0.0018 145 108 156 126
person 0.0016 490 160 500 318
person 0.0015 489 169 500 215
person 0.0013 161 111 169 133
person 0.0011 445 100 499 218
person 0.0010 488 177 500 262
person 0.0010 488 143 500 157
car 0.0031 488 143 500 157
cat 0.0010 488 183 500 215
dog 0.0014 437 178 499 300
bottle 0.0077 189 128 204 152
bottle 0.0071 468 136 478 154
bottle 0.0069 444 144 451 154
bottle 0.0068 190 68 198 106
bottle 0.0050 458 135 476 155
bottle 0.0034 186 130 193 150
bottle 0.0028 459 144 469 156
bottle 0.0026 152 252 162 279
bottle 0.0022 200 131 206 151
bottle 0.0019 419 138 430 150
bottle 0.0018 442 141 452 151
bottle 0.0012 193 48 205 63
bottle 0.0011 191 84 198 107
bottle 0.0010 197 47 215 63
bottle 0.0010 199 89 207 106
chair 0.2840 212 172 262 265
chair 0.0910 439 171 500 327
chair 0.0735 215 196 240 269
chair 0.0106 198 189 250 271
chair 0.0084 223 196 260 258
chair 0.0025 224 195 245 225
chair 0.0023 210 183 245 238
chair 0.0021 204 175 265 190
chair 0.0021 150 172 256 267
chair 0.0020 189 210 205 230
chair 0.0018 231 195 274 243
chair 0.0016 204 174 266 204
chair 0.0015 485 147 500 243
chair 0.0015 488 165 500 293
chair 0.0014 0 208 25 332
chair 0.0014 244 205 264 233
chair 0.0013 187 87 327 245
chair 0.0013 264 158 335 235
chair 0.0012 488 143 500 157
chair 0.0011 251 209 275 230
chair 0.0011 223 203 247 236
chair 0.0011 209 152 263 212
chair 0.0010 439 48 500 291
sofa 0.6380 439 171 500 327
sofa 0.0060 483 142 499 289
sofa 0.0027 439 48 500 291
sofa 0.0026 476 178 500 327
sofa 0.0019 490 160 500 318
sofa 0.0017 484 127 500 225
sofa 0.0016 464 104 502 328
sofa 0.0016 355 156 480 235
sofa 0.0012 393 153 498 335
pottedplant 0.9235 247 68 387 238
pottedplant 0.0768 396 115 416 150
pottedplant 0.0564 391 103 422 148
pottedplant 0.0482 245 91 303 148
pottedplant 0.0274 335 67 384 159
pottedplant 0.0166 350 121 369 148
pottedplant 0.0155 369 102 412 144
pottedplant 0.0149 398 134 414 149
pottedplant 0.0133 419 138 430 150
pottedplant 0.0130 458 135 476 155
pottedplant 0.0118 243 80 325 197
pottedplant 0.0101 280 150 346 238
pottedplant 0.0085 444 144 451 154
pottedplant 0.0085 442 141 452 151
pottedplant 0.0068 468 136 478 154
pottedplant 0.0065 116 184 156 217
pottedplant 0.0056 308 70 410 178
pottedplant 0.0055 343 83 401 147
pottedplant 0.0048 375 108 404 138
pottedplant 0.0044 453 96 495 151
pottedplant 0.0044 179 0 219 15
pottedplant 0.0041 401 103 433 146
pottedplant 0.0038 413 136 426 149
pottedplant 0.0037 488 143 500 157
pottedplant 0.0037 416 99 442 145
pottedplant 0.0034 349 106 372 142
pottedplant 0.0031 365 118 397 149
pottedplant 0.0027 459 144 469 156
pottedplant 0.0026 382 101 415 131
pottedplant 0.0022 295 187 332 236
pottedplant 0.0020 409 118 424 148
pottedplant 0.0020 362 89 423 151
pottedplant 0.0020 365 136 397 149
pottedplant 0.0017 417 115 436 151
pottedplant 0.0016 352 131 368 149
pottedplant 0.0014 478 141 498 158
pottedplant 0.0014 429 96 471 145
pottedplant 0.0014 458 111 477 155
pottedplant 0.0013 376 122 401 141
pottedplant 0.0013 461 134 485 156
pottedplant 0.0012 193 35 215 62
pottedplant 0.0012 275 113 311 153
pottedplant 0.0012 394 118 466 152
pottedplant 0.0011 331 101 374 162
pottedplant 0.0011 366 112 393 137
pottedplant 0.0011 481 139 494 151
pottedplant 0.0010 231 92 298 222
pottedplant 0.0010 346 116 404 151
pottedplant 0.0010 415 124 490 156
pottedplant 0.0010 350 95 476 172
diningtable 0.0194 212 172 262 265
diningtable 0.0055 174 178 258 278
diningtable 0.0052 347 151 492 201
diningtable 0.0025 105 174 248 306
diningtable 0.0019 355 156 480 235
diningtable 0.0013 204 175 265 190
tvmonitor 0.9897 62 74 194 202
tvmonitor 0.8533 94 92 156 189
tvmonitor 0.0970 115 96 172 182
tvmonitor 0.0018 416 55 459 111
tvmonitor 0.0015 144 104 168 168
