person 0.0247 470 293 480 310
person 0.0215 6 272 20 289
person 0.0203 112 263 123 281
person 0.0189 392 182 402 192
person 0.0186 18 273 26 287
person 0.0180 0 262 23 285
person 0.0163 405 183 414 192
person 0.0136 478 295 491 311
person 0.0119 17 267 26 283
person 0.0100 40 273 46 286
person 0.0075 40 270 48 281
person 0.0058 437 292 453 309
person 0.0057 435 296 444 310
person 0.0044 46 277 57 291
person 0.0039 273 282 291 302
person 0.0039 -1 270 15 290
person 0.0037 481 286 490 302
person 0.0036 140 270 151 297
person 0.0036 104 262 121 280
person 0.0032 227 198 239 209
person 0.0029 384 182 397 193
person 0.0028 147 267 155 282
person 0.0027 180 275 188 284
person 0.0027 282 281 302 302
person 0.0026 345 195 353 208
person 0.0025 136 272 146 295
person 0.0024 126 285 137 300
person 0.0023 410 183 422 192
person 0.0021 426 284 467 317
person 0.0020 303 296 318 308
person 0.0019 468 290 485 312
person 0.0018 386 170 394 177
person 0.0018 435 285 459 303
person 0.0017 10 284 20 293
person 0.0016 9 260 33 287
person 0.0015 129 278 150 303
person 0.0015 474 265 499 277
person 0.0014 467 259 484 271
person 0.0014 435 288 478 333
person 0.0014 12 269 32 291
person 0.0014 392 271 408 288
person 0.0014 175 275 184 283
person 0.0012 398 270 415 290
person 0.0011 46 268 58 279
person 0.0010 472 301 483 316
person 0.0010 431 276 446 290
person 0.0010 136 279 161 305
bicycle 0.0173 371 276 455 319
bicycle 0.0098 307 272 481 320
bicycle 0.0096 387 284 429 318
bicycle 0.0015 379 271 421 316
bicycle 0.0010 402 292 432 315
car 0.0116 478 295 491 311
car 0.0075 446 288 472 303
car 0.0064 436 279 478 309
car 0.0037 0 262 23 285
car 0.0036 476 302 491 314
car 0.0030 470 293 480 310
car 0.0026 450 289 478 308
car 0.0017 249 285 274 299
car 0.0014 406 270 486 314
car 0.0012 468 290 485 312
car 0.0012 473 291 492 313
car 0.0012 474 265 499 277
car 0.0011 486 265 500 279
car 0.0011 -1 270 15 290
car 0.0010 426 284 467 317
car 0.0010 448 294 479 333
motorbike 0.0059 354 275 470 319
aeroplane 0.9578 5 149 482 302
aeroplane 0.0559 0 262 23 285
aeroplane 0.0321 318 258 487 323
aeroplane 0.0295 300 265 400 295
aeroplane 0.0266 257 263 412 314
aeroplane 0.0193 286 275 393 309
aeroplane 0.0175 0 234 21 286
aeroplane 0.0082 315 265 386 286
aeroplane 0.0080 289 271 356 295
aeroplane 0.0071 0 252 23 279
aeroplane 0.0068 297 277 452 317
aeroplane 0.0063 0 200 105 281
aeroplane 0.0052 486 265 500 279
aeroplane 0.0037 310 272 351 291
aeroplane 0.0034 474 265 499 277
aeroplane 0.0033 305 275 339 292
aeroplane 0.0032 441 253 494 308
aeroplane 0.0032 158 260 277 298
aeroplane 0.0031 0 208 53 274
aeroplane 0.0030 0 158 22 283
aeroplane 0.0029 337 263 400 289
aeroplane 0.0025 488 259 500 272
aeroplane 0.0025 2 259 41 287
aeroplane 0.0025 -1 265 17 293
aeroplane 0.0025 469 260 500 272
aeroplane 0.0024 215 265 382 301
aeroplane 0.0023 -1 255 28 298
aeroplane 0.0021 471 262 501 282
aeroplane 0.0019 45 254 457 314
aeroplane 0.0019 333 272 367 289
aeroplane 0.0017 286 278 338 306
aeroplane 0.0017 470 251 501 303
aeroplane 0.0016 471 236 500 285
aeroplane 0.0015 306 284 335 296
aeroplane 0.0014 467 259 484 271
aeroplane 0.0013 214 266 299 300
aeroplane 0.0013 376 264 399 285
aeroplane 0.0012 17 267 26 283
aeroplane 0.0012 243 269 283 299
aeroplane 0.0012 -1 147 51 287
aeroplane 0.0011 331 266 369 285
bus 0.0379 -1 263 17 284
bus 0.0013 0 266 24 292
train 0.0026 -1 263 17 284
boat 0.0018 486 265 500 279
boat 0.0015 318 258 487 323
boat 0.0013 -1 263 17 284
boat 0.0012 372 283 481 320
