person 0.9440 18 52 100 257
person 0.9393 372 35 441 90
person 0.8847 72 64 108 123
person 0.8504 339 77 360 108
person 0.5079 113 71 129 95
person 0.4502 99 68 118 96
person 0.4484 -1 62 31 127
person 0.4136 184 0 260 87
person 0.3551 0 64 29 245
person 0.3551 472 54 501 109
person 0.3271 453 84 499 159
person 0.3032 119 43 283 154
person 0.2902 308 78 319 92
person 0.2881 324 81 336 103
person 0.2704 364 76 374 96
person 0.2445 -1 38 502 145
person 0.2363 356 80 366 101
person 0.2241 316 82 328 100
person 0.1741 333 78 344 107
person 0.1570 4 40 450 304
person 0.1390 324 78 334 95
person 0.1321 334 76 345 93
person 0.1295 442 68 500 251
person 0.1042 23 66 39 101
person 0.1007 158 41 200 81
person 0.0865 426 55 444 71
person 0.0745 25 65 36 85
person 0.0652 115 68 129 85
person 0.0639 0 63 26 102
person 0.0592 0 124 27 303
person 0.0523 74 65 91 86
person 0.0501 0 69 15 156
person 0.0481 62 74 78 90
person 0.0467 121 69 134 84
person 0.0465 95 72 112 91
person 0.0458 0 211 31 265
person 0.0428 0 63 12 85
person 0.0420 467 54 501 154
person 0.0385 -1 88 14 213
person 0.0355 12 65 37 102
person 0.0315 7 71 39 173
person 0.0296 309 81 320 99
person 0.0267 103 47 114 62
person 0.0251 17 67 31 85
person 0.0238 102 56 116 73
person 0.0213 290 70 297 81
person 0.0210 432 172 474 250
person 0.0208 109 73 130 108
person 0.0204 8 76 35 129
person 0.0197 148 67 249 160
person 0.0196 97 69 120 114
person 0.0192 327 92 340 112
person 0.0185 299 77 310 88
person 0.0171 344 48 468 121
person 0.0165 353 77 368 104
person 0.0164 429 111 469 157
person 0.0163 420 54 440 74
person 0.0158 469 89 501 257
person 0.0156 313 78 329 96
person 0.0155 429 69 484 157
person 0.0152 363 64 373 83
person 0.0148 406 56 496 199
person 0.0144 96 64 107 85
person 0.0139 412 38 442 72
person 0.0138 449 103 501 199
person 0.0138 0 143 14 255
person 0.0131 149 42 217 108
person 0.0128 0 52 117 140
person 0.0121 0 200 15 254
person 0.0119 86 -4 333 123
person 0.0105 1 69 40 317
person 0.0093 97 5 264 94
person 0.0090 0 57 9 76
person 0.0089 462 73 491 116
person 0.0086 360 71 376 98
person 0.0085 76 64 102 88
person 0.0083 383 51 500 140
person 0.0083 165 0 269 158
person 0.0081 33 56 327 174
person 0.0080 150 60 498 124
person 0.0080 72 76 109 165
person 0.0077 488 77 500 167
person 0.0075 331 74 348 99
person 0.0075 356 61 459 181
person 0.0068 -1 212 17 283
person 0.0065 -2 192 36 311
person 0.0063 322 75 340 97
person 0.0063 130 34 234 92
person 0.0062 425 43 443 71
person 0.0058 472 54 500 82
person 0.0058 433 164 500 259
person 0.0054 9 54 171 192
person 0.0052 56 55 74 92
person 0.0048 114 61 124 73
person 0.0047 467 82 483 106
person 0.0047 -44 9 404 179
person 0.0047 68 67 96 96
person 0.0046 90 60 125 108
person 0.0046 354 69 362 82
person 0.0044 14 57 86 177
motorbike 0.9861 37 47 465 304
motorbike 0.1364 437 73 500 255
motorbike 0.0416 432 164 500 258
motorbike 0.0091 450 83 500 186
motorbike 0.0089 430 114 468 154
motorbike 0.0084 475 140 500 254
motorbike 0.0056 406 56 496 199
motorbike 0.0038 468 58 500 254
motorbike 0.0037 492 156 500 263
motorbike 0.0030 456 208 496 256
motorbike 0.0028 428 76 477 161
motorbike 0.0028 407 103 500 288
motorbike 0.0026 -5 50 505 188
motorbike 0.0025 327 92 340 112
motorbike 0.0016 351 62 477 246
motorbike 0.0015 475 203 499 259
motorbike 0.0013 333 94 343 110
motorbike 0.0013 428 174 469 242
motorbike 0.0011 467 64 500 162
bus 0.0027 58 52 79 76
bus 0.0010 50 48 81 84
tvmonitor 0.0035 58 52 79 75
