person 0.9226 370 0 499 90
person 0.9214 -1 -2 55 170
person 0.9077 246 0 314 52
person 0.8165 32 -2 76 116
person 0.7175 181 0 252 59
person 0.6209 331 0 382 97
person 0.3190 0 10 19 151
person 0.2689 3 -12 503 339
person 0.0970 99 0 139 19
person 0.0807 69 0 104 47
person 0.0714 31 0 78 38
person 0.0650 135 0 186 50
person 0.0646 75 0 104 22
person 0.0630 98 0 149 42
person 0.0522 440 0 495 59
person 0.0504 64 0 80 21
person 0.0493 84 0 129 43
person 0.0463 15 3 483 68
person 0.0322 86 1 113 20
person 0.0298 121 0 157 19
person 0.0296 6 3 499 139
person 0.0295 42 0 79 22
person 0.0278 493 1 500 53
person 0.0250 0 1 12 115
person 0.0201 60 0 83 36
person 0.0185 148 0 221 53
person 0.0178 149 0 188 18
person 0.0175 229 0 256 51
person 0.0158 111 -1 179 23
person 0.0155 478 -1 500 58
person 0.0142 372 0 441 81
person 0.0142 88 -2 132 23
person 0.0133 294 4 378 85
person 0.0133 241 0 280 49
person 0.0130 19 5 253 63
person 0.0126 45 38 75 113
person 0.0123 14 0 83 160
person 0.0121 0 19 16 256
person 0.0113 370 1 498 200
person 0.0105 239 -1 254 43
person 0.0079 241 0 265 39
person 0.0077 156 0 196 37
person 0.0070 92 0 187 56
person 0.0062 50 -5 89 118
person 0.0061 58 17 82 58
person 0.0056 24 -7 79 63
person 0.0052 21 0 68 25
person 0.0052 482 1 500 164
person 0.0049 65 0 148 55
person 0.0045 296 0 340 41
person 0.0043 99 -11 139 16
person 0.0041 493 -6 500 102
person 0.0040 67 -4 108 28
person 0.0039 0 48 13 103
person 0.0036 246 2 344 78
person 0.0035 27 5 232 136
person 0.0035 30 0 58 22
person 0.0033 55 7 84 89
person 0.0032 58 5 105 89
person 0.0032 33 -21 75 23
person 0.0031 495 0 500 20
person 0.0027 19 19 67 131
person 0.0027 0 -4 53 52
person 0.0026 0 -19 21 74
person 0.0025 40 56 65 114
person 0.0025 -52 0 327 91
person 0.0024 322 3 422 109
person 0.0024 176 0 196 20
person 0.0024 298 0 342 78
person 0.0024 -2 -58 496 58
person 0.0022 240 0 254 24
person 0.0022 172 0 223 40
person 0.0021 6 0 62 34
person 0.0021 0 30 8 86
person 0.0020 62 -4 80 10
person 0.0019 441 7 500 142
person 0.0019 151 -1 186 8
person 0.0016 334 0 376 53
person 0.0016 115 -12 163 17
person 0.0016 491 0 500 152
person 0.0015 0 68 14 122
person 0.0015 2 127 62 188
person 0.0014 189 7 472 120
person 0.0014 302 0 365 48
person 0.0014 -1 50 61 226
person 0.0014 10 46 53 145
person 0.0013 -47 0 393 212
person 0.0013 37 -5 69 11
person 0.0013 69 -3 94 9
person 0.0012 173 0 200 33
person 0.0012 275 1 330 53
person 0.0012 -1 70 14 197
person 0.0012 0 35 21 78
person 0.0012 19 -4 147 123
person 0.0012 482 18 500 335
person 0.0012 0 0 7 40
person 0.0011 77 -3 105 9
person 0.0011 96 -5 126 11
person 0.0011 124 -3 154 10
person 0.0011 492 -6 499 31
bicycle 0.0222 296 0 340 41
bicycle 0.0079 301 2 342 73
bicycle 0.0031 296 0 345 20
bicycle 0.0028 8 241 515 371
bicycle 0.0025 301 0 366 48
bicycle 0.0023 304 13 338 40
bicycle 0.0015 302 0 376 91
bicycle 0.0012 0 41 510 384
bicycle 0.0012 330 52 348 85
car 0.0012 493 1 500 53
motorbike 0.9828 7 -4 501 373
motorbike 0.1654 296 0 340 41
motorbike 0.0410 8 241 515 371
motorbike 0.0366 298 0 342 79
motorbike 0.0316 294 4 378 85
motorbike 0.0206 301 0 366 48
motorbike 0.0129 330 -1 386 96
motorbike 0.0117 313 232 500 375
motorbike 0.0112 237 2 327 63
motorbike 0.0107 235 64 498 373
motorbike 0.0097 296 0 345 20
motorbike 0.0066 166 8 496 209
motorbike 0.0056 373 301 498 373
motorbike 0.0051 230 289 500 371
motorbike 0.0049 98 0 149 42
motorbike 0.0048 24 286 383 369
motorbike 0.0047 1 5 501 134
motorbike 0.0037 377 4 499 376
motorbike 0.0034 189 7 472 120
motorbike 0.0033 304 13 338 40
motorbike 0.0032 105 0 184 48
motorbike 0.0029 63 2 188 154
motorbike 0.0027 308 43 336 73
motorbike 0.0026 15 3 483 68
motorbike 0.0023 0 78 17 358
motorbike 0.0023 372 2 498 118
motorbike 0.0017 313 23 358 92
motorbike 0.0016 84 2 163 75
motorbike 0.0016 482 5 500 192
motorbike 0.0015 491 0 500 152
motorbike 0.0014 28 2 300 158
motorbike 0.0013 88 2 237 73
motorbike 0.0012 319 50 346 82
motorbike 0.0012 327 3 499 214
motorbike 0.0011 275 1 330 53
motorbike 0.0010 335 1 376 52
motorbike 0.0010 202 325 511 374
diningtable 0.0031 -1 7 53 144
