person 0.9459 119 139 235 377
person 0.8738 217 112 345 367
person 0.6204 236 173 331 343
person 0.3463 216 118 260 198
person 0.0436 437 167 501 372
person 0.0399 245 195 316 263
person 0.0216 185 129 298 370
person 0.0090 431 285 500 379
person 0.0086 168 104 315 211
person 0.0080 215 128 270 371
person 0.0060 149 89 339 275
person 0.0055 224 125 338 259
person 0.0055 474 160 500 281
person 0.0042 468 66 500 370
person 0.0042 111 107 326 365
person 0.0036 205 116 272 234
person 0.0036 18 205 101 314
person 0.0030 444 147 500 291
person 0.0029 490 260 500 333
person 0.0027 384 218 498 376
person 0.0024 477 195 501 352
person 0.0024 490 226 500 311
person 0.0023 378 197 499 276
person 0.0016 278 149 347 305
person 0.0012 4 162 108 371
person 0.0012 473 250 502 373
person 0.0011 384 66 502 315
person 0.0011 334 202 398 314
person 0.0011 492 252 500 305
person 0.0010 224 181 418 346
bird 0.0011 426 181 468 219
cat 0.0369 236 173 331 343
cat 0.0073 252 197 313 249
cat 0.0033 217 112 345 367
dog 0.0896 236 173 331 343
dog 0.0265 252 197 313 249
dog 0.0057 217 112 345 367
dog 0.0020 256 197 314 323
sheep 0.0010 252 197 313 249
bottle 0.0196 493 211 500 233
bottle 0.0039 474 211 492 232
bottle 0.0023 451 203 462 221
bottle 0.0014 389 195 405 213
bottle 0.0013 478 289 493 305
bottle 0.0010 472 211 485 230
chair 0.3498 334 202 398 314
chair 0.1141 430 290 501 374
chair 0.0844 343 201 382 254
chair 0.0325 435 209 501 377
chair 0.0318 186 139 332 375
chair 0.0180 106 231 388 372
chair 0.0157 192 340 241 373
chair 0.0150 190 298 333 375
chair 0.0111 245 194 320 353
chair 0.0058 492 252 500 305
chair 0.0058 193 310 240 368
chair 0.0057 321 229 404 350
chair 0.0043 478 289 493 305
chair 0.0039 431 354 499 374
chair 0.0038 494 270 499 304
chair 0.0034 318 171 411 301
chair 0.0033 490 226 500 311
chair 0.0033 344 200 375 219
chair 0.0032 290 187 440 341
chair 0.0032 130 152 231 381
chair 0.0030 76 240 270 375
chair 0.0029 431 334 500 375
chair 0.0028 370 275 451 376
chair 0.0019 91 244 154 367
chair 0.0019 114 298 236 373
chair 0.0018 477 195 501 352
chair 0.0015 256 215 472 375
chair 0.0015 201 337 346 373
chair 0.0014 475 246 500 312
chair 0.0014 159 327 243 373
chair 0.0014 191 164 451 361
chair 0.0013 341 215 382 286
chair 0.0011 490 260 500 333
chair 0.0011 349 204 404 257
chair 0.0010 380 201 500 315
chair 0.0010 16 172 92 290
chair 0.0010 495 288 500 304
sofa 0.1924 430 290 501 374
sofa 0.0705 435 209 501 377
sofa 0.0436 335 200 401 315
sofa 0.0304 186 139 332 375
sofa 0.0154 80 236 348 373
sofa 0.0124 236 173 331 343
sofa 0.0075 323 239 398 333
sofa 0.0060 431 334 500 375
sofa 0.0045 368 277 499 375
sofa 0.0039 431 354 499 374
sofa 0.0030 99 160 231 375
sofa 0.0023 474 215 501 370
sofa 0.0018 380 201 500 315
sofa 0.0016 343 201 395 254
sofa 0.0013 256 215 472 375
sofa 0.0013 474 296 500 369
sofa 0.0012 199 295 350 375
sofa 0.0011 224 181 418 346
sofa 0.0011 321 194 482 332
sofa 0.0010 491 249 500 308
pottedplant 0.6684 9 169 100 221
pottedplant 0.4960 8 284 107 374
pottedplant 0.3626 23 227 79 279
pottedplant 0.3071 0 287 25 374
pottedplant 0.1888 0 287 50 374
pottedplant 0.1780 18 205 101 314
pottedplant 0.0954 133 3 317 200
pottedplant 0.0674 0 275 15 360
pottedplant 0.0560 15 167 94 273
pottedplant 0.0393 21 233 46 283
pottedplant 0.0381 17 168 46 223
pottedplant 0.0373 38 255 87 324
pottedplant 0.0369 39 246 70 276
pottedplant 0.0368 14 274 70 364
pottedplant 0.0361 37 218 101 282
pottedplant 0.0343 98 252 148 372
pottedplant 0.0327 4 162 108 371
pottedplant 0.0280 49 272 76 303
pottedplant 0.0264 0 225 21 367
pottedplant 0.0263 22 328 66 376
pottedplant 0.0247 64 323 104 374
pottedplant 0.0236 48 287 128 373
pottedplant 0.0205 175 0 304 130
pottedplant 0.0188 288 154 334 199
pottedplant 0.0171 7 221 50 321
pottedplant 0.0127 20 225 68 311
pottedplant 0.0122 35 315 107 375
pottedplant 0.0109 0 231 10 346
pottedplant 0.0097 287 155 339 235
pottedplant 0.0088 15 167 51 278
pottedplant 0.0088 -1 181 62 328
pottedplant 0.0085 121 124 234 355
pottedplant 0.0082 18 325 48 370
pottedplant 0.0081 123 185 156 246
pottedplant 0.0080 105 282 137 370
pottedplant 0.0074 143 98 287 209
pottedplant 0.0069 0 307 13 364
pottedplant 0.0066 0 335 7 376
pottedplant 0.0064 0 353 6 376
pottedplant 0.0061 42 193 79 225
pottedplant 0.0059 137 95 204 204
pottedplant 0.0057 17 184 92 233
pottedplant 0.0057 102 251 148 301
pottedplant 0.0057 24 275 62 341
pottedplant 0.0046 75 151 212 372
pottedplant 0.0044 0 204 6 333
pottedplant 0.0042 47 186 73 218
pottedplant 0.0041 105 320 133 373
pottedplant 0.0040 0 270 9 326
pottedplant 0.0039 39 227 66 254
pottedplant 0.0038 45 222 122 367
pottedplant 0.0038 126 71 314 296
pottedplant 0.0038 0 368 6 377
pottedplant 0.0037 375 0 498 214
pottedplant 0.0037 21 301 83 370
pottedplant 0.0036 58 1 143 125
pottedplant 0.0036 0 334 26 376
pottedplant 0.0036 224 125 338 259
pottedplant 0.0035 81 322 128 374
pottedplant 0.0034 0 231 181 374
pottedplant 0.0033 123 180 159 219
pottedplant 0.0032 0 257 46 340
pottedplant 0.0032 42 1 154 226
pottedplant 0.0029 80 231 138 362
pottedplant 0.0028 85 287 167 373
pottedplant 0.0028 66 224 104 317
pottedplant 0.0028 -1 137 27 374
pottedplant 0.0027 0 257 4 302
pottedplant 0.0027 37 255 72 303
pottedplant 0.0026 12 212 38 306
pottedplant 0.0026 28 231 56 269
pottedplant 0.0025 13 20 171 349
pottedplant 0.0024 426 181 468 219
pottedplant 0.0023 68 268 113 367
pottedplant 0.0022 117 101 219 267
pottedplant 0.0021 78 338 105 374
pottedplant 0.0021 -7 97 121 274
pottedplant 0.0019 94 193 152 319
pottedplant 0.0019 0 300 21 352
pottedplant 0.0018 45 275 79 319
pottedplant 0.0017 61 174 100 226
pottedplant 0.0016 0 356 27 375
pottedplant 0.0016 49 339 96 374
pottedplant 0.0016 51 268 72 290
pottedplant 0.0015 17 200 34 281
pottedplant 0.0015 60 38 286 338
pottedplant 0.0014 85 261 115 334
pottedplant 0.0013 45 279 96 359
pottedplant 0.0013 63 186 154 363
pottedplant 0.0013 206 109 271 182
pottedplant 0.0013 26 263 61 315
pottedplant 0.0013 37 188 86 275
pottedplant 0.0012 21 228 32 271
pottedplant 0.0011 53 252 108 325
pottedplant 0.0010 32 254 52 282
pottedplant 0.0010 305 182 339 241
pottedplant 0.0010 52 284 73 307
diningtable 0.0560 380 201 500 315
diningtable 0.0029 370 182 499 260
diningtable 0.0018 447 252 501 365
diningtable 0.0013 132 154 230 380
