person 0.9009 128 12 174 109
person 0.1339 295 29 312 72
person 0.1141 296 28 312 52
person 0.0502 293 32 314 97
person 0.0433 118 16 190 133
person 0.0241 303 52 320 93
person 0.0100 126 19 153 51
person 0.0084 137 9 169 38
person 0.0073 300 27 320 78
person 0.0067 57 24 277 190
person 0.0067 163 8 195 41
person 0.0049 125 12 180 66
person 0.0048 141 7 166 28
person 0.0047 294 33 305 60
person 0.0043 302 48 320 151
person 0.0043 124 11 161 46
person 0.0039 300 24 319 54
person 0.0036 178 8 195 36
person 0.0027 55 56 61 77
person 0.0024 140 8 192 43
person 0.0020 316 28 320 53
person 0.0017 287 46 309 97
person 0.0017 313 37 320 84
person 0.0016 112 25 146 48
person 0.0016 106 9 219 58
person 0.0015 153 14 185 33
person 0.0014 293 47 304 83
person 0.0013 285 41 299 88
person 0.0013 129 18 146 40
person 0.0012 316 41 320 54
person 0.0012 288 39 320 122
person 0.0012 139 5 185 30
person 0.0011 287 57 294 73
person 0.0011 71 19 185 105
person 0.0010 314 61 320 145
person 0.0010 131 126 158 144
person 0.0010 312 68 320 90
person 0.0010 130 105 152 141
person 0.0010 239 50 250 71
bird 0.0016 93 158 106 174
bird 0.0011 196 173 214 188
horse 0.9951 59 27 315 187
horse 0.1267 66 24 137 79
horse 0.0475 120 14 170 104
horse 0.0410 92 26 138 49
horse 0.0159 161 14 200 63
horse 0.0120 127 10 202 95
horse 0.0115 66 43 100 82
horse 0.0091 106 9 219 58
horse 0.0091 303 52 320 93
horse 0.0080 158 24 316 88
horse 0.0078 103 17 180 135
horse 0.0072 163 8 195 41
horse 0.0053 302 48 320 151
horse 0.0048 63 28 159 128
horse 0.0047 121 18 161 52
horse 0.0044 125 12 180 66
horse 0.0044 112 25 146 48
horse 0.0040 68 12 294 98
horse 0.0033 55 29 110 77
horse 0.0033 166 19 212 77
horse 0.0021 141 9 189 40
horse 0.0019 290 44 318 100
horse 0.0018 257 59 320 152
horse 0.0015 129 47 197 127
horse 0.0015 161 11 247 67
horse 0.0015 160 31 199 90
horse 0.0014 252 35 319 86
horse 0.0014 206 51 314 92
horse 0.0014 120 86 306 187
horse 0.0013 113 32 138 51
horse 0.0013 78 20 178 83
horse 0.0012 287 50 320 158
horse 0.0012 303 65 319 114
horse 0.0011 70 53 108 93
horse 0.0010 89 27 215 168
