person 0.9502 126 48 264 378
person 0.0605 340 0 379 46
person 0.0115 232 3 272 40
person 0.0093 294 13 333 44
person 0.0082 294 3 379 46
person 0.0078 49 0 71 76
person 0.0043 344 0 379 25
person 0.0041 311 16 348 42
person 0.0035 47 0 79 127
person 0.0033 233 21 270 39
person 0.0022 243 2 271 17
person 0.0021 342 99 378 148
person 0.0019 310 17 332 39
person 0.0016 49 1 61 34
person 0.0013 135 119 345 314
person 0.0013 57 4 67 30
person 0.0012 128 0 159 58
person 0.0010 115 0 127 53
bicycle 0.0344 118 0 178 98
bicycle 0.0184 147 1 179 95
bicycle 0.0064 128 0 159 58
bicycle 0.0039 125 59 265 343
bicycle 0.0031 245 144 343 290
bicycle 0.0028 154 0 179 62
bicycle 0.0025 135 119 345 316
motorbike 0.4636 242 139 342 289
motorbike 0.0669 135 119 345 316
motorbike 0.0253 125 60 264 343
motorbike 0.0021 196 111 441 328
motorbike 0.0021 149 181 333 287
motorbike 0.0017 236 130 331 228
motorbike 0.0016 259 156 330 247
motorbike 0.0011 145 74 511 373
motorbike 0.0010 146 137 298 263
chair 0.0478 340 0 379 46
chair 0.0281 115 5 178 106
chair 0.0151 147 1 179 95
chair 0.0044 128 0 159 58
chair 0.0040 154 0 179 62
chair 0.0032 346 26 371 47
chair 0.0030 438 248 500 373
chair 0.0024 294 3 379 46
chair 0.0013 124 67 268 390
chair 0.0010 294 13 333 44
pottedplant 0.0963 445 73 499 302
pottedplant 0.0185 406 75 500 367
pottedplant 0.0102 441 167 500 371
pottedplant 0.0056 470 73 501 280
pottedplant 0.0054 450 176 500 283
pottedplant 0.0046 492 68 500 162
pottedplant 0.0032 483 58 500 179
pottedplant 0.0023 316 72 499 369
pottedplant 0.0021 494 52 499 141
pottedplant 0.0020 377 144 405 163
pottedplant 0.0020 488 94 500 174
pottedplant 0.0015 472 173 500 298
pottedplant 0.0015 495 72 499 118
pottedplant 0.0011 317 75 502 204
pottedplant 0.0010 291 17 332 43
diningtable 0.0086 439 209 500 376
diningtable 0.0018 125 60 264 343
diningtable 0.0010 439 290 501 373
tvmonitor 0.0013 0 6 61 382
