person 0.0050 355 135 371 158
person 0.0023 281 151 289 160
person 0.0017 153 98 159 103
person 0.0010 84 98 91 107
horse 0.0017 167 136 195 158
horse 0.0012 169 132 195 148
horse 0.0012 108 140 141 187
horse 0.0011 140 136 167 178
horse 0.0010 148 165 203 260
sheep 0.0049 244 154 363 294
sheep 0.0041 108 140 141 187
sheep 0.0036 104 132 122 148
sheep 0.0032 121 131 141 145
sheep 0.0021 151 152 207 254
sheep 0.0020 142 128 167 137
sheep 0.0016 104 132 123 168
sheep 0.0014 84 98 91 107
sheep 0.0012 140 136 167 178
sheep 0.0010 192 143 226 186
cow 0.9938 244 154 363 293
cow 0.9889 149 153 207 251
cow 0.8899 108 140 141 187
cow 0.7835 140 135 168 179
cow 0.5179 104 132 123 168
cow 0.4686 168 136 195 158
cow 0.4593 177 142 222 183
cow 0.2885 169 132 195 148
cow 0.2593 121 131 141 145
cow 0.2159 193 144 225 173
cow 0.1903 141 130 167 145
cow 0.1764 164 144 198 175
cow 0.1463 104 132 122 148
cow 0.1170 121 136 143 184
cow 0.1128 193 133 208 145
cow 0.0985 142 128 167 137
cow 0.0666 170 136 210 162
cow 0.0398 190 140 211 159
cow 0.0382 152 139 170 159
cow 0.0357 122 134 143 159
cow 0.0270 107 133 140 166
cow 0.0214 209 145 226 168
cow 0.0181 196 141 224 160
cow 0.0175 151 151 195 181
cow 0.0156 281 151 289 160
cow 0.0143 159 129 204 168
cow 0.0141 88 128 218 204
cow 0.0141 131 136 223 239
cow 0.0134 135 139 157 178
cow 0.0108 136 132 155 144
cow 0.0086 158 134 234 193
cow 0.0077 122 128 140 138
cow 0.0076 145 142 178 172
cow 0.0071 115 129 162 169
cow 0.0071 233 149 314 262
cow 0.0065 106 149 123 182
cow 0.0054 162 131 189 151
cow 0.0047 269 152 290 161
cow 0.0046 355 135 371 158
cow 0.0045 88 123 367 221
cow 0.0041 138 137 154 161
cow 0.0038 144 129 176 151
cow 0.0038 102 140 116 174
cow 0.0036 130 129 161 148
cow 0.0035 153 128 169 136
cow 0.0035 57 120 261 242
cow 0.0034 84 98 91 107
cow 0.0033 111 117 244 177
cow 0.0032 106 127 122 137
cow 0.0031 173 129 189 137
cow 0.0031 194 159 225 193
cow 0.0029 203 145 232 188
cow 0.0026 102 143 332 260
cow 0.0024 134 151 152 183
cow 0.0023 195 136 223 147
cow 0.0023 130 128 160 137
cow 0.0023 193 166 212 188
cow 0.0022 327 148 348 172
cow 0.0020 353 136 373 176
cow 0.0020 102 133 115 148
cow 0.0018 168 141 253 213
cow 0.0018 118 164 135 187
cow 0.0017 79 126 164 197
cow 0.0017 166 137 380 287
cow 0.0017 326 145 365 174
cow 0.0016 150 146 213 207
cow 0.0016 186 151 218 199
cow 0.0016 348 139 367 174
cow 0.0013 194 125 208 140
cow 0.0013 251 153 290 165
cow 0.0012 6 114 219 177
cow 0.0012 138 132 330 196
cow 0.0012 107 99 119 107
cow 0.0011 115 127 175 138
cow 0.0010 247 152 297 181
