person 0.9936 88 -2 168 201
person 0.9869 396 0 500 375
person 0.9805 67 0 104 97
person 0.8986 385 2 434 76
person 0.8308 0 2 47 199
person 0.8141 159 2 202 83
person 0.3252 184 0 204 34
person 0.2421 298 2 322 88
person 0.1858 421 43 458 78
person 0.1744 466 27 481 47
person 0.1602 1 0 45 95
person 0.1338 0 13 30 266
person 0.1115 258 0 296 42
person 0.0915 419 13 487 78
person 0.0741 146 7 199 117
person 0.0710 14 0 38 34
person 0.0699 0 1 25 118
person 0.0437 180 0 207 78
person 0.0431 139 4 295 81
person 0.0430 178 0 259 87
person 0.0428 301 0 327 50
person 0.0413 151 0 182 43
person 0.0406 218 1 256 54
person 0.0389 461 0 494 47
person 0.0375 10 0 45 52
person 0.0295 151 0 185 17
person 0.0247 60 -6 458 329
person 0.0243 175 5 392 76
person 0.0214 465 9 484 46
person 0.0183 301 2 319 37
person 0.0165 179 0 201 25
person 0.0161 317 0 347 49
person 0.0153 45 6 131 84
person 0.0152 -2 3 498 131
person 0.0149 459 25 477 51
person 0.0147 156 3 201 193
person 0.0143 248 3 262 35
person 0.0138 0 1 28 49
person 0.0134 35 15 72 63
person 0.0128 -1 65 29 165
person 0.0127 32 32 53 94
person 0.0116 148 0 170 14
person 0.0113 302 0 318 22
person 0.0112 251 9 306 76
person 0.0111 90 0 108 19
person 0.0107 0 85 19 349
person 0.0105 392 7 468 79
person 0.0094 290 1 315 48
person 0.0089 198 2 216 32
person 0.0089 24 3 61 54
person 0.0080 36 5 227 77
person 0.0077 274 1 323 85
person 0.0075 138 0 158 13
person 0.0072 -1 -28 49 386
person 0.0072 309 0 334 43
person 0.0072 0 5 15 91
person 0.0069 19 -2 176 206
person 0.0069 247 2 260 14
person 0.0067 -1 96 13 268
person 0.0063 0 15 10 175
person 0.0061 122 4 218 195
person 0.0057 304 1 337 77
person 0.0057 248 0 278 46
person 0.0054 313 0 332 19
person 0.0052 27 16 56 81
person 0.0051 262 0 289 18
person 0.0050 139 61 186 107
person 0.0050 385 1 432 41
person 0.0045 19 11 64 195
person 0.0044 0 1 97 204
person 0.0043 418 55 435 78
person 0.0043 129 2 514 84
person 0.0041 8 7 101 79
person 0.0039 154 0 198 22
person 0.0039 456 7 479 49
person 0.0038 486 1 500 36
person 0.0036 40 10 65 51
person 0.0035 0 0 25 21
person 0.0034 33 7 54 50
person 0.0033 3 83 43 231
person 0.0033 45 2 383 205
person 0.0032 88 6 98 31
person 0.0031 44 7 56 29
person 0.0030 0 0 11 20
person 0.0030 285 1 301 16
person 0.0030 84 0 102 21
person 0.0030 399 11 501 113
person 0.0029 12 11 54 121
person 0.0028 274 0 312 39
person 0.0026 90 4 107 29
person 0.0026 89 9 166 115
person 0.0026 446 24 470 54
person 0.0023 22 70 43 160
person 0.0022 14 55 49 193
person 0.0022 202 0 226 20
person 0.0022 18 0 43 23
person 0.0022 486 18 500 37
person 0.0021 76 0 121 93
person 0.0021 255 1 271 13
person 0.0021 296 17 314 76
bicycle 0.0037 52 31 74 61
bicycle 0.0017 62 38 76 59
bicycle 0.0016 44 18 76 61
bicycle 0.0016 59 15 81 62
bicycle 0.0010 0 85 19 349
car 0.0184 43 2 80 58
car 0.0081 198 1 216 21
car 0.0061 62 0 105 50
car 0.0040 8 7 101 79
car 0.0033 35 15 73 63
car 0.0032 0 4 43 109
car 0.0030 48 0 76 38
car 0.0020 10 0 45 52
car 0.0019 45 6 131 84
car 0.0014 59 15 81 62
car 0.0011 66 1 97 35
car 0.0011 0 52 24 345
car 0.0010 67 0 105 97
motorbike 0.9941 106 3 421 374
motorbike 0.3476 35 15 72 63
motorbike 0.1351 251 9 306 76
motorbike 0.0951 50 31 74 61
motorbike 0.0660 31 24 53 89
motorbike 0.0474 251 37 297 76
motorbike 0.0317 1 0 45 95
motorbike 0.0278 43 2 80 58
motorbike 0.0241 35 46 52 90
motorbike 0.0231 59 15 81 62
motorbike 0.0131 18 5 75 76
motorbike 0.0126 23 2 62 55
motorbike 0.0126 40 10 65 51
motorbike 0.0103 62 38 76 59
motorbike 0.0095 275 23 309 73
motorbike 0.0088 20 -3 113 87
motorbike 0.0076 258 0 296 42
motorbike 0.0059 35 23 54 52
motorbike 0.0050 292 3 318 82
motorbike 0.0045 0 48 27 308
motorbike 0.0044 208 5 311 79
motorbike 0.0040 279 40 305 70
motorbike 0.0035 175 5 392 76
motorbike 0.0033 240 21 317 93
motorbike 0.0030 179 26 303 92
motorbike 0.0028 12 0 44 50
motorbike 0.0025 67 0 105 97
motorbike 0.0019 278 18 321 93
motorbike 0.0018 -1 -28 49 386
motorbike 0.0016 267 34 299 64
motorbike 0.0014 25 11 468 116
motorbike 0.0014 65 8 76 51
motorbike 0.0013 218 37 292 78
motorbike 0.0013 283 18 303 57
motorbike 0.0010 0 14 48 213
motorbike 0.0010 257 52 290 76
chair 0.0040 0 85 19 349
diningtable 0.0017 0 85 19 349
