person 0.0374 123 14 314 190
person 0.0022 119 1 206 196
person 0.0016 446 -2 500 130
person 0.0011 478 82 500 155
chair 0.0027 122 14 317 188
chair 0.0014 478 82 500 155
chair 0.0012 474 145 499 218
sofa 0.0174 300 0 501 219
sofa 0.0061 292 2 502 84
sofa 0.0027 446 -2 500 130
sofa 0.0025 317 27 478 92
sofa 0.0023 397 3 500 212
sofa 0.0021 144 30 339 185
sofa 0.0015 478 82 500 155
sofa 0.0010 476 64 500 217
tvmonitor 0.9686 144 30 339 184
tvmonitor 0.0644 134 176 341 257
tvmonitor 0.0052 231 47 345 170
tvmonitor 0.0051 475 141 500 220
tvmonitor 0.0011 332 77 484 233
