person 0.3417 411 111 496 338
person 0.0169 408 66 499 218
person 0.0125 421 91 494 176
person 0.0089 255 8 465 350
person 0.0074 99 3 159 158
person 0.0051 89 0 316 165
person 0.0045 227 5 292 139
person 0.0036 187 2 332 228
person 0.0032 310 110 492 347
person 0.0030 68 -7 442 237
person 0.0029 435 133 472 175
person 0.0018 111 1 267 330
person 0.0013 107 3 220 163
person 0.0011 375 47 493 318
bottle 0.9920 113 8 266 340
bottle 0.9874 258 7 416 350
bottle 0.0226 220 10 295 288
bottle 0.0090 50 5 468 358
bottle 0.0064 99 3 159 158
bottle 0.0064 202 0 350 309
bottle 0.0047 251 -8 308 360
bottle 0.0017 435 133 472 175
bottle 0.0015 86 -4 312 227
bottle 0.0015 240 3 289 71
bottle 0.0013 103 0 245 162
bottle 0.0011 411 111 496 338
chair 0.0052 421 91 494 176
chair 0.0032 408 66 499 218
chair 0.0023 436 128 472 177
chair 0.0020 3 172 123 251
chair 0.0016 2 15 124 257
chair 0.0013 413 131 441 180
chair 0.0010 387 5 500 135
pottedplant 0.0044 229 6 293 234
diningtable 0.2410 10 236 493 364
diningtable 0.1486 50 5 468 358
diningtable 0.0094 101 7 298 349
diningtable 0.0069 192 4 328 301
diningtable 0.0031 2 262 110 339
diningtable 0.0017 2 231 124 283
diningtable 0.0014 9 289 423 367
diningtable 0.0011 245 -8 422 341
diningtable 0.0010 262 293 487 368
tvmonitor 0.0014 387 5 500 135
