person 0.0194 73 35 487 316
person 0.0179 466 286 500 332
person 0.0075 466 302 500 351
person 0.0068 467 309 501 334
person 0.0036 453 216 501 330
person 0.0027 388 7 500 327
person 0.0013 370 228 500 328
cat 0.9824 90 49 414 307
cat 0.0022 14 -39 485 319
dog 0.0012 90 49 414 307
chair 0.2776 64 38 434 312
chair 0.0068 0 152 118 327
sofa 0.5295 64 38 434 312
sofa 0.0097 0 153 118 326
sofa 0.0053 86 -3 494 117
sofa 0.0043 -4 -39 512 226
sofa 0.0040 388 7 500 327
sofa 0.0012 246 7 496 327
sofa 0.0010 -3 0 187 325
