person 0.0020 37 -11 490 262
person 0.0011 126 132 368 299
cat 0.1020 357 213 464 280
cat 0.0034 126 137 377 293
cat 0.0013 37 -11 490 262
dog 0.9821 127 137 376 292
dog 0.9408 73 -8 498 259
dog 0.1261 357 213 464 280
dog 0.0074 94 100 486 318
dog 0.0045 234 205 369 291
dog 0.0010 0 41 437 208
bottle 0.0019 486 0 500 32
chair 0.1783 0 67 107 176
chair 0.0130 42 -12 485 209
chair 0.0119 73 -1 218 167
chair 0.0064 110 75 214 165
chair 0.0032 57 288 361 332
chair 0.0015 126 132 368 299
chair 0.0012 486 0 500 33
chair 0.0012 87 25 398 172
chair 0.0011 0 56 105 274
sofa 0.2339 0 67 107 176
sofa 0.0278 60 239 500 334
sofa 0.0269 124 147 386 313
sofa 0.0173 42 -12 485 209
sofa 0.0078 61 124 445 355
sofa 0.0070 57 288 361 332
sofa 0.0026 0 56 105 274
sofa 0.0017 185 197 397 305
sofa 0.0012 -1 59 212 182
sofa 0.0010 40 277 480 352
diningtable 0.0011 42 -12 485 209
