person 0.5387 278 40 458 354
person 0.0247 295 57 425 260
person 0.0058 254 7 503 207
person 0.0040 267 176 482 371
person 0.0039 251 132 421 335
person 0.0014 100 3 476 375
bicycle 0.4687 18 157 304 371
bicycle 0.0113 122 178 349 368
bicycle 0.0052 37 104 458 363
bicycle 0.0040 84 -5 326 379
bicycle 0.0031 170 159 330 309
bicycle 0.0019 218 269 297 355
bicycle 0.0013 50 253 154 375
bicycle 0.0011 0 174 182 366
car 0.0035 428 272 468 285
car 0.0014 254 7 503 207
motorbike 0.0162 0 148 298 374
motorbike 0.0010 37 104 458 363
cat 0.0035 277 178 499 371
cat 0.0012 233 190 296 250
dog 0.0776 263 176 483 368
dog 0.0048 265 182 398 326
sheep 0.0019 267 176 482 371
bottle 0.0397 134 291 168 338
bottle 0.0077 139 296 176 362
bottle 0.0030 40 255 153 359
bottle 0.0013 128 291 189 371
bottle 0.0011 123 238 198 352
bottle 0.0011 85 266 204 361
chair 0.0044 263 176 483 368
chair 0.0026 287 23 452 372
chair 0.0015 9 178 285 366
sofa 0.0031 277 62 468 361
pottedplant 0.1793 104 0 261 199
pottedplant 0.0526 -3 -7 278 375
pottedplant 0.0141 0 234 58 372
pottedplant 0.0135 -1 239 115 371
pottedplant 0.0102 3 298 84 371
pottedplant 0.0081 106 -1 258 78
pottedplant 0.0068 155 38 252 246
pottedplant 0.0061 -2 105 183 355
pottedplant 0.0044 0 294 29 371
pottedplant 0.0035 -4 1 184 229
pottedplant 0.0033 174 88 229 194
pottedplant 0.0033 40 255 153 359
pottedplant 0.0021 -1 96 64 360
pottedplant 0.0018 5 322 129 373
pottedplant 0.0017 177 0 258 61
pottedplant 0.0017 2 323 51 372
pottedplant 0.0014 130 56 234 296
pottedplant 0.0013 0 223 27 369
pottedplant 0.0013 217 0 258 55
pottedplant 0.0011 152 145 202 209
pottedplant 0.0011 100 -14 386 226
pottedplant 0.0010 -1 2 57 144
tvmonitor 0.9304 254 7 503 208
tvmonitor 0.0065 283 28 438 251
