person 0.0279 490 152 500 191
person 0.0171 298 130 307 138
person 0.0142 401 192 450 250
person 0.0125 375 132 382 152
person 0.0089 269 135 277 149
person 0.0069 49 138 70 152
person 0.0060 64 123 83 141
person 0.0059 375 131 382 143
person 0.0040 264 115 281 135
person 0.0038 103 125 110 142
person 0.0035 19 214 30 230
person 0.0032 0 157 9 204
person 0.0028 13 213 21 227
person 0.0027 147 145 154 158
person 0.0027 96 130 110 142
person 0.0025 317 132 330 139
person 0.0025 70 122 93 144
person 0.0024 149 139 154 146
person 0.0024 80 127 100 143
person 0.0023 304 132 319 139
person 0.0022 325 132 338 138
person 0.0021 489 151 500 231
person 0.0020 276 137 286 146
person 0.0019 147 133 155 140
person 0.0018 85 249 192 368
person 0.0016 478 134 500 222
person 0.0015 265 123 280 144
person 0.0015 0 146 11 179
person 0.0014 487 128 498 138
person 0.0011 0 76 27 169
person 0.0011 483 129 500 193
person 0.0011 56 140 85 152
person 0.0010 171 167 180 179
car 0.2593 50 107 120 142
car 0.0420 46 138 62 152
car 0.0266 317 132 330 139
car 0.0265 157 130 164 138
car 0.0164 298 130 307 138
car 0.0161 332 132 349 138
car 0.0120 147 133 155 140
car 0.0107 80 127 100 143
car 0.0103 304 132 319 139
car 0.0092 0 146 11 179
car 0.0090 344 131 358 138
car 0.0077 135 130 147 137
car 0.0071 325 132 338 138
car 0.0066 51 111 92 139
car 0.0065 75 123 103 145
car 0.0062 54 118 109 147
car 0.0060 0 132 23 186
car 0.0053 161 138 196 146
car 0.0037 0 130 9 159
car 0.0035 49 138 71 152
car 0.0025 490 152 500 191
car 0.0025 44 144 62 158
car 0.0023 0 147 18 206
car 0.0022 96 130 110 142
car 0.0022 0 153 12 195
car 0.0021 49 122 75 143
car 0.0019 90 107 115 124
car 0.0019 0 102 26 178
car 0.0017 53 100 191 143
car 0.0016 0 137 62 181
car 0.0015 87 154 117 168
car 0.0015 64 123 83 141
car 0.0015 149 139 154 146
car 0.0015 354 132 363 138
car 0.0014 160 130 171 139
car 0.0014 82 110 119 139
car 0.0013 77 108 140 142
car 0.0013 51 147 74 156
car 0.0013 27 107 37 125
car 0.0013 28 158 478 383
car 0.0012 134 137 206 149
car 0.0011 89 125 114 144
car 0.0011 5 62 498 317
car 0.0011 24 72 163 171
car 0.0010 202 134 210 141
car 0.0010 81 106 123 127
car 0.0010 81 135 103 148
aeroplane 0.0034 6 110 503 353
bus 0.0406 55 107 123 142
bus 0.0011 53 100 191 143
train 0.0081 50 107 120 142
train 0.0023 53 100 191 143
train 0.0021 0 73 505 309
train 0.0015 28 158 478 383
boat 0.0030 489 144 500 186
boat 0.0025 28 158 478 383
boat 0.0017 0 73 505 309
boat 0.0017 487 145 500 163
boat 0.0013 438 127 498 156
chair 0.8707 301 250 409 350
chair 0.7815 181 258 288 367
chair 0.1415 84 245 193 375
chair 0.1301 452 353 501 375
chair 0.1255 455 229 482 287
chair 0.0977 209 204 349 321
chair 0.0476 98 253 186 323
chair 0.0427 182 296 264 366
chair 0.0279 255 274 302 352
chair 0.0263 236 249 344 357
chair 0.0226 146 244 351 369
chair 0.0211 452 236 462 282
chair 0.0121 255 270 337 315
chair 0.0088 34 160 474 384
chair 0.0084 56 253 290 365
chair 0.0073 272 260 359 329
chair 0.0064 365 261 410 333
chair 0.0052 87 154 118 169
chair 0.0050 285 251 497 366
chair 0.0049 306 301 372 354
chair 0.0039 465 248 482 286
chair 0.0039 203 201 438 345
chair 0.0029 474 216 500 293
chair 0.0028 252 313 496 368
chair 0.0027 465 229 483 272
chair 0.0024 445 233 469 282
chair 0.0024 438 127 498 156
chair 0.0023 345 270 435 350
chair 0.0022 456 234 476 269
chair 0.0022 256 276 291 305
chair 0.0020 262 298 292 359
chair 0.0019 452 290 499 374
chair 0.0018 433 145 453 159
chair 0.0018 187 259 281 319
chair 0.0017 436 128 498 140
chair 0.0017 465 229 483 251
chair 0.0017 252 268 335 290
chair 0.0016 260 218 368 329
chair 0.0014 288 295 392 362
chair 0.0014 286 265 338 352
chair 0.0014 462 231 472 245
chair 0.0012 490 240 500 318
chair 0.0012 290 254 395 303
chair 0.0011 18 156 239 220
chair 0.0011 466 341 500 372
chair 0.0011 437 230 453 245
chair 0.0010 444 216 499 293
chair 0.0010 491 321 500 371
chair 0.0010 487 128 498 138
pottedplant 0.0050 401 192 450 250
diningtable 0.0455 252 313 496 368
diningtable 0.0161 452 353 501 375
diningtable 0.0059 452 233 482 286
diningtable 0.0039 303 254 408 350
diningtable 0.0026 436 128 498 140
diningtable 0.0018 285 251 497 366
diningtable 0.0016 252 268 335 290
diningtable 0.0015 436 128 498 157
diningtable 0.0013 452 236 462 282
diningtable 0.0011 187 333 450 372
diningtable 0.0010 197 201 352 344
diningtable 0.0010 170 283 308 369
