person 0.0037 488 103 499 367
person 0.0030 494 173 500 328
bottle 0.0030 287 178 297 210
bottle 0.0026 17 64 484 364
bottle 0.0010 33 88 329 265
chair 0.6799 387 234 466 378
chair 0.6417 212 279 407 373
chair 0.4820 -1 278 412 375
chair 0.2797 0 216 21 330
chair 0.1400 1 282 210 373
chair 0.0885 0 251 20 371
chair 0.0144 379 160 480 368
chair 0.0137 104 248 344 326
chair 0.0104 0 249 16 309
chair 0.0082 0 168 14 314
chair 0.0062 482 209 500 374
chair 0.0051 493 216 499 339
chair 0.0035 0 295 14 374
chair 0.0030 488 133 500 372
chair 0.0028 383 214 472 292
chair 0.0024 0 232 13 286
chair 0.0024 491 247 500 384
chair 0.0024 385 230 453 276
chair 0.0023 442 189 469 217
chair 0.0022 477 291 500 373
chair 0.0022 -1 123 24 314
chair 0.0017 0 319 8 373
chair 0.0016 24 237 61 276
chair 0.0014 0 322 21 375
chair 0.0013 -1 186 51 349
chair 0.0010 1 203 92 382
sofa 0.4699 5 277 405 375
sofa 0.0234 1 282 210 373
sofa 0.0103 212 279 407 373
sofa 0.0047 493 216 499 339
sofa 0.0041 482 209 500 374
sofa 0.0040 488 133 500 372
sofa 0.0030 0 251 20 371
sofa 0.0025 105 245 337 307
sofa 0.0016 0 295 14 374
sofa 0.0010 491 247 500 384
pottedplant 0.1343 44 16 91 56
pottedplant 0.0582 45 14 66 57
pottedplant 0.0255 69 15 93 57
pottedplant 0.0027 0 259 22 372
diningtable 0.4081 105 245 337 307
diningtable 0.0807 49 261 381 348
diningtable 0.0076 384 232 469 375
diningtable 0.0071 48 217 431 323
diningtable 0.0065 0 247 21 338
diningtable 0.0019 40 131 385 395
diningtable 0.0013 203 272 399 366
tvmonitor 0.9921 217 152 289 216
tvmonitor 0.0219 48 77 452 282
tvmonitor 0.0023 493 216 499 339
tvmonitor 0.0022 98 21 122 54
tvmonitor 0.0010 237 161 271 204
