person 0.9940 87 83 191 305
person 0.0363 409 147 499 372
person 0.0090 64 117 78 166
person 0.0040 115 111 177 250
person 0.0039 64 114 78 136
person 0.0029 480 102 500 332
person 0.0028 255 148 276 179
person 0.0023 56 108 85 172
person 0.0019 429 90 500 301
person 0.0014 469 49 501 382
person 0.0012 88 165 166 266
bicycle 0.0029 87 99 194 321
bicycle 0.0022 410 132 499 374
bicycle 0.0018 403 171 427 232
bicycle 0.0018 379 170 417 235
car 0.0151 413 89 497 372
car 0.0119 431 138 500 209
car 0.0044 415 117 500 237
car 0.0011 404 176 426 228
motorbike 0.9952 120 154 409 371
motorbike 0.3226 409 147 499 372
motorbike 0.0090 445 205 500 381
motorbike 0.0075 192 200 249 235
motorbike 0.0063 231 160 280 235
motorbike 0.0045 432 124 501 228
motorbike 0.0030 414 113 500 279
motorbike 0.0019 379 170 417 235
motorbike 0.0016 403 171 427 232
motorbike 0.0012 179 164 261 236
motorbike 0.0012 479 185 500 366
motorbike 0.0011 132 168 289 277
motorbike 0.0010 158 187 251 241
bottle 0.0027 64 116 78 167
chair 0.3524 87 175 119 254
chair 0.0333 403 171 427 232
chair 0.0186 379 170 417 235
chair 0.0152 85 112 191 308
chair 0.0061 88 165 166 266
chair 0.0059 93 203 122 254
chair 0.0059 79 171 106 249
chair 0.0056 468 103 500 144
chair 0.0052 229 168 263 227
chair 0.0039 495 102 500 144
chair 0.0036 381 169 396 233
chair 0.0031 433 106 500 202
chair 0.0031 418 183 441 224
chair 0.0030 87 172 114 213
chair 0.0028 90 185 111 217
chair 0.0022 193 202 249 235
chair 0.0018 401 151 434 201
chair 0.0017 413 74 500 238
chair 0.0017 60 167 102 251
chair 0.0017 404 174 418 211
chair 0.0015 405 168 431 197
chair 0.0015 378 154 440 241
chair 0.0015 83 171 98 233
chair 0.0014 407 186 423 231
chair 0.0013 407 170 454 229
chair 0.0012 230 157 282 236
chair 0.0012 62 165 137 270
chair 0.0011 99 192 117 211
chair 0.0011 96 188 120 236
chair 0.0010 413 32 497 359
chair 0.0010 182 165 259 236
chair 0.0010 0 168 34 227
sofa 0.0021 433 106 500 202
diningtable 0.0036 85 112 191 308
diningtable 0.0032 403 171 427 232
diningtable 0.0019 404 157 434 186
diningtable 0.0013 405 168 431 197
diningtable 0.0011 379 170 417 235
tvmonitor 0.0010 64 117 78 166
