person 0.2118 490 -1 500 96
person 0.0066 489 -7 499 170
person 0.0030 492 27 500 120
person 0.0016 476 -3 500 98
person 0.0013 492 1 500 52
bicycle 0.9938 76 65 396 320
bicycle 0.0052 55 102 224 309
bicycle 0.0027 20 127 169 290
bicycle 0.0018 76 93 248 183
bicycle 0.0014 7 43 266 286
bicycle 0.0012 74 73 294 238
bottle 0.0039 232 148 282 208
bottle 0.0034 198 147 235 206
bottle 0.0015 202 180 216 204
bottle 0.0012 93 73 380 285
bottle 0.0012 204 130 276 222
bottle 0.0011 202 176 229 206
bottle 0.0010 206 182 226 219
