person 0.9754 18 91 64 201
person 0.1179 42 96 64 135
person 0.0580 184 107 194 145
person 0.0298 53 102 66 127
person 0.0297 126 117 137 135
person 0.0284 94 117 108 134
person 0.0277 45 110 62 138
person 0.0251 121 117 141 153
person 0.0219 124 118 154 154
person 0.0186 92 113 124 170
person 0.0181 0 130 3 178
person 0.0150 103 116 146 166
person 0.0144 12 99 39 192
person 0.0100 100 115 117 135
person 0.0094 0 113 5 195
person 0.0061 95 111 122 140
person 0.0052 93 95 124 145
person 0.0047 92 119 109 148
person 0.0041 41 93 79 147
person 0.0039 45 101 64 168
person 0.0038 152 128 168 159
person 0.0037 52 109 66 138
person 0.0035 37 95 85 182
person 0.0033 18 114 31 156
person 0.0030 17 138 32 168
person 0.0029 34 89 66 128
person 0.0028 0 143 7 204
person 0.0028 2 59 163 204
person 0.0026 88 114 100 135
person 0.0025 103 95 122 116
person 0.0024 177 107 196 170
person 0.0023 186 100 202 148
person 0.0020 54 84 210 188
person 0.0020 111 93 125 105
person 0.0019 154 113 166 135
person 0.0018 129 118 145 135
person 0.0017 95 136 126 172
person 0.0017 135 121 156 152
person 0.0017 74 119 83 146
person 0.0017 25 103 60 146
person 0.0016 148 118 173 165
person 0.0016 16 134 33 193
person 0.0015 27 86 94 153
person 0.0015 68 115 80 138
person 0.0015 51 94 68 122
person 0.0014 0 158 4 207
person 0.0013 15 142 45 208
person 0.0013 40 99 51 117
person 0.0013 89 109 155 174
person 0.0012 0 97 31 191
person 0.0012 95 109 107 127
person 0.0012 105 121 135 149
person 0.0011 182 95 196 140
person 0.0010 108 95 126 111
person 0.0010 173 107 184 123
person 0.0010 0 91 7 179
person 0.0010 54 119 66 145
car 0.0018 18 95 64 198
bus 0.0011 13 92 59 199
train 0.9915 20 17 413 334
train 0.5606 13 92 59 199
train 0.0129 33 92 65 142
train 0.0061 0 93 31 186
train 0.0029 2 43 126 216
train 0.0022 41 93 79 147
train 0.0022 24 92 98 186
train 0.0019 0 72 84 177
train 0.0012 0 101 6 189
