person 0.0056 21 242 27 253
person 0.0034 9 198 20 209
person 0.0024 0 327 10 343
car 0.0081 26 206 37 215
car 0.0018 0 327 10 343
car 0.0017 456 208 471 219
car 0.0016 10 204 36 215
car 0.0012 0 195 8 209
car 0.0010 0 201 32 217
car 0.0010 454 212 475 225
bus 0.0070 412 201 458 219
bus 0.0010 411 197 461 210
train 0.7591 84 156 427 263
train 0.1434 313 195 430 262
train 0.0189 76 164 338 238
train 0.0188 411 200 460 220
train 0.0025 419 209 496 253
train 0.0024 411 197 462 210
train 0.0023 415 214 497 284
train 0.0017 121 176 133 185
train 0.0017 132 159 276 227
train 0.0014 115 174 167 192
train 0.0013 -12 146 263 193
train 0.0012 27 159 265 215
train 0.0012 450 211 477 227
train 0.0010 428 210 487 229
train 0.0010 445 213 467 223
boat 0.0047 0 254 7 269
boat 0.0025 0 255 8 281
boat 0.0016 0 236 28 331
boat 0.0014 0 327 10 343
boat 0.0012 0 260 9 295
boat 0.0011 0 238 7 262
pottedplant 0.0037 0 327 10 343
