person 0.0099 468 33 500 252
person 0.0021 471 57 500 146
person 0.0014 463 143 501 254
person 0.0011 447 42 500 203
cat 0.9586 240 122 469 209
cat 0.9304 20 109 229 161
cat 0.0591 463 143 501 254
cat 0.0069 15 63 485 257
cat 0.0057 115 111 245 156
cat 0.0042 453 66 500 255
cat 0.0041 344 139 472 210
cat 0.0018 4 84 328 182
cat 0.0014 170 119 382 156
cat 0.0011 227 115 494 271
cat 0.0011 189 79 490 213
cat 0.0010 453 173 501 297
dog 0.1422 20 109 229 161
dog 0.0341 464 150 500 255
dog 0.0075 240 122 469 209
dog 0.0042 453 66 500 255
dog 0.0017 471 57 500 146
dog 0.0011 458 174 499 290
chair 0.0032 0 23 502 292
sofa 0.9596 0 6 501 271
sofa 0.0011 4 84 328 182
