person 0.0165 1 1 145 369
person 0.0051 3 -1 508 370
person 0.0012 0 -5 56 365
person 0.0011 0 9 18 350
dog 0.9417 131 4 501 366
bottle 0.9079 119 254 205 338
bottle 0.0149 128 269 166 304
bottle 0.0015 128 252 192 308
chair 0.1052 -1 6 146 351
chair 0.0148 429 29 500 369
chair 0.0137 3 -1 508 370
chair 0.0040 432 38 501 190
chair 0.0028 480 183 499 371
chair 0.0017 418 185 499 372
sofa 0.4665 4 3 156 366
sofa 0.1756 3 -1 508 370
sofa 0.0013 0 -5 56 365
diningtable 0.0471 1 1 145 369
diningtable 0.0302 429 29 500 369
diningtable 0.0058 3 -1 508 370
diningtable 0.0054 418 185 499 372
diningtable 0.0018 480 183 499 371
diningtable 0.0012 433 38 501 190
