person 0.2520 0 187 6 201
person 0.1817 162 177 178 194
person 0.0538 0 192 5 205
person 0.0302 56 192 64 206
person 0.0231 121 174 134 193
person 0.0217 76 192 86 205
person 0.0213 95 140 373 265
person 0.0191 45 193 59 207
person 0.0165 167 181 181 196
person 0.0165 66 194 76 206
person 0.0136 308 193 335 228
person 0.0134 265 200 283 221
person 0.0127 135 174 149 192
person 0.0119 305 196 322 227
person 0.0112 16 181 35 203
person 0.0111 4 186 26 200
person 0.0090 67 185 77 202
person 0.0071 18 193 32 205
person 0.0055 315 186 345 221
person 0.0044 289 201 301 226
person 0.0036 0 195 4 224
person 0.0036 52 189 59 201
person 0.0031 341 193 360 212
person 0.0031 142 198 153 208
person 0.0029 199 173 210 191
person 0.0028 290 195 314 228
person 0.0027 312 183 328 199
person 0.0027 317 141 325 149
person 0.0025 0 182 9 203
person 0.0023 5 196 24 204
person 0.0022 300 182 340 224
person 0.0021 153 183 167 197
person 0.0021 307 210 321 227
person 0.0019 159 188 179 211
person 0.0019 150 198 167 211
person 0.0019 40 195 51 210
person 0.0018 24 184 36 200
person 0.0015 94 173 106 192
person 0.0014 0 189 6 230
person 0.0013 494 203 500 217
person 0.0013 194 174 204 192
person 0.0013 0 169 7 197
person 0.0013 332 190 351 212
person 0.0012 309 209 330 228
person 0.0012 14 177 35 192
person 0.0012 301 183 324 199
person 0.0011 24 192 37 208
person 0.0010 424 190 430 197
person 0.0010 309 143 315 148
person 0.0010 269 196 292 224
person 0.0010 154 177 165 193
bicycle 0.0010 45 193 59 207
car 0.0146 0 187 6 201
car 0.0125 16 181 35 203
car 0.0082 4 186 26 200
car 0.0056 24 184 36 200
car 0.0040 494 203 500 217
car 0.0035 0 192 5 205
car 0.0030 5 196 24 204
car 0.0020 18 193 32 205
car 0.0019 1 180 30 203
car 0.0011 491 190 500 216
motorbike 0.0011 0 187 6 201
bus 0.9980 89 144 378 283
bus 0.0076 14 180 36 203
bus 0.0053 0 179 33 204
bus 0.0033 4 186 26 200
bus 0.0018 11 176 36 194
bus 0.0016 -1 160 35 200
bus 0.0016 0 187 6 201
chair 0.0016 0 352 90 374
pottedplant 0.0253 16 181 35 203
pottedplant 0.0142 24 184 36 200
pottedplant 0.0106 66 194 76 206
pottedplant 0.0063 76 192 86 205
pottedplant 0.0057 67 185 77 202
pottedplant 0.0056 370 139 423 212
pottedplant 0.0046 39 201 84 220
pottedplant 0.0043 18 193 32 205
pottedplant 0.0042 56 192 64 206
pottedplant 0.0040 4 186 26 200
pottedplant 0.0027 24 192 37 208
pottedplant 0.0026 1 180 30 203
pottedplant 0.0021 45 193 59 207
pottedplant 0.0017 47 178 88 216
pottedplant 0.0017 24 178 36 192
pottedplant 0.0017 1 176 42 212
pottedplant 0.0017 0 187 6 201
pottedplant 0.0016 11 176 36 194
pottedplant 0.0014 0 93 30 135
pottedplant 0.0014 40 195 51 210
pottedplant 0.0012 63 180 81 205
pottedplant 0.0010 62 191 81 209
diningtable 0.0016 5 196 24 204
