person 0.0015 164 122 279 185
person 0.0011 396 82 500 283
boat 0.0039 307 15 357 40
bird 0.0018 387 183 408 198
cat 0.2370 175 130 272 191
cat 0.0748 88 261 207 323
cat 0.0258 88 268 149 317
cat 0.0189 229 128 278 174
cat 0.0188 80 256 144 301
cat 0.0152 91 292 143 318
cat 0.0148 164 277 213 318
cat 0.0095 226 227 338 373
cat 0.0050 220 134 286 189
cat 0.0047 120 117 287 192
cat 0.0035 30 250 183 327
cat 0.0031 387 182 408 198
cat 0.0031 139 258 216 319
cat 0.0024 241 149 286 174
cat 0.0024 63 246 158 309
cat 0.0021 172 292 216 317
cat 0.0019 233 128 258 159
cat 0.0016 0 233 23 266
cat 0.0014 176 105 302 243
cat 0.0012 246 122 282 164
cat 0.0010 202 118 271 172
cat 0.0010 0 222 23 289
cat 0.0010 152 294 201 318
dog 0.9593 226 230 337 373
dog 0.6166 174 128 275 190
dog 0.1942 88 261 207 323
dog 0.0512 80 256 144 301
dog 0.0439 87 268 151 318
dog 0.0358 120 117 287 192
dog 0.0311 387 183 408 198
dog 0.0250 230 124 278 168
dog 0.0195 50 231 193 319
dog 0.0159 91 292 143 318
dog 0.0139 5 193 235 326
dog 0.0116 63 246 158 309
dog 0.0103 176 105 302 243
dog 0.0098 162 264 213 318
dog 0.0067 233 128 258 159
dog 0.0065 165 292 212 318
dog 0.0047 0 240 24 276
dog 0.0044 190 111 280 157
dog 0.0034 55 238 373 366
dog 0.0033 220 118 269 153
dog 0.0018 220 134 286 189
dog 0.0016 179 163 383 374
dog 0.0012 241 149 286 174
dog 0.0010 385 181 412 221
bottle 0.0305 92 292 145 317
bottle 0.0289 86 259 149 300
bottle 0.0050 387 183 408 198
bottle 0.0047 86 57 109 100
bottle 0.0038 377 81 396 126
bottle 0.0023 100 265 174 310
bottle 0.0019 96 276 124 301
bottle 0.0019 93 280 110 299
bottle 0.0018 90 299 114 316
bottle 0.0014 93 262 127 296
bottle 0.0014 383 21 391 37
bottle 0.0014 87 271 117 303
bottle 0.0010 388 3 394 17
chair 0.9923 287 109 358 249
chair 0.9753 390 90 502 310
chair 0.3428 475 97 500 136
chair 0.1937 98 103 302 268
chair 0.1594 474 95 500 192
chair 0.0665 177 118 293 196
chair 0.0389 453 122 499 230
chair 0.0275 474 107 500 285
chair 0.0244 191 103 292 257
chair 0.0218 487 105 500 140
chair 0.0203 449 87 500 308
chair 0.0183 355 126 425 234
chair 0.0155 90 112 235 196
chair 0.0122 473 129 500 159
chair 0.0120 8 192 232 326
chair 0.0084 213 154 289 295
chair 0.0078 0 194 22 277
chair 0.0073 88 161 134 195
chair 0.0072 489 140 500 282
chair 0.0072 451 108 499 181
chair 0.0070 399 102 499 210
chair 0.0068 375 123 415 193
chair 0.0055 23 86 113 313
chair 0.0055 490 117 499 149
chair 0.0052 464 105 486 141
chair 0.0047 487 97 500 208
chair 0.0041 468 105 477 130
chair 0.0041 350 117 480 238
chair 0.0037 387 182 408 198
chair 0.0033 374 76 405 200
chair 0.0032 491 84 500 128
chair 0.0031 228 127 285 182
chair 0.0029 376 93 399 172
chair 0.0028 388 129 408 158
chair 0.0027 494 72 500 119
chair 0.0025 451 88 500 154
chair 0.0024 26 117 192 317
chair 0.0023 492 135 500 192
chair 0.0022 31 106 111 206
chair 0.0022 0 212 6 232
chair 0.0022 0 233 23 266
chair 0.0022 183 110 290 141
chair 0.0019 357 119 396 192
chair 0.0019 387 146 415 181
chair 0.0018 492 199 500 280
chair 0.0018 489 119 500 168
chair 0.0018 172 121 318 317
chair 0.0017 0 200 10 242
chair 0.0017 354 76 483 200
chair 0.0016 176 107 401 259
chair 0.0015 472 203 499 276
chair 0.0015 39 158 101 192
chair 0.0014 365 65 420 215
chair 0.0014 290 176 355 245
chair 0.0013 249 114 282 155
chair 0.0013 0 155 9 266
chair 0.0012 76 156 253 272
chair 0.0012 491 157 500 206
chair 0.0011 0 117 19 276
chair 0.0011 460 106 475 139
chair 0.0010 386 167 412 201
chair 0.0010 456 152 498 268
chair 0.0010 382 107 413 161
chair 0.0010 -5 83 278 310
chair 0.0010 30 71 140 223
sofa 0.3805 99 106 302 266
sofa 0.1498 164 122 279 185
sofa 0.0124 90 112 278 195
sofa 0.0055 177 112 302 234
sofa 0.0018 9 182 231 331
sofa 0.0015 183 110 290 141
sofa 0.0015 0 203 23 276
sofa 0.0012 76 156 253 272
sofa 0.0011 12 82 273 317
sofa 0.0010 234 121 280 169
sofa 0.0010 397 83 499 282
pottedplant 0.3761 68 21 133 101
pottedplant 0.0831 352 16 450 130
pottedplant 0.0629 -1 43 49 173
pottedplant 0.0349 0 144 7 166
pottedplant 0.0248 0 94 30 181
pottedplant 0.0189 77 57 109 102
pottedplant 0.0186 415 25 453 65
pottedplant 0.0185 1 48 50 114
pottedplant 0.0140 0 121 8 167
pottedplant 0.0094 0 63 28 255
pottedplant 0.0088 0 141 8 183
pottedplant 0.0037 -1 62 51 291
pottedplant 0.0037 0 117 19 276
pottedplant 0.0036 0 130 7 214
pottedplant 0.0036 0 47 31 146
pottedplant 0.0034 376 79 397 125
pottedplant 0.0032 -1 79 12 169
pottedplant 0.0031 -3 5 97 137
pottedplant 0.0028 418 24 440 57
pottedplant 0.0023 22 46 62 107
pottedplant 0.0022 381 24 445 68
pottedplant 0.0021 317 36 435 170
pottedplant 0.0020 89 20 131 56
pottedplant 0.0018 0 140 11 168
pottedplant 0.0018 -1 53 14 139
pottedplant 0.0015 -1 -4 115 218
pottedplant 0.0014 0 6 60 112
pottedplant 0.0014 346 89 466 212
pottedplant 0.0014 34 53 52 100
pottedplant 0.0012 12 82 35 108
pottedplant 0.0012 309 0 357 41
pottedplant 0.0012 10 68 37 103
pottedplant 0.0012 0 122 26 165
pottedplant 0.0011 365 31 412 119
pottedplant 0.0011 0 160 33 185
pottedplant 0.0011 0 12 27 109
pottedplant 0.0010 47 43 129 113
diningtable 0.2724 390 90 502 310
diningtable 0.1487 8 192 232 326
diningtable 0.1004 349 130 441 233
diningtable 0.0794 474 107 500 285
diningtable 0.0586 472 122 499 203
diningtable 0.0515 382 103 502 203
diningtable 0.0339 444 87 500 308
diningtable 0.0324 454 131 500 214
diningtable 0.0287 326 104 489 271
diningtable 0.0161 346 89 466 212
diningtable 0.0143 449 109 500 180
diningtable 0.0126 473 129 500 159
diningtable 0.0119 292 109 364 250
diningtable 0.0091 473 93 500 176
diningtable 0.0083 387 146 415 181
diningtable 0.0058 354 111 406 194
diningtable 0.0051 489 130 500 215
diningtable 0.0045 371 121 417 195
diningtable 0.0036 373 102 403 185
diningtable 0.0033 491 149 500 195
diningtable 0.0031 361 100 421 218
diningtable 0.0030 388 129 408 158
diningtable 0.0030 244 91 495 351
diningtable 0.0026 50 231 193 319
diningtable 0.0026 475 97 500 136
diningtable 0.0024 446 114 486 155
diningtable 0.0021 485 93 500 196
diningtable 0.0020 375 76 501 159
diningtable 0.0019 387 141 409 165
diningtable 0.0018 490 117 499 149
diningtable 0.0018 490 128 500 178
diningtable 0.0017 19 161 230 273
diningtable 0.0017 475 153 499 192
diningtable 0.0017 448 131 484 158
diningtable 0.0013 101 122 301 308
diningtable 0.0012 481 175 500 331
diningtable 0.0010 213 154 289 295
diningtable 0.0010 487 105 500 140
diningtable 0.0010 462 104 490 142
diningtable 0.0010 382 107 413 161
