person 0.9855 185 53 294 257
person 0.0132 481 110 500 200
person 0.0088 483 163 500 199
person 0.0058 486 110 500 174
person 0.0046 142 75 279 178
person 0.0043 486 134 500 189
person 0.0041 480 163 500 224
person 0.0039 74 70 355 191
person 0.0026 0 62 21 216
person 0.0024 166 98 211 164
person 0.0019 2 79 90 160
person 0.0018 0 80 93 115
person 0.0014 0 71 5 232
person 0.0014 -1 69 60 194
person 0.0013 149 90 224 172
person 0.0012 161 94 209 131
person 0.0011 487 111 500 136
bicycle 0.9910 163 148 328 275
bicycle 0.0093 185 70 294 270
bicycle 0.0015 482 172 501 224
bicycle 0.0014 23 36 475 226
bicycle 0.0012 191 148 279 212
bicycle 0.0010 480 131 500 220
bicycle 0.0010 203 150 308 248
car 0.0405 483 163 500 199
car 0.0353 480 163 500 224
car 0.0161 481 110 500 200
car 0.0159 1 74 207 171
car 0.0092 0 80 58 117
car 0.0056 486 123 500 180
car 0.0050 405 107 500 163
car 0.0043 0 84 60 153
car 0.0031 487 111 500 136
car 0.0028 0 90 29 116
car 0.0018 0 71 45 101
car 0.0017 -1 74 103 187
car 0.0016 0 69 28 128
car 0.0013 153 56 331 225
car 0.0013 442 127 500 182
car 0.0013 477 133 499 171
car 0.0012 -1 66 93 132
car 0.0012 473 105 500 242
car 0.0012 23 36 475 226
car 0.0011 479 149 499 194
car 0.0011 0 55 55 109
car 0.0010 403 51 499 154
car 0.0010 441 97 500 147
motorbike 0.0019 480 163 500 224
motorbike 0.0011 481 110 500 200
bus 0.1687 145 55 338 226
bus 0.1646 12 72 233 170
bus 0.1248 23 36 475 226
bus 0.0087 406 84 499 176
bus 0.0067 406 51 499 142
bus 0.0030 -1 74 103 187
bus 0.0025 0 80 58 118
bus 0.0025 0 83 60 153
bus 0.0024 142 75 279 178
bus 0.0013 24 74 297 130
bus 0.0011 482 97 500 186
train 0.1091 23 36 475 226
train 0.0802 145 55 338 226
train 0.0658 7 73 263 172
train 0.0033 142 75 279 178
train 0.0029 406 51 499 142
train 0.0027 3 -4 498 115
train 0.0023 406 84 499 176
train 0.0015 -1 64 201 137
train 0.0013 -1 74 103 187
train 0.0010 24 74 297 130
boat 0.0065 23 36 475 226
boat 0.0029 145 55 338 226
boat 0.0018 12 72 233 170
dog 0.0026 323 215 421 244
bottle 0.0101 216 196 233 224
bottle 0.0096 245 201 266 221
bottle 0.0080 236 201 255 222
bottle 0.0056 226 201 242 221
bottle 0.0036 212 198 225 222
bottle 0.0034 253 202 270 213
bottle 0.0031 253 191 273 209
bottle 0.0030 227 195 264 225
bottle 0.0022 248 189 265 212
bottle 0.0021 221 203 268 231
bottle 0.0020 226 207 247 226
bottle 0.0018 232 181 259 218
bottle 0.0017 218 178 271 221
chair 0.0010 403 78 500 160
tvmonitor 0.0011 407 55 502 113
