person 0.9716 237 2 273 35
person 0.9598 277 2 311 37
person 0.8792 410 0 445 52
person 0.8673 371 0 403 54
person 0.8513 340 0 374 56
person 0.7117 98 26 120 70
person 0.7112 325 -1 362 57
person 0.6213 146 10 169 65
person 0.3406 395 8 416 47
person 0.2528 162 0 189 53
person 0.2336 430 0 446 49
person 0.1869 349 0 373 34
person 0.1778 396 0 425 51
person 0.1254 149 6 187 62
person 0.0563 392 8 407 28
person 0.0392 327 1 359 34
person 0.0354 367 0 397 34
person 0.0350 179 3 193 48
person 0.0237 292 3 312 34
person 0.0215 436 0 454 49
person 0.0178 350 0 370 20
person 0.0177 216 1 234 37
person 0.0166 142 13 161 78
person 0.0163 276 4 294 32
person 0.0127 155 27 182 64
person 0.0118 432 0 445 19
person 0.0117 408 0 429 34
person 0.0113 363 0 378 19
person 0.0103 100 27 120 48
person 0.0100 343 -2 410 56
person 0.0094 344 1 356 16
person 0.0086 136 0 197 79
person 0.0085 77 23 373 233
person 0.0084 446 -1 460 50
person 0.0083 8 5 417 85
person 0.0067 153 2 167 30
person 0.0063 275 2 312 67
person 0.0062 186 0 219 44
person 0.0062 364 16 397 56
person 0.0059 162 38 178 55
person 0.0055 180 -1 193 19
person 0.0048 370 -2 460 55
person 0.0046 237 57 275 90
person 0.0045 412 0 425 21
person 0.0040 357 5 379 48
person 0.0037 295 0 432 56
person 0.0033 73 19 92 54
person 0.0033 154 0 183 36
person 0.0032 391 1 409 19
person 0.0030 142 19 178 87
person 0.0030 350 8 385 59
person 0.0029 147 -6 425 56
person 0.0029 318 2 387 67
person 0.0029 212 1 225 37
person 0.0029 277 17 287 32
person 0.0028 218 33 231 40
person 0.0027 336 8 364 46
person 0.0026 375 0 400 19
person 0.0026 413 20 440 51
person 0.0024 430 22 445 49
person 0.0024 293 67 308 82
person 0.0022 297 11 311 37
person 0.0021 104 24 129 72
person 0.0021 91 38 115 71
person 0.0020 340 0 361 19
person 0.0019 166 0 186 20
person 0.0019 176 10 473 72
person 0.0018 66 12 102 67
person 0.0018 164 30 186 59
person 0.0018 414 0 441 22
person 0.0017 140 31 155 80
person 0.0017 249 61 279 84
person 0.0017 193 0 249 44
person 0.0017 110 26 123 69
person 0.0015 266 5 283 29
person 0.0015 89 22 117 54
person 0.0015 330 0 354 17
person 0.0015 78 19 101 53
person 0.0013 229 37 283 88
person 0.0013 276 4 353 49
person 0.0012 145 11 158 46
person 0.0012 298 4 336 48
person 0.0011 231 62 261 84
person 0.0011 46 42 76 72
person 0.0011 159 0 176 18
person 0.0011 129 22 166 87
person 0.0010 395 -1 417 21
person 0.0010 91 7 153 81
bicycle 0.0109 309 19 333 55
bicycle 0.0085 305 22 323 53
bicycle 0.0021 311 19 331 38
bicycle 0.0014 302 16 322 39
bicycle 0.0013 278 11 315 59
car 0.7753 112 30 365 230
car 0.0014 311 19 331 36
motorbike 0.0025 304 21 324 54
motorbike 0.0018 309 19 333 55
motorbike 0.0012 278 11 315 59
motorbike 0.0011 277 17 287 32
bus 0.0052 102 29 354 221
chair 0.0767 329 9 369 59
chair 0.0578 309 19 333 55
chair 0.0414 368 34 396 56
chair 0.0371 329 30 354 59
chair 0.0106 311 19 331 36
chair 0.0092 349 32 370 57
chair 0.0069 371 9 402 58
chair 0.0068 321 16 343 56
chair 0.0054 305 22 323 53
chair 0.0046 357 32 383 57
chair 0.0036 397 15 415 52
chair 0.0031 350 9 372 58
chair 0.0026 326 31 341 58
chair 0.0014 326 7 339 48
chair 0.0013 430 22 445 49
chair 0.0010 302 16 322 39
diningtable 0.0031 368 34 396 56
diningtable 0.0017 373 17 400 53
diningtable 0.0015 353 32 386 57
diningtable 0.0010 310 20 332 54
