person 0.0487 403 -1 500 80
cat 0.9754 5 -2 313 237
cat 0.0685 403 -1 500 80
dog 0.0022 403 -1 500 80
bottle 0.9689 408 64 464 192
bottle 0.6073 336 1 359 58
bottle 0.1568 306 -1 318 46
bottle 0.1018 314 17 333 51
bottle 0.0572 477 196 500 278
bottle 0.0421 302 62 354 143
bottle 0.0289 476 43 500 119
bottle 0.0186 392 28 407 58
bottle 0.0172 485 41 500 105
bottle 0.0151 286 0 316 65
bottle 0.0142 292 0 312 46
bottle 0.0109 350 51 411 174
bottle 0.0106 354 16 370 51
bottle 0.0091 357 39 402 69
bottle 0.0082 303 -2 328 55
bottle 0.0077 314 10 327 40
bottle 0.0061 114 -1 132 14
bottle 0.0058 391 33 412 72
bottle 0.0058 333 116 395 200
bottle 0.0056 287 4 316 140
bottle 0.0054 48 -3 95 38
bottle 0.0051 300 20 318 67
bottle 0.0050 366 32 388 52
bottle 0.0044 479 85 500 282
bottle 0.0037 483 166 501 252
bottle 0.0034 349 3 372 50
bottle 0.0028 112 -1 148 31
bottle 0.0026 449 75 482 104
bottle 0.0024 455 59 498 186
bottle 0.0022 262 16 389 135
bottle 0.0021 484 206 500 265
bottle 0.0020 476 44 500 205
bottle 0.0018 297 32 327 140
bottle 0.0018 318 28 338 54
bottle 0.0016 366 111 395 170
bottle 0.0016 280 48 369 167
bottle 0.0015 282 1 305 44
bottle 0.0014 450 61 498 115
bottle 0.0014 321 5 339 43
bottle 0.0013 487 187 500 230
bottle 0.0013 339 -1 357 32
bottle 0.0011 396 45 415 65
bottle 0.0011 31 -1 71 46
bottle 0.0011 365 49 392 74
bottle 0.0010 490 19 500 90
bottle 0.0010 289 83 311 140
chair 0.0096 0 282 127 380
chair 0.0064 0 84 112 384
chair 0.0016 0 106 57 372
chair 0.0012 0 242 53 377
chair 0.0010 1 -1 97 128
