person 0.9255 15 91 333 377
person 0.8664 119 83 286 310
person 0.8510 300 184 425 335
person 0.7783 275 76 352 207
person 0.6380 199 107 288 273
person 0.1863 287 104 376 270
person 0.0740 193 95 284 195
person 0.0217 264 85 341 292
person 0.0172 302 141 397 292
person 0.0168 226 150 280 216
person 0.0119 284 106 460 336
person 0.0113 331 185 413 285
person 0.0089 484 59 500 333
person 0.0081 189 105 387 337
person 0.0068 486 179 500 290
person 0.0056 174 141 273 248
person 0.0043 192 139 275 206
person 0.0038 225 145 331 323
person 0.0034 266 205 303 332
person 0.0030 291 75 415 222
person 0.0029 238 160 271 206
person 0.0028 205 160 263 208
person 0.0027 242 16 262 42
person 0.0025 218 174 248 209
person 0.0023 315 189 389 270
person 0.0022 239 17 253 41
person 0.0020 9 100 205 339
person 0.0017 260 151 297 288
person 0.0012 306 131 375 234
person 0.0011 101 93 315 213
person 0.0010 185 83 371 238
person 0.0010 263 213 299 262
person 0.0010 442 64 500 325
dog 0.0010 238 172 273 195
bottle 0.0259 492 205 500 255
bottle 0.0097 218 177 238 205
bottle 0.0090 369 299 393 332
bottle 0.0089 489 105 500 142
bottle 0.0052 373 293 427 335
bottle 0.0036 493 273 499 306
bottle 0.0020 492 250 500 307
bottle 0.0019 492 201 499 221
chair 0.9541 377 67 494 285
chair 0.6018 2 102 165 362
chair 0.0988 -2 85 293 377
chair 0.0365 489 105 500 142
chair 0.0084 401 71 496 209
chair 0.0037 193 154 215 188
chair 0.0030 491 79 500 136
chair 0.0026 96 89 272 295
chair 0.0022 0 142 25 324
chair 0.0016 193 94 284 212
chair 0.0013 0 144 9 297
chair 0.0012 104 107 139 136
chair 0.0012 -1 244 178 364
chair 0.0010 389 187 428 216
chair 0.0010 485 66 500 144
sofa 0.2070 20 95 327 373
sofa 0.0899 0 108 168 364
sofa 0.0509 96 89 272 295
sofa 0.0072 196 114 282 244
sofa 0.0060 137 102 310 258
sofa 0.0038 197 103 300 345
sofa 0.0022 51 98 286 206
sofa 0.0016 167 95 275 207
sofa 0.0016 0 142 25 324
sofa 0.0013 96 149 303 354
sofa 0.0012 -4 96 192 208
sofa 0.0011 0 134 54 309
diningtable 0.0011 3 115 350 382
diningtable 0.0010 489 105 500 142
tvmonitor 0.4725 359 72 414 120
tvmonitor 0.0024 415 71 496 163
tvmonitor 0.0018 403 3 503 65
tvmonitor 0.0012 382 70 401 79
