person 0.9935 102 0 456 399
person 0.8446 380 160 402 181
person 0.7650 348 149 377 182
person 0.6807 328 156 349 188
person 0.1721 314 153 329 176
person 0.0884 310 156 332 187
person 0.0765 486 144 500 181
person 0.0712 347 151 360 178
person 0.0433 375 164 386 180
person 0.0402 482 124 500 191
person 0.0354 452 170 486 230
person 0.0315 323 155 344 176
person 0.0263 455 154 482 208
person 0.0257 340 153 363 189
person 0.0245 479 168 500 233
person 0.0243 467 181 486 205
person 0.0177 319 154 352 198
person 0.0131 376 160 407 196
person 0.0130 458 153 477 176
person 0.0115 322 169 342 193
person 0.0111 305 154 322 175
person 0.0104 305 164 321 184
person 0.0097 465 181 487 224
person 0.0090 482 170 501 196
person 0.0086 477 157 499 189
person 0.0075 489 120 500 171
person 0.0068 453 170 479 198
person 0.0065 473 127 500 230
person 0.0065 475 165 499 202
person 0.0062 463 157 484 187
person 0.0060 329 169 349 196
person 0.0055 301 153 340 196
person 0.0053 342 170 380 197
person 0.0052 450 185 479 218
person 0.0047 303 156 325 189
person 0.0047 483 179 501 206
person 0.0042 435 176 476 225
person 0.0041 317 147 326 163
person 0.0041 363 157 419 199
person 0.0040 367 161 392 182
person 0.0035 449 126 498 236
person 0.0035 378 173 404 192
person 0.0030 440 178 496 254
person 0.0030 313 158 492 232
person 0.0029 436 183 458 249
person 0.0025 331 179 350 207
person 0.0025 398 188 418 212
person 0.0025 462 163 486 202
person 0.0025 309 133 438 222
person 0.0023 418 160 491 240
person 0.0022 454 133 493 191
person 0.0022 311 175 330 193
person 0.0022 352 150 363 161
person 0.0021 424 199 503 320
person 0.0016 420 159 432 172
person 0.0015 304 172 322 193
person 0.0015 347 184 445 273
person 0.0014 430 155 445 173
person 0.0014 276 141 396 216
person 0.0014 385 178 411 208
person 0.0014 319 176 346 204
person 0.0013 451 179 480 205
person 0.0013 363 178 416 210
person 0.0012 372 156 384 175
person 0.0012 366 150 413 181
person 0.0012 433 151 458 175
person 0.0011 482 187 500 279
person 0.0011 341 174 360 196
person 0.0011 0 164 11 184
person 0.0011 0 137 26 191
person 0.0011 428 158 477 202
person 0.0010 396 178 438 215
person 0.0010 478 136 499 174
person 0.0010 352 162 471 203
person 0.0010 307 121 497 264
person 0.0010 384 168 478 234
person 0.0010 448 155 463 174
bicycle 0.0016 0 198 113 262
bicycle 0.0011 33 188 61 256
bicycle 0.0010 56 200 111 260
bicycle 0.0010 55 196 91 244
bottle 0.1457 335 190 347 216
bottle 0.0553 347 201 360 216
bottle 0.0523 352 192 364 213
bottle 0.0225 341 191 377 215
bottle 0.0206 333 181 343 200
bottle 0.0205 352 180 368 202
bottle 0.0083 343 192 360 215
bottle 0.0074 297 172 306 193
bottle 0.0062 304 173 322 192
bottle 0.0049 0 195 9 206
bottle 0.0040 314 153 329 176
bottle 0.0038 313 177 329 192
bottle 0.0031 331 180 347 205
bottle 0.0030 329 183 340 196
bottle 0.0029 340 179 381 205
bottle 0.0029 305 164 321 184
bottle 0.0026 314 184 326 195
bottle 0.0025 22 25 487 407
bottle 0.0020 317 147 326 163
bottle 0.0019 338 251 395 347
bottle 0.0018 2 194 20 207
bottle 0.0017 297 186 310 193
bottle 0.0017 323 171 340 192
bottle 0.0016 303 184 319 194
bottle 0.0015 343 181 358 200
bottle 0.0012 489 120 500 171
bottle 0.0012 117 191 144 213
bottle 0.0011 0 183 11 202
bottle 0.0010 305 154 322 175
bottle 0.0010 340 199 364 218
chair 0.9787 410 208 499 320
chair 0.8202 0 199 45 279
chair 0.7943 358 180 401 210
chair 0.5318 436 183 458 249
chair 0.5178 -1 254 111 372
chair 0.4714 56 200 111 260
chair 0.4679 417 180 445 254
chair 0.3763 305 192 339 215
chair 0.3411 343 181 358 200
chair 0.2380 398 189 418 212
chair 0.1838 106 193 143 236
chair 0.1479 442 182 471 243
chair 0.1454 399 179 439 254
chair 0.1376 480 184 500 244
chair 0.1371 304 173 322 192
chair 0.1312 406 178 432 209
chair 0.1278 1 189 57 252
chair 0.1135 455 185 487 242
chair 0.1074 55 196 91 244
chair 0.0913 333 181 343 200
chair 0.0901 314 184 326 195
chair 0.0872 407 176 427 189
chair 0.0865 33 188 61 256
chair 0.0837 466 189 486 234
chair 0.0724 484 183 500 221
chair 0.0706 416 177 438 211
chair 0.0674 346 193 360 214
chair 0.0627 447 185 470 218
chair 0.0627 486 213 499 325
chair 0.0617 334 190 347 215
chair 0.0607 385 178 410 208
chair 0.0603 79 193 135 239
chair 0.0563 329 183 340 196
chair 0.0513 0 195 9 206
chair 0.0507 334 180 382 215
chair 0.0472 323 171 340 192
chair 0.0467 115 201 138 236
chair 0.0452 0 198 113 262
chair 0.0446 446 179 466 203
chair 0.0436 17 194 45 207
chair 0.0422 117 190 146 215
chair 0.0422 21 195 76 264
chair 0.0411 483 181 501 201
chair 0.0410 303 184 319 194
chair 0.0403 429 186 448 253
chair 0.0395 313 177 329 192
chair 0.0381 318 184 351 213
chair 0.0352 331 180 347 205
chair 0.0351 419 175 436 185
chair 0.0346 404 175 417 191
chair 0.0341 352 180 368 202
chair 0.0323 416 175 492 257
chair 0.0308 347 184 445 273
chair 0.0307 2 194 20 207
chair 0.0305 24 185 44 196
chair 0.0295 438 178 458 204
chair 0.0287 329 209 388 255
chair 0.0282 329 169 349 196
chair 0.0271 125 196 149 209
chair 0.0270 10 226 482 373
chair 0.0267 356 191 384 211
chair 0.0265 297 172 306 193
chair 0.0253 352 181 389 203
chair 0.0247 125 178 147 205
chair 0.0247 0 182 25 202
chair 0.0240 454 171 478 197
chair 0.0237 88 191 111 210
chair 0.0228 476 189 497 272
chair 0.0227 114 176 146 222
chair 0.0226 472 177 500 227
chair 0.0224 283 186 301 195
chair 0.0222 427 181 446 219
chair 0.0221 1 192 46 210
chair 0.0216 482 175 501 193
chair 0.0214 450 175 482 208
chair 0.0213 324 178 343 202
chair 0.0208 381 191 399 210
chair 0.0196 341 174 360 196
chair 0.0183 435 176 476 225
chair 0.0161 405 177 452 218
chair 0.0161 307 180 333 200
chair 0.0160 374 187 405 212
chair 0.0153 475 179 499 204
chair 0.0149 52 192 70 227
chair 0.0147 46 191 75 254
chair 0.0139 388 177 407 189
chair 0.0136 283 173 303 194
chair 0.0133 450 193 478 228
chair 0.0130 484 209 500 272
chair 0.0127 468 185 485 201
chair 0.0122 477 196 493 244
chair 0.0118 0 183 11 202
chair 0.0117 32 85 475 350
chair 0.0116 484 159 500 186
chair 0.0114 297 186 310 193
chair 0.0114 0 196 9 225
chair 0.0112 437 174 460 194
chair 0.0112 364 186 426 250
chair 0.0110 39 192 53 212
chair 0.0109 88 192 112 231
sofa 0.0018 484 190 499 319
sofa 0.0015 -1 225 493 374
sofa 0.0010 480 184 500 244
pottedplant 0.4842 43 141 94 201
pottedplant 0.2021 24 151 60 196
pottedplant 0.2018 97 78 173 209
pottedplant 0.1700 23 154 45 191
pottedplant 0.1519 0 157 27 201
pottedplant 0.1015 97 147 154 203
pottedplant 0.0646 0 182 25 202
pottedplant 0.0611 143 151 179 205
pottedplant 0.0541 24 170 43 193
pottedplant 0.0448 101 77 158 133
pottedplant 0.0420 305 164 321 184
pottedplant 0.0420 0 167 10 197
pottedplant 0.0355 -1 171 28 215
pottedplant 0.0354 0 164 11 184
pottedplant 0.0348 36 171 53 193
pottedplant 0.0286 136 79 191 205
pottedplant 0.0247 22 142 79 189
pottedplant 0.0243 0 183 11 202
pottedplant 0.0243 66 166 92 199
pottedplant 0.0217 305 154 322 175
pottedplant 0.0212 303 156 325 189
pottedplant 0.0184 68 180 90 200
pottedplant 0.0164 313 152 330 177
pottedplant 0.0152 15 129 103 199
pottedplant 0.0147 41 158 63 189
pottedplant 0.0142 91 151 128 199
pottedplant 0.0140 310 156 332 187
pottedplant 0.0122 114 161 146 203
pottedplant 0.0114 107 141 174 211
pottedplant 0.0112 22 184 45 197
pottedplant 0.0112 13 177 34 190
pottedplant 0.0103 139 170 159 198
pottedplant 0.0102 0 147 25 184
pottedplant 0.0100 420 167 436 180
pottedplant 0.0097 6 155 40 189
pottedplant 0.0082 433 150 458 175
pottedplant 0.0081 0 184 46 200
pottedplant 0.0078 55 176 67 193
pottedplant 0.0074 -1 160 17 186
pottedplant 0.0074 -1 185 58 212
pottedplant 0.0073 50 166 73 198
pottedplant 0.0067 127 150 171 199
pottedplant 0.0065 428 168 442 179
pottedplant 0.0065 13 147 50 185
pottedplant 0.0065 2 167 44 197
pottedplant 0.0063 89 154 114 193
pottedplant 0.0061 420 159 432 172
pottedplant 0.0054 -14 144 69 213
pottedplant 0.0051 430 155 445 173
pottedplant 0.0050 124 177 140 194
pottedplant 0.0050 10 88 177 212
pottedplant 0.0049 0 195 9 206
pottedplant 0.0048 114 176 146 222
pottedplant 0.0046 1 192 21 208
pottedplant 0.0045 434 166 459 178
pottedplant 0.0045 23 142 152 231
pottedplant 0.0043 0 147 12 182
pottedplant 0.0043 304 173 322 192
pottedplant 0.0042 90 172 111 192
pottedplant 0.0040 124 153 153 196
pottedplant 0.0040 145 175 170 206
pottedplant 0.0040 121 50 215 190
pottedplant 0.0039 42 152 64 177
pottedplant 0.0037 28 165 107 231
pottedplant 0.0037 17 175 75 217
pottedplant 0.0036 157 165 197 201
pottedplant 0.0036 127 172 148 197
pottedplant 0.0035 68 147 111 197
pottedplant 0.0035 72 117 146 207
pottedplant 0.0034 101 172 116 194
pottedplant 0.0034 43 186 56 196
pottedplant 0.0033 424 143 472 177
pottedplant 0.0033 458 152 478 176
pottedplant 0.0031 133 142 192 210
pottedplant 0.0030 41 178 61 205
pottedplant 0.0030 93 163 148 220
pottedplant 0.0029 22 180 61 201
pottedplant 0.0029 -1 187 29 246
pottedplant 0.0028 431 160 474 199
pottedplant 0.0026 90 189 112 199
pottedplant 0.0026 -3 159 62 238
pottedplant 0.0024 50 53 280 239
pottedplant 0.0023 60 142 85 187
pottedplant 0.0023 54 135 91 177
pottedplant 0.0022 425 164 447 181
pottedplant 0.0020 145 75 186 130
pottedplant 0.0019 121 179 143 206
pottedplant 0.0019 54 178 71 206
pottedplant 0.0018 87 174 100 191
pottedplant 0.0017 82 152 100 193
pottedplant 0.0017 148 82 186 167
pottedplant 0.0017 106 169 133 197
pottedplant 0.0015 116 111 178 198
pottedplant 0.0015 22 25 487 407
pottedplant 0.0015 53 174 114 224
pottedplant 0.0014 -9 113 127 273
pottedplant 0.0014 33 184 55 196
pottedplant 0.0014 448 155 463 174
pottedplant 0.0013 135 27 287 198
pottedplant 0.0013 79 168 104 196
diningtable 0.5985 334 198 423 276
diningtable 0.3895 -1 254 111 372
diningtable 0.1436 443 318 500 375
diningtable 0.1056 22 25 487 407
diningtable 0.0591 0 189 57 253
diningtable 0.0532 329 198 411 224
diningtable 0.0510 455 185 487 242
diningtable 0.0439 483 181 501 201
diningtable 0.0435 59 198 106 248
diningtable 0.0429 0 198 113 262
diningtable 0.0426 -1 185 58 212
diningtable 0.0416 334 210 387 254
diningtable 0.0413 396 308 499 375
diningtable 0.0412 468 185 485 201
diningtable 0.0396 451 189 477 213
diningtable 0.0358 480 184 500 244
diningtable 0.0357 287 190 339 214
diningtable 0.0313 0 193 46 209
diningtable 0.0312 482 175 501 193
diningtable 0.0300 466 189 486 234
diningtable 0.0297 407 176 427 189
diningtable 0.0274 484 184 500 220
diningtable 0.0266 10 226 482 373
diningtable 0.0264 475 179 499 204
diningtable 0.0248 419 175 436 185
diningtable 0.0243 406 177 432 209
diningtable 0.0241 435 182 462 250
diningtable 0.0239 416 177 438 211
diningtable 0.0237 340 188 400 212
diningtable 0.0229 454 171 478 197
diningtable 0.0216 412 181 442 257
diningtable 0.0216 451 179 480 205
diningtable 0.0202 446 176 465 194
diningtable 0.0195 437 174 460 194
diningtable 0.0191 88 191 111 210
diningtable 0.0187 466 179 487 207
diningtable 0.0176 303 184 319 194
diningtable 0.0169 435 178 472 222
diningtable 0.0168 471 177 500 227
diningtable 0.0166 -1 171 28 215
diningtable 0.0165 333 202 409 241
diningtable 0.0159 83 191 118 233
diningtable 0.0144 363 186 425 250
diningtable 0.0144 434 166 459 178
diningtable 0.0141 294 182 331 200
diningtable 0.0140 408 178 446 216
diningtable 0.0140 76 192 136 239
diningtable 0.0138 0 195 9 206
diningtable 0.0137 298 188 420 245
diningtable 0.0130 353 202 405 220
diningtable 0.0129 438 178 459 204
diningtable 0.0125 -1 201 37 273
diningtable 0.0124 57 193 90 231
diningtable 0.0121 346 200 361 217
diningtable 0.0117 21 195 76 264
diningtable 0.0117 1 192 21 208
diningtable 0.0113 450 167 462 176
diningtable 0.0112 399 190 418 211
diningtable 0.0111 363 204 395 214
diningtable 0.0108 450 193 478 228
diningtable 0.0106 484 159 500 186
diningtable 0.0096 0 194 46 228
diningtable 0.0093 3 173 85 218
diningtable 0.0092 342 198 374 219
diningtable 0.0090 314 184 326 195
diningtable 0.0089 -1 187 29 246
diningtable 0.0089 446 186 469 237
diningtable 0.0086 440 178 496 254
diningtable 0.0085 303 192 436 336
diningtable 0.0082 427 174 444 188
diningtable 0.0081 0 184 46 200
diningtable 0.0081 424 177 448 211
diningtable 0.0080 337 179 384 206
diningtable 0.0079 0 182 25 202
diningtable 0.0078 356 203 386 217
diningtable 0.0075 341 190 361 215
diningtable 0.0073 28 165 107 231
diningtable 0.0070 420 167 436 180
diningtable 0.0070 61 295 505 375
diningtable 0.0069 357 180 403 207
diningtable 0.0069 33 188 61 256
diningtable 0.0068 297 186 310 193
diningtable 0.0067 444 178 468 204
diningtable 0.0067 404 175 417 191
diningtable 0.0067 428 168 442 179
diningtable 0.0065 412 173 441 192
diningtable 0.0061 309 167 427 220
diningtable 0.0060 0 196 9 225
diningtable 0.0058 424 199 503 320
diningtable 0.0056 399 226 501 363
diningtable 0.0056 336 291 496 378
diningtable 0.0054 0 183 11 202
diningtable 0.0054 378 173 404 192
diningtable 0.0053 0 204 47 375
diningtable 0.0052 388 177 407 189
diningtable 0.0051 329 183 340 196
diningtable 0.0047 54 181 104 224
diningtable 0.0045 420 172 453 193
diningtable 0.0044 406 175 492 274
diningtable 0.0044 342 176 359 194
