person 0.1850 171 294 187 310
person 0.0281 176 292 194 308
person 0.0252 0 317 44 371
person 0.0202 0 303 10 374
person 0.0200 282 286 300 300
person 0.0120 186 291 206 307
person 0.0076 294 287 311 300
person 0.0075 0 286 29 369
person 0.0039 213 282 241 305
person 0.0039 0 331 7 383
person 0.0037 392 291 438 367
person 0.0032 242 281 253 303
person 0.0031 0 322 29 395
person 0.0031 189 289 221 306
person 0.0029 0 294 48 395
person 0.0023 0 261 8 360
person 0.0022 202 288 229 306
person 0.0017 303 291 319 302
person 0.0011 199 280 235 306
person 0.0010 222 288 245 305
person 0.0010 0 327 14 387
person 0.0010 234 280 256 304
person 0.0010 0 280 6 340
bicycle 0.0178 0 317 44 371
bicycle 0.0034 0 331 7 383
bicycle 0.0021 0 324 45 406
bicycle 0.0010 0 327 14 387
car 0.9969 70 276 400 369
car 0.2151 0 317 44 371
car 0.0045 0 322 7 374
car 0.0043 0 286 29 369
car 0.0027 455 378 496 397
car 0.0027 0 294 48 395
car 0.0024 0 289 10 372
car 0.0016 0 319 15 376
car 0.0015 402 334 435 365
car 0.0013 0 241 45 374
car 0.0011 392 291 438 367
car 0.0011 5 326 40 353
motorbike 0.3994 0 317 44 371
motorbike 0.0200 0 294 48 395
motorbike 0.0140 0 318 10 378
motorbike 0.0084 0 322 29 395
motorbike 0.0081 0 286 29 369
motorbike 0.0051 0 241 45 374
motorbike 0.0021 5 326 40 353
motorbike 0.0020 0 321 27 356
motorbike 0.0011 0 335 7 397
motorbike 0.0010 18 331 44 365
boat 0.0030 0 313 44 367
bird 0.0017 135 112 141 118
bird 0.0014 141 382 152 396
bird 0.0013 149 383 169 396
dog 0.0013 0 317 44 371
horse 0.0050 0 323 44 372
cow 0.0011 0 323 44 372
chair 0.0014 0 323 44 372
pottedplant 0.0205 181 355 256 397
pottedplant 0.0041 354 212 450 360
pottedplant 0.0013 181 360 214 396
pottedplant 0.0012 152 351 282 409
pottedplant 0.0011 88 227 183 315
tvmonitor 0.0469 94 22 398 148
tvmonitor 0.0035 10 38 98 147
tvmonitor 0.0030 58 11 432 227
tvmonitor 0.0019 397 36 486 152
