person 0.0182 -2 -13 493 340
person 0.0131 0 3 100 380
person 0.0051 0 -2 104 166
person 0.0038 -2 0 116 67
person 0.0018 401 -2 499 371
person 0.0017 0 1 87 35
person 0.0011 435 5 500 87
car 0.0012 1 51 493 383
cat 0.9782 -3 1 492 370
cat 0.0097 0 5 100 377
cat 0.0010 474 244 500 369
dog 0.0010 0 5 100 377
bottle 0.0128 473 216 500 373
bottle 0.0026 478 107 500 364
chair 0.0114 1 -9 489 335
chair 0.0017 472 246 500 373
chair 0.0012 0 5 100 377
sofa 0.0462 1 -9 489 335
sofa 0.0171 0 5 100 377
sofa 0.0028 0 -2 104 166
sofa 0.0012 2 -2 189 382
diningtable 0.0019 1 -9 489 335
