person 0.1081 267 137 280 152
person 0.0874 143 223 155 235
person 0.0778 255 69 272 83
person 0.0621 125 142 157 163
person 0.0170 231 141 240 148
person 0.0145 399 52 411 63
person 0.0131 101 86 123 104
person 0.0124 259 138 289 159
person 0.0113 109 88 124 100
person 0.0102 392 50 409 66
person 0.0086 108 221 148 239
person 0.0062 87 217 166 246
person 0.0062 360 54 376 62
person 0.0055 385 52 415 73
person 0.0053 248 68 280 86
person 0.0043 140 222 160 237
person 0.0033 127 221 153 239
person 0.0033 230 137 259 150
person 0.0022 346 55 374 71
person 0.0021 233 134 273 153
person 0.0020 255 135 276 154
person 0.0020 216 70 235 81
person 0.0017 225 65 283 89
person 0.0017 343 50 428 79
person 0.0017 345 55 352 62
person 0.0016 202 71 207 81
person 0.0015 200 61 285 95
person 0.0015 250 139 278 159
person 0.0014 341 56 360 71
person 0.0014 218 142 252 160
person 0.0013 234 138 272 164
person 0.0012 262 71 279 83
person 0.0012 228 65 259 86
person 0.0012 355 54 369 63
person 0.0012 214 129 290 162
person 0.0011 98 224 122 236
person 0.0010 373 53 402 75
aeroplane 0.9949 336 49 421 82
aeroplane 0.9929 48 82 130 120
aeroplane 0.9910 211 134 291 168
aeroplane 0.9908 199 62 281 102
aeroplane 0.9873 80 141 158 174
aeroplane 0.9871 86 219 164 249
aeroplane 0.0218 125 142 158 163
aeroplane 0.0116 108 221 148 239
aeroplane 0.0070 234 138 272 164
aeroplane 0.0068 356 53 401 76
aeroplane 0.0067 360 54 376 62
aeroplane 0.0062 97 224 144 249
aeroplane 0.0039 95 142 142 162
aeroplane 0.0036 231 141 240 148
aeroplane 0.0031 233 134 273 153
aeroplane 0.0029 230 137 259 150
aeroplane 0.0026 385 52 415 73
aeroplane 0.0025 248 68 280 86
aeroplane 0.0025 346 55 374 71
aeroplane 0.0025 225 65 283 89
aeroplane 0.0024 216 69 255 98
aeroplane 0.0024 72 84 107 103
aeroplane 0.0024 255 69 272 83
aeroplane 0.0024 216 70 235 81
aeroplane 0.0024 259 138 290 159
aeroplane 0.0022 233 132 293 158
aeroplane 0.0022 71 89 109 117
aeroplane 0.0020 98 224 122 236
aeroplane 0.0016 228 65 259 86
aeroplane 0.0015 352 47 423 70
aeroplane 0.0015 218 142 252 160
aeroplane 0.0013 392 50 409 66
aeroplane 0.0013 98 146 139 173
aeroplane 0.0013 97 85 127 106
aeroplane 0.0012 336 53 387 76
aeroplane 0.0011 202 71 207 81
aeroplane 0.0010 267 137 280 152
boat 0.0015 88 217 165 246
