person 0.2038 177 82 218 126
person 0.1502 273 100 316 138
person 0.0395 193 99 221 128
person 0.0229 296 95 326 136
person 0.0200 256 103 306 135
person 0.0197 184 97 212 128
person 0.0180 221 98 265 128
person 0.0164 231 100 279 131
person 0.0157 193 110 217 129
person 0.0127 192 87 219 120
person 0.0125 195 97 243 128
person 0.0123 179 81 213 108
person 0.0094 192 112 207 128
person 0.0049 96 42 379 245
person 0.0046 185 81 203 92
person 0.0036 259 107 289 133
person 0.0031 311 109 330 140
person 0.0031 178 83 202 103
person 0.0024 275 123 311 137
person 0.0023 232 93 259 114
person 0.0019 168 73 233 132
person 0.0016 184 82 250 127
person 0.0014 205 88 263 124
person 0.0014 250 107 278 133
person 0.0011 194 79 284 129
person 0.0011 162 93 213 132
person 0.0011 173 100 204 125
car 0.9914 99 66 375 256
car 0.0244 303 6 501 323
car 0.0124 59 30 520 297
car 0.0037 418 1 498 34
car 0.0020 306 52 396 97
car 0.0015 9 175 495 326
motorbike 0.0011 87 68 370 254
aeroplane 0.0013 326 15 499 296
bus 0.0010 96 42 379 245
