person 0.0708 208 180 220 197
person 0.0599 242 185 249 193
person 0.0343 220 184 232 196
person 0.0304 233 184 241 194
person 0.0253 65 181 73 200
person 0.0129 0 187 6 274
person 0.0127 248 186 258 194
person 0.0069 0 194 7 228
person 0.0065 61 185 69 200
person 0.0056 0 178 15 291
person 0.0056 240 179 251 193
person 0.0044 196 179 201 189
person 0.0040 221 177 233 193
person 0.0038 26 175 34 192
person 0.0037 287 203 296 215
person 0.0028 0 203 5 239
person 0.0028 202 183 216 196
person 0.0023 86 184 91 198
person 0.0023 420 198 433 222
person 0.0021 0 196 7 321
person 0.0021 216 181 236 199
person 0.0020 143 180 152 190
person 0.0017 17 173 33 193
person 0.0016 258 185 267 196
person 0.0015 23 187 40 195
person 0.0013 167 182 173 189
person 0.0013 470 178 480 189
person 0.0012 477 192 497 212
person 0.0011 489 190 500 235
person 0.0011 193 177 293 238
person 0.0011 0 183 7 202
person 0.0010 203 178 215 192
car 0.9666 339 191 436 231
car 0.9163 -1 194 72 261
car 0.7524 449 189 499 236
car 0.0805 287 203 296 215
car 0.0449 0 188 7 217
car 0.0359 0 187 6 254
car 0.0342 194 172 294 232
car 0.0306 0 203 5 239
car 0.0227 447 199 467 221
car 0.0219 134 194 142 210
car 0.0192 0 183 7 202
car 0.0177 360 188 437 217
car 0.0177 452 189 498 214
car 0.0139 0 178 5 302
car 0.0120 0 178 15 291
car 0.0120 451 197 479 223
car 0.0107 141 188 211 219
car 0.0097 0 188 49 215
car 0.0086 452 209 479 233
car 0.0073 41 189 61 199
car 0.0065 0 179 28 218
car 0.0059 416 190 435 211
car 0.0050 489 190 500 235
car 0.0047 32 189 56 199
car 0.0046 487 190 500 213
car 0.0046 0 193 11 229
car 0.0042 23 187 40 195
car 0.0042 444 206 470 232
car 0.0042 416 188 434 200
car 0.0040 470 185 500 220
car 0.0039 0 206 4 273
car 0.0034 8 182 38 198
car 0.0034 477 192 497 212
car 0.0034 0 170 8 196
car 0.0029 458 183 494 201
car 0.0028 163 186 174 191
car 0.0027 456 206 495 234
car 0.0026 1 193 68 230
car 0.0025 0 192 25 230
car 0.0024 17 173 33 193
car 0.0023 434 194 481 236
car 0.0021 0 193 26 266
car 0.0021 15 191 69 214
car 0.0020 61 185 69 200
car 0.0019 326 177 470 226
car 0.0019 103 189 115 196
car 0.0017 400 188 438 212
car 0.0016 21 186 64 201
car 0.0016 411 195 440 228
car 0.0016 473 181 498 201
car 0.0015 0 170 28 197
car 0.0015 285 200 298 217
car 0.0015 420 198 433 222
car 0.0014 404 186 434 202
car 0.0014 390 196 474 233
car 0.0014 481 190 502 236
car 0.0013 25 168 41 177
car 0.0013 471 202 499 236
car 0.0013 7 181 60 203
car 0.0012 70 183 89 200
car 0.0012 490 181 500 203
car 0.0011 0 165 6 183
car 0.0011 167 182 173 189
car 0.0011 136 188 142 197
car 0.0010 361 187 437 200
car 0.0010 444 204 455 221
car 0.0010 -1 164 30 303
car 0.0010 40 192 62 206
motorbike 0.0011 287 203 296 215
bus 0.0172 192 172 296 233
bus 0.0017 451 187 499 236
