person 0.0429 328 199 337 214
person 0.0074 464 195 471 206
person 0.0060 326 193 338 213
person 0.0050 321 145 328 155
person 0.0049 241 150 253 168
person 0.0049 435 191 459 207
person 0.0038 242 145 251 163
person 0.0036 220 191 232 214
person 0.0029 287 204 294 214
person 0.0027 263 197 278 217
person 0.0026 325 197 360 215
person 0.0018 246 151 258 169
person 0.0018 271 156 279 164
person 0.0016 258 133 274 146
person 0.0015 277 158 284 166
person 0.0010 230 191 243 214
car 0.0216 435 191 459 207
car 0.0046 464 195 471 206
car 0.0045 333 190 365 213
car 0.0021 325 197 360 215
car 0.0016 370 190 388 209
car 0.0015 93 213 110 221
car 0.0014 377 189 400 209
car 0.0014 102 214 118 220
aeroplane 0.9701 111 121 378 219
aeroplane 0.0123 323 189 364 213
aeroplane 0.0025 316 188 348 214
aeroplane 0.0025 411 149 499 209
aeroplane 0.0012 336 180 403 210
cow 0.0011 435 191 459 207
