person 0.0012 399 7 413 25
bird 0.0046 399 7 413 25
bird 0.0043 189 104 268 141
bird 0.0027 0 176 25 296
dog 0.0030 0 176 25 296
dog 0.0011 189 104 268 141
dog 0.0011 0 199 25 379
sheep 0.9682 129 121 285 242
sheep 0.9652 307 113 389 229
sheep 0.9591 351 168 501 359
sheep 0.9574 73 161 219 367
sheep 0.7698 193 102 272 140
sheep 0.1768 0 176 25 296
sheep 0.0438 0 199 25 379
sheep 0.0303 190 109 285 197
sheep 0.0278 478 176 500 364
sheep 0.0242 99 100 385 261
sheep 0.0203 0 71 27 287
sheep 0.0178 187 283 366 369
sheep 0.0147 -4 3 75 132
sheep 0.0125 493 166 500 200
sheep 0.0125 24 92 473 362
sheep 0.0124 445 175 499 367
sheep 0.0067 -1 168 49 363
sheep 0.0058 0 -2 66 283
sheep 0.0053 491 177 500 360
sheep 0.0049 130 119 185 164
sheep 0.0049 444 267 499 363
sheep 0.0043 491 165 500 239
sheep 0.0043 483 151 500 283
sheep 0.0040 175 95 298 150
sheep 0.0039 0 186 13 349
sheep 0.0031 198 109 308 242
sheep 0.0027 179 106 235 139
sheep 0.0026 136 120 181 135
sheep 0.0021 131 109 275 178
sheep 0.0018 39 280 374 373
sheep 0.0018 0 169 15 272
sheep 0.0017 0 102 49 293
sheep 0.0017 1 205 24 255
sheep 0.0017 352 117 391 195
sheep 0.0016 12 30 263 348
sheep 0.0015 477 268 500 358
sheep 0.0015 453 304 499 368
sheep 0.0014 362 99 496 290
sheep 0.0012 326 110 375 134
sheep 0.0012 0 238 9 376
sheep 0.0011 -1 163 105 366
sheep 0.0010 492 127 500 198
sheep 0.0010 0 -8 20 253
sheep 0.0010 260 92 406 233
cow 0.0025 343 168 498 368
cow 0.0010 0 176 25 296
