car 0.3330 17 56 468 251
car 0.0021 96 84 382 232
motorbike 0.0080 16 57 471 252
aeroplane 0.0132 16 57 471 252
bus 0.0583 16 57 467 250
train 0.0026 19 28 466 247
boat 0.0056 19 28 467 249
chair 0.0102 96 84 382 232
chair 0.0074 16 57 467 250
chair 0.0032 353 115 390 207
chair 0.0029 196 99 282 148
chair 0.0027 197 172 250 217
chair 0.0023 240 173 280 215
chair 0.0020 242 102 280 146
chair 0.0012 156 85 322 191
chair 0.0011 189 98 287 217
chair 0.0011 201 102 249 145
diningtable 0.0013 16 57 471 252
tvmonitor 0.0073 16 57 467 250
