person 0.0120 482 7 500 189
person 0.0088 390 3 500 197
person 0.0016 483 90 500 220
person 0.0014 484 78 500 356
cat 0.9762 155 116 478 369
cat 0.0092 483 75 500 201
cat 0.0017 484 81 500 312
cat 0.0012 477 5 500 191
cat 0.0011 483 133 500 192
dog 0.0172 152 122 480 372
dog 0.0139 483 75 500 201
dog 0.0033 484 81 500 312
dog 0.0029 477 5 500 191
dog 0.0016 432 4 500 192
chair 0.0184 361 5 437 119
chair 0.0156 248 1 423 126
chair 0.0133 137 44 342 174
chair 0.0126 374 3 501 131
chair 0.0105 2 -1 320 132
chair 0.0060 23 -6 465 386
chair 0.0022 139 112 469 370
chair 0.0021 67 -25 425 244
chair 0.0016 129 -1 446 138
chair 0.0013 480 -13 500 187
chair 0.0013 429 1 500 162
sofa 0.0034 -5 4 346 362
sofa 0.0033 -10 -1 301 121
sofa 0.0021 138 110 469 371
pottedplant 0.0014 -1 78 269 369
pottedplant 0.0010 0 228 249 367
diningtable 0.0638 2 -1 320 132
diningtable 0.0306 21 -36 466 413
diningtable 0.0035 139 112 469 370
diningtable 0.0016 0 15 285 350
diningtable 0.0011 67 -25 425 244
diningtable 0.0011 137 44 342 174
