bird 0.0013 457 90 489 127
cat 0.0015 457 92 488 131
bottle 0.0058 3 229 19 271
bottle 0.0029 450 204 493 260
bottle 0.0020 490 196 500 250
bottle 0.0017 441 110 454 125
bottle 0.0010 456 95 482 129
chair 0.9340 276 106 438 261
chair 0.6575 215 86 255 143
chair 0.0156 227 104 258 147
chair 0.0127 14 97 246 253
chair 0.0095 215 82 240 134
chair 0.0062 216 94 270 176
chair 0.0034 0 120 46 270
chair 0.0029 233 115 254 138
chair 0.0028 235 95 252 137
chair 0.0025 1 195 46 268
chair 0.0024 315 128 400 193
chair 0.0020 455 93 489 131
chair 0.0017 489 158 500 225
sofa 0.9798 14 98 260 253
sofa 0.5364 277 111 437 266
sofa 0.0022 309 165 500 370
sofa 0.0020 417 152 497 268
pottedplant 0.8156 243 113 319 177
pottedplant 0.5499 429 137 499 253
pottedplant 0.3251 455 91 489 125
pottedplant 0.1186 452 30 499 132
pottedplant 0.1093 476 105 500 181
pottedplant 0.0899 441 110 454 125
pottedplant 0.0776 241 133 273 179
pottedplant 0.0616 476 115 500 242
pottedplant 0.0506 477 35 500 201
pottedplant 0.0461 482 33 500 130
pottedplant 0.0287 434 33 500 257
pottedplant 0.0244 258 139 309 184
pottedplant 0.0159 241 133 268 161
pottedplant 0.0130 447 69 499 208
pottedplant 0.0118 438 89 457 126
pottedplant 0.0110 219 96 292 187
pottedplant 0.0097 229 112 259 155
pottedplant 0.0081 236 121 293 169
pottedplant 0.0075 456 177 490 227
pottedplant 0.0064 403 134 500 307
pottedplant 0.0054 456 85 492 163
pottedplant 0.0045 272 139 294 168
pottedplant 0.0041 233 143 259 162
pottedplant 0.0041 0 107 30 206
pottedplant 0.0037 232 127 262 163
pottedplant 0.0037 486 77 500 174
pottedplant 0.0036 245 145 267 176
pottedplant 0.0035 454 114 499 192
pottedplant 0.0035 261 140 287 168
pottedplant 0.0034 450 204 493 260
pottedplant 0.0033 252 133 273 159
pottedplant 0.0032 472 80 499 150
pottedplant 0.0030 486 18 500 99
pottedplant 0.0030 282 145 304 163
pottedplant 0.0030 489 65 500 126
pottedplant 0.0029 484 122 500 181
pottedplant 0.0024 443 175 491 248
pottedplant 0.0021 424 143 494 203
pottedplant 0.0020 0 4 23 195
pottedplant 0.0020 490 158 500 245
pottedplant 0.0019 279 118 321 167
pottedplant 0.0019 234 108 271 163
pottedplant 0.0019 489 206 500 252
pottedplant 0.0017 489 142 500 184
pottedplant 0.0017 441 99 472 128
pottedplant 0.0017 271 154 294 174
pottedplant 0.0015 473 10 500 107
pottedplant 0.0015 433 84 476 128
pottedplant 0.0015 490 34 500 81
pottedplant 0.0013 220 86 264 144
pottedplant 0.0013 483 181 500 252
pottedplant 0.0013 489 97 500 154
pottedplant 0.0012 492 153 500 192
pottedplant 0.0011 430 75 484 156
pottedplant 0.0010 0 66 47 250
pottedplant 0.0010 279 129 308 161
diningtable 0.1103 134 159 267 263
diningtable 0.0134 312 202 500 379
diningtable 0.0056 390 205 500 308
diningtable 0.0026 281 115 512 354
diningtable 0.0022 161 158 228 183
