person 0.0014 214 97 285 242
aeroplane 0.0017 214 97 285 242
bird 0.9284 214 97 285 242
bird 0.0104 213 99 258 215
bird 0.0071 417 68 427 93
bird 0.0067 216 98 255 162
bird 0.0042 220 99 253 133
bird 0.0041 401 64 407 73
bird 0.0028 246 120 255 134
bird 0.0021 403 63 411 75
bird 0.0016 177 77 357 255
bird 0.0015 58 -6 423 248
bird 0.0012 240 106 282 225
bird 0.0011 239 108 267 149
bird 0.0010 232 50 253 72
bird 0.0010 164 97 268 239
bird 0.0010 235 49 251 65
bird 0.0010 403 61 410 71
cat 0.0010 216 98 285 242
dog 0.0020 216 98 285 242
