person 0.6999 172 188 204 237
person 0.5646 343 134 390 169
person 0.3355 181 191 219 240
person 0.2614 203 172 216 192
person 0.1927 188 208 223 246
person 0.1780 184 191 204 213
person 0.1728 276 118 305 168
person 0.1410 75 188 81 197
person 0.0883 274 120 293 147
person 0.0631 72 188 78 197
person 0.0618 284 121 300 144
person 0.0605 303 123 323 162
person 0.0470 354 126 384 160
person 0.0378 204 174 223 202
person 0.0355 305 123 321 142
person 0.0241 479 184 486 197
person 0.0233 202 173 225 223
person 0.0203 205 203 224 236
person 0.0177 492 190 500 229
person 0.0162 148 192 170 209
person 0.0153 367 123 388 159
person 0.0127 200 192 227 242
person 0.0111 361 123 381 144
person 0.0106 194 182 221 220
person 0.0103 207 197 224 221
person 0.0099 297 121 333 165
person 0.0087 404 125 415 145
person 0.0081 340 127 361 159
person 0.0078 492 187 500 211
person 0.0077 143 82 421 258
person 0.0073 446 186 463 197
person 0.0068 460 181 474 197
person 0.0068 195 200 219 220
person 0.0064 247 147 259 169
person 0.0059 172 183 232 246
person 0.0058 491 183 499 201
person 0.0054 148 183 170 198
person 0.0050 268 121 285 164
person 0.0049 490 200 500 256
person 0.0048 290 124 316 162
person 0.0047 467 180 483 196
person 0.0041 229 166 236 178
person 0.0041 309 124 330 143
person 0.0040 261 119 328 182
person 0.0040 293 122 312 144
person 0.0040 61 192 82 205
person 0.0036 351 123 370 143
person 0.0036 218 176 226 202
person 0.0036 141 202 173 218
person 0.0035 403 127 418 171
person 0.0031 308 131 334 167
person 0.0030 270 120 283 148
person 0.0026 342 122 360 144
person 0.0025 156 195 174 209
person 0.0024 218 168 227 194
person 0.0021 138 183 164 200
person 0.0020 138 190 162 208
person 0.0018 84 186 96 197
person 0.0018 213 163 223 181
person 0.0017 423 183 434 195
person 0.0017 407 146 415 173
person 0.0017 136 180 145 200
person 0.0017 323 131 358 168
person 0.0016 73 190 87 202
person 0.0016 165 207 190 235
person 0.0016 364 137 390 164
person 0.0016 219 185 226 213
person 0.0015 376 124 398 160
person 0.0014 217 99 375 184
person 0.0014 139 205 175 235
person 0.0014 217 172 228 207
person 0.0013 219 162 230 181
person 0.0013 432 187 447 197
person 0.0013 310 123 351 164
person 0.0011 306 110 364 169
person 0.0011 315 122 399 188
person 0.0011 340 114 399 171
person 0.0010 52 189 89 213
person 0.0010 149 199 185 221
person 0.0010 297 135 312 166
person 0.0010 453 171 463 193
person 0.0010 91 176 327 245
person 0.0010 309 65 351 78
bicycle 0.0710 188 208 223 246
bicycle 0.0089 204 209 226 245
bicycle 0.0063 188 227 222 246
bicycle 0.0051 181 191 219 240
bicycle 0.0017 492 199 500 238
bicycle 0.0016 189 229 206 246
bicycle 0.0012 174 214 200 238
bicycle 0.0012 203 230 228 245
bicycle 0.0010 150 211 217 243
car 0.3198 435 186 461 198
car 0.1387 432 187 447 197
car 0.0188 464 174 483 191
car 0.0155 467 180 483 196
car 0.0153 423 183 434 195
car 0.0137 460 181 474 197
car 0.0125 491 183 499 201
car 0.0118 479 184 486 197
car 0.0105 148 183 170 198
car 0.0089 422 177 435 188
car 0.0076 492 187 500 211
car 0.0059 148 192 170 209
car 0.0057 426 185 450 199
car 0.0053 435 189 461 203
car 0.0042 138 183 164 200
car 0.0042 138 190 162 208
car 0.0041 428 190 446 204
car 0.0038 445 190 463 203
car 0.0033 456 178 478 198
car 0.0029 460 176 489 199
car 0.0023 492 190 500 229
car 0.0022 489 174 500 209
car 0.0018 425 173 446 190
car 0.0013 493 167 500 195
car 0.0013 421 173 438 191
car 0.0013 479 190 495 204
car 0.0012 421 179 438 198
car 0.0010 491 201 500 254
motorbike 0.0180 188 208 223 246
motorbike 0.0026 180 191 220 240
bus 0.8247 212 72 419 267
bus 0.0073 257 83 378 234
bus 0.0035 261 119 328 182
bus 0.0034 405 127 422 225
bus 0.0012 341 132 385 170
train 0.0055 208 65 424 262
dog 0.0027 189 209 222 245
bottle 0.0010 75 188 81 197
chair 0.0642 188 208 223 246
chair 0.0151 174 214 200 238
chair 0.0076 204 209 226 245
chair 0.0060 179 198 212 237
chair 0.0041 171 214 187 237
chair 0.0041 188 227 222 246
chair 0.0036 139 205 175 235
chair 0.0027 491 201 500 254
chair 0.0024 137 210 166 230
chair 0.0023 189 229 206 246
chair 0.0018 148 192 170 209
chair 0.0016 468 204 500 264
chair 0.0015 212 212 236 246
chair 0.0015 165 207 190 235
chair 0.0015 139 203 162 215
chair 0.0013 154 203 179 214
chair 0.0013 141 202 173 218
chair 0.0011 470 206 499 232
chair 0.0010 138 190 162 208
pottedplant 0.0020 475 231 499 265
pottedplant 0.0010 189 209 222 245
diningtable 0.1290 68 251 433 329
diningtable 0.0767 140 208 172 232
diningtable 0.0422 141 202 173 218
diningtable 0.0152 154 203 179 214
diningtable 0.0108 173 202 203 235
diningtable 0.0092 139 203 162 215
diningtable 0.0082 148 192 170 209
diningtable 0.0079 147 206 185 234
diningtable 0.0070 186 208 224 246
diningtable 0.0060 149 199 185 221
diningtable 0.0047 30 189 173 241
diningtable 0.0042 41 195 87 242
diningtable 0.0029 67 201 183 235
diningtable 0.0028 193 206 220 235
diningtable 0.0023 162 206 193 235
diningtable 0.0023 150 211 217 243
diningtable 0.0022 441 205 498 259
diningtable 0.0020 441 205 489 230
diningtable 0.0018 69 184 433 312
diningtable 0.0018 148 183 170 198
diningtable 0.0018 138 190 162 208
diningtable 0.0017 156 195 174 209
diningtable 0.0016 465 206 488 228
diningtable 0.0015 168 210 186 234
diningtable 0.0015 138 212 166 241
diningtable 0.0014 158 191 201 233
diningtable 0.0014 463 204 488 219
diningtable 0.0013 40 189 86 214
diningtable 0.0013 470 206 499 232
diningtable 0.0012 195 200 219 220
diningtable 0.0012 166 196 188 223
diningtable 0.0011 181 191 219 240
diningtable 0.0011 469 208 500 266
diningtable 0.0011 79 212 173 247
diningtable 0.0010 182 190 206 229
