person 0.9898 245 60 482 305
person 0.9234 143 67 274 315
person 0.7584 -7 14 287 364
person 0.5286 61 40 209 338
person 0.0479 104 135 154 268
person 0.0456 142 117 184 192
person 0.0097 0 13 15 347
person 0.0085 285 114 317 160
person 0.0076 101 41 388 343
person 0.0068 137 132 223 317
person 0.0055 164 70 271 221
person 0.0052 203 183 252 299
person 0.0043 134 85 196 213
person 0.0043 68 143 199 301
person 0.0042 266 120 284 166
person 0.0033 147 139 179 208
person 0.0030 119 110 201 282
person 0.0024 406 148 427 164
person 0.0023 0 -34 54 394
person 0.0020 208 195 342 324
person 0.0018 149 152 172 195
person 0.0017 96 154 232 356
person 0.0016 1 3 136 372
person 0.0015 136 114 184 155
person 0.0013 0 61 11 132
person 0.0013 106 80 184 238
person 0.0010 0 69 9 200
boat 0.0087 182 55 484 310
boat 0.0034 141 4 498 209
chair 0.9138 205 196 318 322
chair 0.2154 208 188 257 309
chair 0.0408 206 263 401 371
chair 0.0327 223 289 322 327
chair 0.0206 360 256 399 300
chair 0.0136 163 100 259 337
chair 0.0128 149 199 219 315
chair 0.0093 142 117 184 192
chair 0.0088 207 186 427 347
chair 0.0043 371 265 402 313
chair 0.0042 414 159 500 226
chair 0.0032 222 203 264 296
chair 0.0030 152 150 179 195
chair 0.0030 236 214 256 265
chair 0.0028 238 82 483 343
chair 0.0028 378 285 401 308
chair 0.0026 68 143 199 301
chair 0.0025 137 162 289 357
chair 0.0020 116 122 385 343
chair 0.0020 381 225 499 374
chair 0.0017 163 251 353 355
chair 0.0017 239 219 255 247
chair 0.0017 255 171 279 195
chair 0.0015 106 170 153 271
chair 0.0015 164 126 187 156
chair 0.0015 150 208 163 254
chair 0.0014 140 176 181 296
chair 0.0014 219 255 328 336
chair 0.0013 96 154 232 356
chair 0.0013 179 290 347 373
chair 0.0012 125 167 197 306
chair 0.0011 343 235 414 313
chair 0.0011 309 187 443 323
chair 0.0011 292 227 492 355
chair 0.0010 153 217 202 300
chair 0.0010 145 115 188 156
chair 0.0010 360 246 395 273
chair 0.0010 149 226 163 273
sofa 0.0011 389 221 500 373
pottedplant 0.3607 61 40 209 338
pottedplant 0.1562 105 121 154 272
pottedplant 0.0665 0 62 13 136
pottedplant 0.0572 0 13 279 364
pottedplant 0.0330 134 85 196 213
pottedplant 0.0176 139 109 188 173
pottedplant 0.0131 141 80 195 158
pottedplant 0.0103 106 80 184 238
pottedplant 0.0065 119 110 201 282
pottedplant 0.0055 83 34 173 286
pottedplant 0.0052 129 127 170 197
pottedplant 0.0051 147 139 179 208
pottedplant 0.0036 148 96 203 179
pottedplant 0.0027 0 44 14 234
pottedplant 0.0022 68 143 199 301
pottedplant 0.0021 0 -3 18 133
pottedplant 0.0020 0 56 25 137
pottedplant 0.0017 0 90 10 138
pottedplant 0.0017 9 9 170 279
pottedplant 0.0015 141 141 156 183
pottedplant 0.0013 137 132 223 317
pottedplant 0.0013 159 117 193 155
pottedplant 0.0012 433 116 457 154
pottedplant 0.0011 149 152 172 195
diningtable 0.6592 381 225 499 374
diningtable 0.0303 368 107 501 369
diningtable 0.0231 408 163 500 226
diningtable 0.0106 211 266 412 369
diningtable 0.0100 239 59 486 367
diningtable 0.0091 406 147 499 280
diningtable 0.0025 453 216 500 242
diningtable 0.0012 292 227 492 355
diningtable 0.0012 448 170 501 250
diningtable 0.0010 309 187 443 323
tvmonitor 0.0147 212 278 409 370
