person 0.9909 274 153 440 368
person 0.7563 -1 132 71 261
person 0.4213 120 123 157 168
person 0.1393 203 123 295 254
person 0.0667 -1 133 68 196
person 0.0472 106 125 173 247
person 0.0192 22 127 74 175
person 0.0173 105 123 157 187
person 0.0138 447 47 466 89
person 0.0135 230 62 260 108
person 0.0083 119 143 156 179
person 0.0063 177 59 198 99
person 0.0053 234 61 251 93
person 0.0051 249 70 280 104
person 0.0049 0 175 86 306
person 0.0043 163 57 205 102
person 0.0038 0 128 6 178
person 0.0033 444 0 467 91
person 0.0032 252 60 274 93
person 0.0029 240 71 267 105
person 0.0028 267 77 281 100
person 0.0025 0 134 11 191
person 0.0025 0 140 10 244
person 0.0023 374 230 453 293
person 0.0020 235 57 272 100
person 0.0020 106 164 172 298
person 0.0019 90 35 132 94
person 0.0019 0 158 11 186
person 0.0019 0 133 190 253
person 0.0018 104 150 173 197
person 0.0018 223 134 337 242
person 0.0017 0 133 27 170
person 0.0015 364 134 407 196
person 0.0014 0 139 28 247
person 0.0014 0 171 6 310
person 0.0013 254 58 269 74
person 0.0013 173 124 383 259
person 0.0011 46 120 288 258
person 0.0011 0 157 17 271
person 0.0011 139 87 359 228
person 0.0010 0 132 18 221
person 0.0010 104 40 115 57
person 0.0010 39 104 447 335
bicycle 0.0118 237 79 268 108
bicycle 0.0025 246 78 282 108
bicycle 0.0020 229 64 280 106
motorbike 0.0018 232 67 274 107
horse 0.0035 229 64 280 106
bottle 0.0014 152 157 161 168
chair 0.9839 265 232 374 375
chair 0.9828 106 164 172 298
chair 0.9634 29 221 151 377
chair 0.7993 -1 176 67 307
chair 0.0416 273 162 434 374
chair 0.0304 272 143 333 172
chair 0.0183 277 146 308 165
chair 0.0124 -1 236 86 302
chair 0.0091 0 169 18 307
chair 0.0090 0 176 5 320
chair 0.0076 242 144 271 157
chair 0.0069 271 242 319 373
chair 0.0068 31 245 89 293
chair 0.0067 0 158 11 186
chair 0.0055 270 144 333 206
chair 0.0047 0 143 17 245
chair 0.0044 0 212 14 334
chair 0.0043 89 171 107 195
chair 0.0041 0 132 71 260
chair 0.0041 37 289 148 372
chair 0.0039 119 123 158 168
chair 0.0038 274 337 366 375
chair 0.0037 110 166 167 238
chair 0.0036 0 174 11 248
chair 0.0035 240 147 292 253
chair 0.0035 384 353 411 375
chair 0.0029 201 119 293 263
chair 0.0028 261 300 384 374
chair 0.0027 0 151 12 213
chair 0.0023 300 216 374 327
chair 0.0023 103 164 113 199
chair 0.0023 408 311 452 376
chair 0.0020 0 119 9 166
chair 0.0020 0 177 27 247
chair 0.0019 -1 127 18 185
chair 0.0018 292 143 332 162
chair 0.0017 88 161 112 270
chair 0.0017 0 170 50 255
chair 0.0017 274 134 291 149
chair 0.0016 339 231 382 253
chair 0.0016 90 165 107 179
chair 0.0016 0 147 8 180
chair 0.0015 272 144 297 162
chair 0.0015 25 237 110 355
chair 0.0015 0 242 5 314
chair 0.0015 22 179 62 224
chair 0.0015 276 256 347 339
chair 0.0014 0 230 6 385
chair 0.0013 105 161 117 181
chair 0.0012 71 160 106 272
chair 0.0012 0 178 6 225
chair 0.0012 77 143 191 314
chair 0.0012 16 153 69 229
chair 0.0011 107 224 151 295
chair 0.0011 272 240 297 358
chair 0.0011 106 128 174 220
chair 0.0011 22 127 74 175
chair 0.0011 292 139 333 147
chair 0.0011 92 140 119 254
chair 0.0011 0 215 3 284
chair 0.0010 0 139 24 206
chair 0.0010 332 137 348 188
chair 0.0010 379 335 415 375
chair 0.0010 126 151 149 169
sofa 0.0068 203 123 295 254
sofa 0.0026 272 143 333 172
sofa 0.0017 269 143 334 207
sofa 0.0015 273 162 434 374
sofa 0.0015 223 134 337 242
sofa 0.0011 239 142 293 244
pottedplant 0.0017 364 134 407 196
pottedplant 0.0010 157 58 182 95
diningtable 0.0028 107 157 173 289
diningtable 0.0026 203 123 295 254
diningtable 0.0022 104 150 173 197
diningtable 0.0014 1 143 83 308
diningtable 0.0011 266 156 419 368
tvmonitor 0.9779 417 159 462 246
tvmonitor 0.8774 363 136 408 207
tvmonitor 0.7929 25 125 75 165
tvmonitor 0.2788 108 124 149 163
tvmonitor 0.0985 108 124 127 159
tvmonitor 0.0478 340 128 380 194
tvmonitor 0.0246 336 121 406 203
tvmonitor 0.0200 0 119 9 166
tvmonitor 0.0106 179 121 208 169
tvmonitor 0.0065 444 11 501 363
tvmonitor 0.0054 -1 127 18 185
tvmonitor 0.0047 357 132 445 234
tvmonitor 0.0027 408 311 452 376
tvmonitor 0.0023 118 126 160 175
tvmonitor 0.0023 332 137 348 188
tvmonitor 0.0020 407 125 462 184
tvmonitor 0.0014 -1 133 68 196
tvmonitor 0.0014 0 134 27 170
tvmonitor 0.0013 374 150 401 192
tvmonitor 0.0013 155 147 180 165
tvmonitor 0.0012 89 34 133 94
tvmonitor 0.0011 122 123 152 151
tvmonitor 0.0010 93 140 106 149
