person 0.9526 -3 1 346 338
person 0.0011 29 76 531 259
boat 0.0013 441 165 475 183
boat 0.0011 225 188 244 199
bird 0.0020 468 164 484 173
bird 0.0016 494 183 500 194
bird 0.0014 219 218 235 227
bird 0.0013 225 190 243 203
bird 0.0011 440 164 455 179
dog 0.0135 183 218 233 249
dog 0.0093 225 190 243 203
dog 0.0063 443 168 474 187
dog 0.0036 366 174 389 190
dog 0.0033 440 164 455 179
dog 0.0032 393 231 462 276
dog 0.0024 468 164 484 173
dog 0.0014 295 184 309 194
dog 0.0011 219 218 235 227
horse 0.0494 443 168 474 187
horse 0.0164 225 190 243 203
horse 0.0146 440 164 455 179
horse 0.0077 366 174 389 190
horse 0.0032 468 164 484 173
horse 0.0021 393 231 462 276
horse 0.0013 182 218 233 249
horse 0.0013 295 184 309 194
sheep 0.9897 282 212 360 265
sheep 0.9799 393 228 462 273
sheep 0.9480 366 174 389 190
sheep 0.8429 182 218 233 249
sheep 0.8355 295 184 309 194
sheep 0.6301 225 188 244 199
sheep 0.5787 441 165 475 183
sheep 0.4377 468 164 484 173
sheep 0.3014 440 164 455 179
sheep 0.2159 406 169 429 179
sheep 0.0588 468 162 485 168
sheep 0.0394 302 184 320 192
sheep 0.0376 369 263 385 272
sheep 0.0244 403 172 416 183
sheep 0.0236 494 183 500 194
sheep 0.0180 219 218 235 227
sheep 0.0168 493 171 500 193
sheep 0.0123 216 220 236 232
sheep 0.0123 471 165 495 172
sheep 0.0119 227 165 491 231
sheep 0.0101 465 163 488 178
sheep 0.0077 492 166 500 176
sheep 0.0061 313 189 331 195
sheep 0.0057 222 153 491 199
sheep 0.0051 370 163 498 192
sheep 0.0050 291 182 316 197
sheep 0.0050 -1 69 492 331
sheep 0.0043 325 189 336 195
sheep 0.0043 440 169 454 185
sheep 0.0038 305 181 318 187
sheep 0.0035 295 180 310 189
sheep 0.0033 178 174 381 214
sheep 0.0028 465 293 487 304
sheep 0.0028 237 183 497 286
sheep 0.0027 466 160 487 170
sheep 0.0026 399 170 420 185
sheep 0.0026 212 218 237 239
sheep 0.0025 381 207 489 279
sheep 0.0025 413 169 438 179
sheep 0.0022 298 183 322 194
sheep 0.0022 467 165 503 194
sheep 0.0020 55 140 514 278
sheep 0.0018 105 132 467 216
sheep 0.0016 408 171 443 183
sheep 0.0015 426 162 483 190
sheep 0.0015 371 166 500 246
sheep 0.0014 490 177 500 202
sheep 0.0014 409 234 445 262
sheep 0.0014 478 292 488 301
sheep 0.0013 183 221 215 242
sheep 0.0012 279 212 325 261
sheep 0.0012 390 230 429 269
sheep 0.0011 486 166 501 195
sheep 0.0010 247 192 389 244
sheep 0.0010 390 169 428 187
sheep 0.0010 495 155 500 171
sheep 0.0010 257 188 271 195
sheep 0.0010 330 186 352 195
cow 0.0942 182 218 233 249
cow 0.0908 225 190 243 203
cow 0.0538 441 165 474 183
cow 0.0325 366 174 389 190
cow 0.0239 440 164 455 179
cow 0.0238 295 184 309 194
cow 0.0144 392 230 463 273
cow 0.0121 468 164 484 173
cow 0.0108 406 169 429 179
cow 0.0040 282 213 358 263
cow 0.0038 219 218 235 227
cow 0.0023 223 185 246 200
cow 0.0023 468 162 485 168
