person 0.1104 205 262 212 278
person 0.0283 335 263 343 274
person 0.0231 357 264 368 274
person 0.0207 478 259 486 280
person 0.0141 473 260 484 280
person 0.0123 385 250 392 263
person 0.0083 364 279 377 296
person 0.0076 1 272 8 283
person 0.0071 385 245 393 259
person 0.0067 269 264 278 270
person 0.0065 0 265 6 275
person 0.0053 142 272 152 282
person 0.0053 383 264 393 274
person 0.0053 353 280 371 295
person 0.0050 269 272 279 288
person 0.0048 229 266 236 275
person 0.0048 376 252 386 262
person 0.0048 257 262 268 271
person 0.0037 178 261 193 276
person 0.0036 12 265 19 273
person 0.0031 362 264 372 274
person 0.0030 445 245 452 256
person 0.0029 403 285 417 296
person 0.0025 442 251 454 264
person 0.0021 225 267 232 275
person 0.0021 261 271 271 288
person 0.0020 371 279 384 295
person 0.0020 365 254 373 262
person 0.0017 369 265 391 275
person 0.0016 431 254 445 267
person 0.0014 378 247 386 259
person 0.0014 403 290 417 300
person 0.0014 209 262 215 277
person 0.0013 346 277 375 298
person 0.0013 468 261 488 293
person 0.0013 277 264 292 269
person 0.0012 0 297 7 355
person 0.0012 258 252 270 270
person 0.0012 263 271 283 289
person 0.0011 251 264 262 274
person 0.0011 66 264 76 274
person 0.0011 70 271 76 287
person 0.0011 321 263 343 275
person 0.0010 0 285 10 369
bicycle 0.0012 1 272 8 283
car 0.9972 280 273 457 339
car 0.9965 210 268 337 329
car 0.9879 69 262 210 319
car 0.9681 429 271 500 350
car 0.9444 0 283 61 375
car 0.3706 0 353 224 375
car 0.1904 163 262 191 276
car 0.0644 -2 320 224 377
car 0.0152 334 264 367 275
car 0.0126 178 261 193 276
car 0.0103 0 265 6 275
car 0.0101 357 264 368 274
car 0.0096 56 262 72 273
car 0.0084 66 264 76 274
car 0.0069 431 254 445 267
car 0.0062 0 289 24 373
car 0.0057 1 272 8 283
car 0.0056 490 249 500 270
car 0.0056 474 271 499 351
car 0.0048 -5 349 227 435
car 0.0047 442 251 454 264
car 0.0046 -4 261 220 370
car 0.0040 369 265 391 275
car 0.0035 12 265 19 273
car 0.0031 472 253 499 269
car 0.0028 135 262 184 278
car 0.0027 164 259 176 266
car 0.0025 491 275 500 356
car 0.0024 35 265 45 274
car 0.0023 16 264 28 272
car 0.0022 391 274 473 309
car 0.0021 309 267 335 275
car 0.0021 269 264 278 270
car 0.0019 490 257 500 277
car 0.0019 155 262 209 288
car 0.0018 467 257 484 266
car 0.0018 165 258 188 266
car 0.0018 491 242 500 259
car 0.0017 -9 257 438 340
car 0.0017 70 271 76 287
car 0.0017 335 263 343 274
car 0.0016 186 281 210 310
car 0.0015 10 232 486 308
car 0.0014 160 267 210 310
car 0.0014 491 264 500 292
car 0.0013 0 285 10 369
car 0.0013 352 262 369 275
car 0.0012 50 272 72 288
car 0.0012 28 266 40 274
car 0.0011 37 262 69 273
car 0.0011 494 272 500 322
car 0.0010 476 258 490 282
car 0.0010 328 269 373 287
car 0.0010 277 264 292 269
car 0.0010 42 255 50 264
car 0.0010 328 272 356 281
car 0.0010 22 254 30 264
car 0.0010 383 264 393 274
car 0.0010 40 339 236 374
car 0.0010 318 260 366 276
motorbike 0.0013 1 272 8 283
bus 0.0016 0 353 224 375
bus 0.0014 163 262 191 276
bus 0.0012 71 263 207 316
bird 0.0019 25 93 33 103
pottedplant 0.0072 270 246 298 268
pottedplant 0.0061 409 253 426 266
pottedplant 0.0040 252 241 303 274
pottedplant 0.0022 445 201 463 227
pottedplant 0.0022 448 210 461 230
pottedplant 0.0014 258 252 270 270
pottedplant 0.0012 401 253 420 265
pottedplant 0.0011 262 249 285 269
pottedplant 0.0011 431 254 445 267
pottedplant 0.0010 254 248 274 271
