person 0.9898 384 175 418 259
person 0.3312 419 187 436 216
person 0.0235 429 191 439 216
person 0.0207 422 185 431 204
person 0.0084 418 200 439 219
person 0.0076 83 48 96 61
person 0.0074 464 201 473 216
person 0.0065 320 192 342 204
person 0.0058 425 187 443 218
person 0.0057 464 199 472 210
person 0.0044 415 182 442 221
person 0.0042 415 193 426 213
person 0.0031 415 204 424 215
person 0.0029 390 190 410 234
person 0.0028 0 187 11 239
person 0.0027 0 85 9 107
person 0.0020 461 202 476 237
person 0.0017 435 185 442 201
person 0.0016 409 190 429 229
person 0.0014 84 48 95 55
person 0.0014 0 80 8 97
person 0.0013 398 191 417 234
person 0.0012 400 187 438 232
person 0.0011 466 202 480 219
person 0.0010 0 44 4 73
person 0.0010 0 84 32 112
bicycle 0.1335 418 200 439 219
bicycle 0.0685 419 187 436 216
bicycle 0.0144 429 199 439 219
bicycle 0.0065 415 204 424 215
bicycle 0.0053 428 189 440 217
bicycle 0.0036 424 197 444 221
bicycle 0.0026 415 182 442 221
bicycle 0.0018 415 193 426 213
bicycle 0.0016 409 190 429 229
car 0.0200 392 134 421 153
car 0.0058 392 146 406 156
car 0.0029 404 137 429 152
car 0.0029 0 187 11 239
car 0.0027 380 127 420 159
car 0.0023 388 132 407 142
car 0.0021 386 132 449 154
car 0.0019 1 212 82 254
car 0.0017 65 223 76 238
car 0.0014 0 166 9 218
car 0.0013 395 143 418 158
car 0.0012 0 188 22 236
car 0.0010 46 220 76 242
motorbike 0.0229 418 199 439 219
motorbike 0.0189 419 187 437 216
motorbike 0.0018 429 199 439 219
motorbike 0.0015 415 204 424 215
motorbike 0.0013 428 189 440 217
bird 0.0036 164 258 186 277
bird 0.0025 252 248 256 253
bird 0.0022 157 257 200 302
bird 0.0021 418 200 439 219
bird 0.0016 429 199 439 219
bird 0.0016 419 187 436 216
dog 0.0025 418 200 439 219
dog 0.0015 419 187 436 216
horse 0.0025 418 200 439 219
horse 0.0014 419 187 436 216
chair 0.0599 39 113 69 139
chair 0.0258 60 111 83 140
chair 0.0055 38 104 49 123
chair 0.0050 37 112 51 137
chair 0.0031 116 168 139 192
chair 0.0030 30 110 59 138
chair 0.0028 419 187 436 216
chair 0.0024 41 123 63 140
chair 0.0023 0 187 11 239
chair 0.0018 32 102 54 129
chair 0.0017 0 88 44 142
chair 0.0016 18 89 45 121
chair 0.0014 0 207 10 253
chair 0.0012 157 257 200 302
chair 0.0011 39 105 63 130
chair 0.0010 418 200 439 219
pottedplant 0.9652 103 257 239 365
pottedplant 0.4077 0 86 43 121
pottedplant 0.3829 0 237 72 309
pottedplant 0.0940 49 140 112 201
pottedplant 0.0356 0 187 18 245
pottedplant 0.0336 156 255 207 299
pottedplant 0.0298 2 131 119 232
pottedplant 0.0268 62 246 117 296
pottedplant 0.0176 124 295 230 367
pottedplant 0.0162 5 85 37 109
pottedplant 0.0161 0 85 9 107
pottedplant 0.0125 12 242 118 298
pottedplant 0.0111 0 179 10 226
pottedplant 0.0099 178 268 212 288
pottedplant 0.0093 0 211 61 254
pottedplant 0.0088 157 263 236 317
pottedplant 0.0082 184 269 206 284
pottedplant 0.0081 18 89 45 120
pottedplant 0.0069 158 257 182 277
pottedplant 0.0066 0 201 11 259
pottedplant 0.0065 0 114 64 260
pottedplant 0.0062 92 250 115 267
pottedplant 0.0057 10 103 36 122
pottedplant 0.0052 0 234 20 307
pottedplant 0.0051 45 134 117 265
pottedplant 0.0046 -1 189 67 280
pottedplant 0.0046 110 263 173 322
pottedplant 0.0046 114 260 176 290
pottedplant 0.0045 82 139 116 202
pottedplant 0.0044 65 246 97 276
pottedplant 0.0040 0 91 47 155
pottedplant 0.0036 0 235 10 302
pottedplant 0.0031 0 205 24 254
pottedplant 0.0030 118 255 197 304
pottedplant 0.0029 104 168 121 194
pottedplant 0.0029 9 299 111 373
pottedplant 0.0027 0 179 22 227
pottedplant 0.0027 0 80 8 97
pottedplant 0.0026 88 238 123 273
pottedplant 0.0025 0 115 16 241
pottedplant 0.0024 0 87 14 121
pottedplant 0.0024 -3 243 103 354
pottedplant 0.0021 0 64 10 111
pottedplant 0.0020 41 245 101 293
pottedplant 0.0020 0 95 5 134
pottedplant 0.0020 14 128 151 303
pottedplant 0.0019 47 258 74 297
pottedplant 0.0018 320 192 342 204
pottedplant 0.0018 110 228 235 326
pottedplant 0.0017 37 133 109 179
pottedplant 0.0017 -3 75 54 131
pottedplant 0.0016 18 224 170 305
pottedplant 0.0016 92 239 114 264
pottedplant 0.0015 0 70 31 107
pottedplant 0.0015 0 84 8 144
pottedplant 0.0014 39 210 87 258
pottedplant 0.0014 15 97 49 131
pottedplant 0.0014 2 83 28 94
pottedplant 0.0013 0 206 26 294
pottedplant 0.0013 0 222 9 277
pottedplant 0.0013 0 106 4 143
pottedplant 0.0012 0 44 4 73
pottedplant 0.0012 70 150 111 210
pottedplant 0.0011 2 102 29 123
pottedplant 0.0011 0 182 47 240
pottedplant 0.0011 0 148 9 219
pottedplant 0.0011 98 254 156 290
pottedplant 0.0011 40 166 62 199
pottedplant 0.0010 156 259 183 297
pottedplant 0.0010 145 265 195 308
pottedplant 0.0010 165 259 207 281
diningtable 0.0015 39 113 69 138
diningtable 0.0015 0 187 11 239
diningtable 0.0010 0 207 10 253
