person 0.9690 327 158 497 376
person 0.9540 0 130 90 376
person 0.9529 243 157 339 374
person 0.9189 167 104 261 371
person 0.9124 66 139 185 376
person 0.0322 323 192 431 382
person 0.0298 0 132 90 235
person 0.0170 163 146 358 375
person 0.0060 89 117 271 387
person 0.0051 423 153 453 177
person 0.0045 0 126 16 380
person 0.0037 71 89 442 374
person 0.0022 0 126 6 295
person 0.0016 484 164 500 381
person 0.0015 494 188 500 350
person 0.0012 60 328 87 374
person 0.0012 241 198 405 382
person 0.0010 0 169 4 370
tvmonitor 0.0104 21 69 103 135
