person 0.9882 24 11 452 370
person 0.0013 0 154 97 380
chair 0.0237 6 60 441 372
chair 0.0175 1 154 96 370
chair 0.0077 0 149 68 285
chair 0.0032 2 298 98 372
chair 0.0012 -4 134 207 373
sofa 0.0176 1 149 96 364
sofa 0.0096 6 60 441 372
sofa 0.0044 0 149 68 285
sofa 0.0018 3 130 170 347
diningtable 0.0834 1 154 96 370
diningtable 0.0061 -1 156 69 282
diningtable 0.0059 0 260 97 374
diningtable 0.0042 6 60 441 372
diningtable 0.0018 0 91 172 359
diningtable 0.0010 0 265 64 326
tvmonitor 0.0020 10 2 314 126
