person 0.9661 325 170 385 229
person 0.9605 438 174 500 245
person 0.9281 116 159 201 325
person 0.8980 202 175 250 234
person 0.8017 374 189 482 366
person 0.7887 454 207 499 299
person 0.7474 262 189 328 232
person 0.3152 30 147 55 204
person 0.2783 51 176 72 210
person 0.0934 50 176 62 208
person 0.0728 298 189 325 216
person 0.0721 448 205 499 375
person 0.0609 296 189 333 233
person 0.0518 153 198 496 260
person 0.0448 334 195 365 228
person 0.0354 43 177 476 288
person 0.0265 312 193 333 231
person 0.0255 99 210 431 321
person 0.0252 245 167 417 229
person 0.0225 350 264 455 374
person 0.0180 134 167 189 265
person 0.0168 12 154 497 235
person 0.0164 325 191 339 212
person 0.0149 312 193 331 213
person 0.0145 340 196 356 227
person 0.0136 163 194 178 235
person 0.0129 143 189 518 357
person 0.0113 469 202 500 280
person 0.0111 337 199 350 227
person 0.0106 490 175 500 247
person 0.0089 326 192 338 227
person 0.0086 264 185 364 244
person 0.0081 51 175 60 194
person 0.0079 494 204 500 258
person 0.0069 45 167 61 202
person 0.0068 288 192 318 228
person 0.0064 492 200 500 280
person 0.0061 117 159 200 229
person 0.0059 478 175 500 249
person 0.0055 292 181 500 273
person 0.0048 46 174 85 213
person 0.0045 386 185 501 258
person 0.0038 54 174 65 196
person 0.0032 300 195 324 244
person 0.0031 295 192 377 234
person 0.0030 387 189 442 229
person 0.0029 296 161 499 231
person 0.0028 440 211 493 271
person 0.0028 489 212 501 303
person 0.0024 224 208 244 234
person 0.0022 191 206 259 268
person 0.0021 65 195 78 210
person 0.0020 474 204 500 239
person 0.0019 170 203 274 303
person 0.0018 32 147 53 181
person 0.0017 487 172 500 212
person 0.0016 271 197 313 243
person 0.0016 28 167 75 222
person 0.0016 210 198 242 243
person 0.0015 36 152 88 210
person 0.0014 450 235 479 267
person 0.0013 478 197 498 224
person 0.0012 226 219 427 377
person 0.0012 0 148 3 199
person 0.0012 479 210 504 292
person 0.0011 485 198 501 264
person 0.0011 165 194 186 240
person 0.0011 35 172 55 208
person 0.0010 0 152 109 226
person 0.0010 232 216 398 252
person 0.0010 209 184 277 237
bird 0.0025 0 106 4 118
bird 0.0014 51 176 72 210
bird 0.0014 65 195 78 210
cat 0.0011 50 176 80 210
dog 0.0060 50 176 80 210
dog 0.0015 30 147 55 204
bottle 0.0328 355 221 364 236
bottle 0.0219 241 221 252 236
bottle 0.0216 356 220 364 228
bottle 0.0172 328 223 338 241
bottle 0.0155 241 214 251 232
bottle 0.0135 309 224 318 240
bottle 0.0114 339 203 348 233
bottle 0.0110 348 223 356 239
bottle 0.0088 315 202 330 239
bottle 0.0080 344 231 352 245
bottle 0.0080 300 228 308 248
bottle 0.0077 339 220 347 242
bottle 0.0066 299 223 309 241
bottle 0.0063 288 232 302 250
bottle 0.0060 327 207 336 233
bottle 0.0053 65 195 78 210
bottle 0.0052 226 209 240 232
bottle 0.0049 317 218 328 242
bottle 0.0045 223 220 230 237
bottle 0.0038 279 215 292 229
bottle 0.0038 340 232 348 245
bottle 0.0036 308 210 319 232
bottle 0.0036 51 176 71 210
bottle 0.0036 345 207 352 231
bottle 0.0034 289 220 299 241
bottle 0.0031 223 208 231 234
bottle 0.0031 307 229 319 248
bottle 0.0026 264 216 283 230
bottle 0.0026 226 221 239 236
bottle 0.0025 352 219 367 242
bottle 0.0024 285 215 297 230
bottle 0.0023 41 185 475 273
bottle 0.0021 300 195 324 244
bottle 0.0018 368 192 471 362
bottle 0.0018 351 232 370 245
bottle 0.0016 327 230 339 246
bottle 0.0015 50 176 61 207
bottle 0.0015 234 211 255 234
bottle 0.0015 363 225 378 237
bottle 0.0014 246 218 260 230
bottle 0.0013 317 228 327 248
bottle 0.0011 451 236 463 244
bottle 0.0011 247 221 262 237
bottle 0.0010 293 214 311 230
bottle 0.0010 192 221 204 241
chair 0.9887 275 249 353 366
chair 0.9881 189 259 284 373
chair 0.7724 351 272 455 377
chair 0.5409 108 225 141 323
chair 0.2485 357 267 383 370
chair 0.2006 114 268 143 324
chair 0.1141 110 175 182 327
chair 0.0782 377 350 454 375
chair 0.0686 107 227 120 308
chair 0.0441 354 271 403 377
chair 0.0255 107 226 120 270
chair 0.0255 362 320 455 373
chair 0.0195 226 219 427 377
chair 0.0171 169 234 331 373
chair 0.0133 361 269 379 324
chair 0.0130 111 229 166 328
chair 0.0091 110 261 132 315
chair 0.0042 30 147 55 204
chair 0.0042 100 199 153 320
chair 0.0041 364 204 498 372
chair 0.0037 122 267 170 327
chair 0.0037 447 294 500 377
chair 0.0036 54 193 73 211
chair 0.0036 256 188 315 233
chair 0.0032 127 272 147 324
chair 0.0032 325 191 339 212
chair 0.0032 164 229 559 369
chair 0.0032 351 317 388 375
chair 0.0031 113 213 414 317
chair 0.0031 324 188 339 201
chair 0.0030 208 179 256 237
chair 0.0027 109 211 131 267
chair 0.0024 431 212 442 229
chair 0.0022 65 195 78 210
chair 0.0022 119 287 141 322
chair 0.0018 332 258 392 374
chair 0.0017 493 250 499 290
chair 0.0017 453 240 501 314
chair 0.0016 98 226 126 310
chair 0.0016 323 182 385 235
chair 0.0014 448 205 499 375
chair 0.0013 41 185 475 273
chair 0.0013 157 287 180 309
chair 0.0012 356 220 364 228
chair 0.0012 72 196 85 210
chair 0.0012 384 338 487 375
chair 0.0012 452 242 477 258
chair 0.0011 493 334 500 376
chair 0.0010 134 261 189 325
chair 0.0010 429 199 439 226
pottedplant 0.0765 129 98 194 146
pottedplant 0.0441 315 202 330 239
pottedplant 0.0432 65 195 78 210
pottedplant 0.0423 165 100 191 149
pottedplant 0.0332 179 143 192 167
pottedplant 0.0320 50 176 80 210
pottedplant 0.0289 123 97 203 178
pottedplant 0.0183 296 189 333 233
pottedplant 0.0168 177 124 193 167
pottedplant 0.0124 54 192 74 211
pottedplant 0.0078 316 217 328 243
pottedplant 0.0071 179 121 190 152
pottedplant 0.0055 173 122 194 191
pottedplant 0.0041 138 101 179 126
pottedplant 0.0037 177 102 191 148
pottedplant 0.0036 232 216 398 252
pottedplant 0.0024 127 159 201 241
pottedplant 0.0023 312 193 333 231
pottedplant 0.0021 172 116 186 152
pottedplant 0.0019 283 215 355 252
pottedplant 0.0016 72 196 85 210
pottedplant 0.0016 111 142 127 166
pottedplant 0.0015 309 224 318 240
pottedplant 0.0014 264 185 364 244
pottedplant 0.0012 146 221 417 262
diningtable 0.6160 157 221 400 307
diningtable 0.3584 441 278 502 377
diningtable 0.1136 145 201 515 330
diningtable 0.0933 449 208 499 372
diningtable 0.0690 374 196 487 378
diningtable 0.0571 146 221 417 262
diningtable 0.0560 271 237 357 363
diningtable 0.0359 226 219 427 377
diningtable 0.0319 153 198 496 260
diningtable 0.0244 232 216 398 252
diningtable 0.0126 452 242 477 258
diningtable 0.0106 169 234 331 373
diningtable 0.0092 455 213 499 301
diningtable 0.0079 453 245 474 272
diningtable 0.0078 190 264 284 369
diningtable 0.0078 450 235 479 267
diningtable 0.0063 350 264 455 374
diningtable 0.0061 298 219 405 247
diningtable 0.0044 160 227 321 276
diningtable 0.0040 364 194 497 276
diningtable 0.0028 283 215 355 252
diningtable 0.0027 470 276 500 341
diningtable 0.0024 74 172 448 362
diningtable 0.0023 450 258 500 341
diningtable 0.0019 440 211 493 271
diningtable 0.0018 344 229 375 248
diningtable 0.0017 236 216 432 291
diningtable 0.0015 455 235 474 247
diningtable 0.0015 0 179 109 264
diningtable 0.0015 455 254 471 282
diningtable 0.0014 318 226 365 250
diningtable 0.0014 401 249 502 378
diningtable 0.0013 215 223 309 259
diningtable 0.0013 342 220 399 249
diningtable 0.0012 435 175 502 262
diningtable 0.0011 205 236 266 261
diningtable 0.0011 308 225 335 252
diningtable 0.0010 467 291 500 378
diningtable 0.0010 103 213 320 315
