person 0.0238 33 137 37 145
person 0.0062 13 117 18 123
person 0.0029 412 63 426 78
person 0.0020 38 137 46 145
person 0.0019 32 140 38 148
person 0.0011 415 61 435 77
person 0.0010 0 143 7 149
car 0.0083 32 98 55 103
car 0.0059 48 96 58 102
car 0.0021 13 117 18 123
car 0.0021 74 95 88 100
car 0.0016 0 143 7 149
car 0.0014 20 105 28 110
car 0.0011 75 90 89 95
car 0.0011 20 98 47 105
car 0.0010 87 89 95 94
train 0.8776 21 32 490 157
train 0.0044 -3 143 71 171
train 0.0022 32 98 55 103
train 0.0018 -2 129 33 148
train 0.0016 0 77 58 112
train 0.0015 2 83 85 170
train 0.0014 -1 80 57 150
train 0.0013 20 98 47 105
train 0.0011 -1 107 30 159
train 0.0011 8 92 18 105
train 0.0010 -8 73 71 90
train 0.0010 1 134 27 145
train 0.0010 48 96 58 102
train 0.0010 15 98 31 106
