person 0.0011 394 1 498 320
person 0.0010 46 59 94 122
bicycle 0.0055 392 1 500 186
bicycle 0.0032 -14 -5 525 329
bicycle 0.0015 33 43 88 68
bicycle 0.0011 315 -2 501 327
car 0.1149 392 1 500 186
car 0.0092 315 0 498 253
car 0.0016 137 -2 511 255
car 0.0016 395 17 497 366
motorbike 0.1258 393 -1 498 255
motorbike 0.0143 315 -2 501 327
motorbike 0.0026 131 -8 516 325
motorbike 0.0025 394 -1 500 122
motorbike 0.0019 239 -1 503 190
aeroplane 0.0010 -26 -5 536 327
bus 0.0079 392 2 500 186
train 0.0023 395 0 502 194
boat 0.0012 399 5 499 263
bottle 0.9686 39 183 107 295
bottle 0.1284 67 169 115 255
bottle 0.0525 70 170 107 215
bottle 0.0050 38 46 93 121
bottle 0.0046 65 167 135 292
bottle 0.0023 80 192 119 263
bottle 0.0019 16 124 115 296
bottle 0.0015 30 166 156 310
diningtable 0.0043 -14 -5 525 329
