person 0.9931 300 192 333 339
person 0.9920 159 112 262 337
person 0.3111 481 152 499 348
person 0.0113 184 161 298 353
person 0.0072 476 56 500 358
person 0.0029 453 168 500 345
person 0.0028 262 242 295 333
person 0.0026 269 179 328 342
person 0.0010 228 233 291 337
car 0.0015 268 212 298 270
car 0.0011 0 294 20 347
car 0.0011 0 325 14 348
bus 0.0024 481 152 499 348
boat 0.0016 481 174 500 348
horse 0.9797 180 153 302 348
horse 0.0033 160 112 262 336
horse 0.0017 268 212 298 270
bottle 0.0038 481 174 500 348
