person 0.7952 0 -5 96 376
person 0.7809 278 222 293 245
person 0.7332 317 222 328 242
person 0.5759 298 235 306 246
person 0.4938 309 227 318 247
person 0.4426 185 218 195 228
person 0.4269 0 224 94 373
person 0.2922 266 228 277 247
person 0.1674 264 230 271 247
person 0.1275 282 229 297 246
person 0.1103 267 226 277 240
person 0.1018 324 231 334 244
person 0.0508 319 217 325 229
person 0.0437 95 230 110 236
person 0.0415 -3 0 186 368
person 0.0294 102 230 113 236
person 0.0218 302 225 325 249
person 0.0214 163 204 175 232
person 0.0199 183 224 196 230
person 0.0197 489 198 496 207
person 0.0195 323 226 334 241
person 0.0189 384 216 389 222
person 0.0174 376 216 384 222
person 0.0171 355 218 359 225
person 0.0152 264 227 271 240
person 0.0151 484 220 489 224
person 0.0140 182 216 198 230
person 0.0139 292 230 314 249
person 0.0136 313 226 331 248
person 0.0106 77 178 110 232
person 0.0100 293 219 338 250
person 0.0098 176 225 184 230
person 0.0093 0 213 12 228
person 0.0088 188 224 201 230
person 0.0088 455 217 460 221
person 0.0084 206 226 211 233
person 0.0082 462 216 467 221
person 0.0079 301 238 325 258
person 0.0075 -5 61 353 307
person 0.0074 233 226 240 234
person 0.0064 443 219 449 223
person 0.0050 308 218 316 228
person 0.0048 -1 214 16 246
person 0.0045 0 259 31 374
person 0.0042 86 198 420 258
person 0.0041 -2 228 192 369
person 0.0037 167 211 186 230
person 0.0035 0 4 68 270
person 0.0035 264 222 284 246
person 0.0035 346 218 358 226
person 0.0034 460 200 465 207
person 0.0033 262 221 337 255
person 0.0031 258 226 276 251
person 0.0029 385 93 393 99
person 0.0028 0 192 21 358
person 0.0028 285 227 322 250
person 0.0026 262 239 270 256
person 0.0026 458 200 462 207
person 0.0026 435 220 442 224
person 0.0024 394 93 403 99
person 0.0023 259 223 304 251
person 0.0022 172 92 185 103
person 0.0021 297 223 313 243
person 0.0021 3 173 345 275
person 0.0021 164 224 175 233
person 0.0020 329 89 353 100
person 0.0020 435 93 442 100
person 0.0020 453 93 460 99
person 0.0020 27 120 391 256
person 0.0020 472 93 480 100
person 0.0019 403 209 409 215
person 0.0019 80 229 103 236
person 0.0019 425 92 432 100
person 0.0018 0 200 18 272
person 0.0018 94 91 108 102
person 0.0018 67 92 77 104
person 0.0018 80 217 87 228
person 0.0017 160 91 177 103
person 0.0017 289 239 316 255
person 0.0017 151 91 166 102
person 0.0016 490 216 499 222
person 0.0016 146 92 154 102
person 0.0016 471 219 482 223
person 0.0016 238 200 495 252
person 0.0016 462 93 471 100
person 0.0015 405 93 413 100
person 0.0015 0 198 11 229
person 0.0014 3 290 87 367
person 0.0014 265 242 281 254
person 0.0014 215 204 220 213
person 0.0014 364 217 376 223
person 0.0014 442 93 451 99
person 0.0013 471 202 480 207
person 0.0013 488 201 498 218
person 0.0013 103 92 114 103
person 0.0013 455 204 462 218
person 0.0013 490 93 499 101
person 0.0012 365 93 375 100
person 0.0012 81 92 101 102
person 0.0012 413 93 423 100
car 0.0103 341 92 357 100
car 0.0088 354 92 366 100
car 0.0077 374 93 385 99
car 0.0063 365 93 375 100
car 0.0048 385 93 393 99
car 0.0041 394 93 403 99
car 0.0030 321 89 340 100
car 0.0024 405 93 413 100
car 0.0021 94 91 108 102
car 0.0018 462 93 471 100
car 0.0017 425 92 432 100
car 0.0016 413 93 423 100
car 0.0015 435 93 442 100
car 0.0015 187 218 200 228
car 0.0015 472 93 480 100
car 0.0014 453 93 460 99
car 0.0014 329 89 353 100
car 0.0013 81 92 101 102
car 0.0012 442 93 451 99
car 0.0011 160 91 177 103
car 0.0011 172 92 185 103
boat 0.6887 163 204 175 232
boat 0.5264 76 183 111 236
boat 0.2577 184 33 338 250
boat 0.1538 185 218 195 228
boat 0.0465 253 238 335 260
boat 0.0268 325 217 357 227
boat 0.0242 95 230 110 236
boat 0.0223 262 222 338 254
boat 0.0223 86 233 117 241
boat 0.0220 182 216 198 230
boat 0.0199 130 219 167 229
boat 0.0191 130 224 165 231
boat 0.0127 96 234 120 240
boat 0.0120 183 224 196 230
boat 0.0106 2 27 352 253
boat 0.0106 128 212 170 230
boat 0.0093 292 237 334 260
boat 0.0090 188 224 201 230
boat 0.0083 293 219 338 250
boat 0.0068 273 240 311 255
boat 0.0063 129 224 150 230
boat 0.0063 102 230 113 236
boat 0.0059 280 226 300 249
boat 0.0056 176 225 184 230
boat 0.0054 167 211 186 230
boat 0.0053 346 218 358 226
boat 0.0046 73 233 110 243
boat 0.0045 172 44 490 249
boat 0.0044 136 202 184 233
boat 0.0044 161 202 205 231
boat 0.0042 84 224 117 240
boat 0.0040 164 224 175 233
boat 0.0036 355 218 359 225
boat 0.0036 80 229 103 236
boat 0.0033 298 235 306 246
boat 0.0032 302 225 325 249
boat 0.0030 269 241 298 253
boat 0.0030 69 220 116 245
boat 0.0029 376 216 384 222
boat 0.0027 308 226 320 248
boat 0.0024 131 220 149 228
boat 0.0024 292 230 314 249
boat 0.0022 460 200 465 207
boat 0.0021 316 227 330 246
boat 0.0020 285 227 322 250
boat 0.0019 384 216 389 222
boat 0.0015 307 239 334 256
boat 0.0015 259 243 342 270
boat 0.0014 489 198 496 207
boat 0.0012 71 234 96 242
boat 0.0012 180 214 208 230
boat 0.0012 341 92 357 100
boat 0.0010 67 226 98 237
boat 0.0010 184 204 392 258
bird 0.0010 469 168 479 174
bird 0.0010 490 167 499 172
bird 0.0010 464 170 472 175
