person 0.9925 8 48 230 371
person 0.9899 188 59 386 326
person 0.0079 66 55 452 332
person 0.0045 -1 175 50 369
person 0.0038 0 175 24 257
person 0.0032 -1 -2 60 390
person 0.0032 488 195 499 284
person 0.0026 0 220 21 326
person 0.0023 487 90 500 302
person 0.0023 -1 130 31 341
person 0.0021 -1 128 28 232
person 0.0020 0 286 48 373
person 0.0020 0 284 21 376
person 0.0017 493 147 500 236
person 0.0010 0 64 112 372
person 0.0010 362 299 374 311
person 0.0010 485 208 500 333
bottle 0.4394 487 195 500 284
bottle 0.0665 468 247 487 286
bottle 0.0187 109 336 148 374
bottle 0.0087 476 302 499 336
bottle 0.0070 485 208 500 333
bottle 0.0038 487 247 500 290
bottle 0.0035 475 244 489 280
bottle 0.0034 491 189 500 254
bottle 0.0024 486 309 500 339
bottle 0.0021 0 177 8 204
bottle 0.0017 20 176 31 202
bottle 0.0016 1 175 23 205
bottle 0.0016 487 302 500 315
bottle 0.0012 469 314 483 337
bottle 0.0011 0 171 6 198
bottle 0.0010 460 229 493 288
chair 0.0514 0 287 48 372
chair 0.0091 0 284 21 376
chair 0.0069 0 201 25 266
chair 0.0051 0 217 20 367
chair 0.0046 0 214 14 247
chair 0.0039 0 209 49 373
chair 0.0037 0 356 26 375
chair 0.0023 0 270 15 325
chair 0.0020 0 262 12 372
chair 0.0018 0 245 24 278
chair 0.0017 5 86 215 374
chair 0.0017 0 333 29 377
chair 0.0015 -1 162 27 225
chair 0.0015 0 164 29 343
chair 0.0013 0 219 15 279
chair 0.0011 0 274 15 302
chair 0.0010 0 251 24 326
sofa 0.0034 5 86 215 374
sofa 0.0027 -1 231 48 372
sofa 0.0012 0 203 22 303
diningtable 0.0685 -3 226 513 380
diningtable 0.0447 158 317 354 374
diningtable 0.0205 0 220 21 326
diningtable 0.0168 89 310 461 373
diningtable 0.0076 0 201 25 266
diningtable 0.0073 0 273 15 304
diningtable 0.0058 152 278 501 382
diningtable 0.0057 0 247 14 290
diningtable 0.0047 -1 231 48 372
diningtable 0.0039 0 185 29 365
diningtable 0.0036 109 336 148 374
diningtable 0.0033 0 245 24 278
diningtable 0.0031 0 254 19 373
diningtable 0.0025 0 209 29 234
diningtable 0.0014 -1 162 27 225
diningtable 0.0014 0 235 14 264
diningtable 0.0014 0 130 54 381
diningtable 0.0013 0 219 15 279
diningtable 0.0011 0 304 189 372
diningtable 0.0011 0 257 22 298
diningtable 0.0011 180 54 392 370
diningtable 0.0010 6 291 353 376
diningtable 0.0010 0 205 28 220
