person 0.9730 139 5 435 252
car 0.0010 133 0 440 310
train 0.0029 105 4 420 249
bottle 0.0284 385 170 411 210
bottle 0.0066 260 221 272 235
bottle 0.0035 276 222 292 252
bottle 0.0033 268 227 283 250
bottle 0.0029 287 237 301 258
bottle 0.0020 389 226 444 266
bottle 0.0016 236 208 393 300
bottle 0.0016 404 230 429 261
bottle 0.0015 322 216 492 292
bottle 0.0013 259 218 326 259
bottle 0.0011 361 140 429 207
bottle 0.0010 284 224 301 253
bottle 0.0010 280 221 292 236
bottle 0.0010 262 223 286 252
chair 0.0017 122 14 405 248
chair 0.0016 383 147 500 269
pottedplant 0.0020 361 140 429 207
pottedplant 0.0012 347 115 458 222
diningtable 0.0700 61 220 504 333
diningtable 0.0065 232 236 401 307
diningtable 0.0022 85 279 486 341
diningtable 0.0016 116 250 437 328
tvmonitor 0.0028 399 147 500 243
tvmonitor 0.0022 137 2 436 310
tvmonitor 0.0013 317 26 496 221
tvmonitor 0.0011 87 50 231 117
