person 0.9776 72 -2 486 330
person 0.5533 376 3 500 329
person 0.0652 388 2 483 91
person 0.0514 383 9 491 155
person 0.0306 437 14 500 330
person 0.0218 134 215 191 277
person 0.0100 371 23 462 101
person 0.0029 0 321 29 331
person 0.0025 472 29 499 318
person 0.0020 313 30 475 320
person 0.0018 1 5 99 335
person 0.0018 361 16 474 219
person 0.0017 444 7 498 161
person 0.0015 127 198 231 305
person 0.0011 5 1 263 329
person 0.0011 0 74 25 277
person 0.0010 -1 322 16 331
person 0.0010 474 2 500 156
person 0.0010 0 318 44 332
dog 0.0014 372 15 496 334
bottle 0.0889 11 -2 318 329
bottle 0.0553 3 3 120 74
bottle 0.0425 -1 29 30 100
bottle 0.0079 1 5 98 334
bottle 0.0066 0 21 48 107
bottle 0.0065 0 28 27 168
bottle 0.0054 1 0 279 187
bottle 0.0032 0 10 52 170
bottle 0.0029 0 1 113 179
bottle 0.0023 81 34 329 210
chair 0.0048 370 38 395 74
chair 0.0032 376 3 500 329
chair 0.0012 20 24 489 359
sofa 0.0023 40 0 471 330
sofa 0.0011 376 3 500 329
diningtable 0.0070 0 0 424 329
diningtable 0.0026 -3 2 210 332
tvmonitor 0.0195 1 5 98 334
tvmonitor 0.0061 -3 2 210 332
tvmonitor 0.0014 0 47 52 302
tvmonitor 0.0012 40 0 471 330
