person 0.9586 16 14 362 488
person 0.0322 37 123 252 392
person 0.0151 0 267 33 398
boat 0.0078 0 368 372 500
bird 0.0634 334 99 341 116
bird 0.0169 335 99 341 108
bird 0.0140 315 100 322 115
bird 0.0045 317 99 322 107
bird 0.0030 302 108 308 115
bird 0.0020 53 183 60 189
bird 0.0018 318 100 333 116
bird 0.0011 298 107 303 115
bird 0.0011 52 202 63 206
bottle 0.9919 87 381 140 494
bottle 0.0034 85 382 141 438
bottle 0.0029 250 493 288 500
bottle 0.0015 1 421 95 497
bottle 0.0014 332 380 374 405
bottle 0.0012 94 486 113 500
bottle 0.0011 238 491 300 500
bottle 0.0010 69 445 98 499
chair 0.0027 0 276 34 405
