person 0.9874 68 93 170 275
person 0.7579 324 161 351 206
person 0.6300 346 165 378 211
person 0.0367 326 163 373 205
person 0.0195 308 165 320 197
person 0.0177 348 163 374 185
person 0.0177 355 166 381 197
person 0.0143 307 164 334 202
person 0.0136 308 165 315 178
person 0.0111 372 142 383 160
person 0.0081 327 160 350 187
person 0.0080 336 172 366 208
person 0.0079 369 170 385 209
person 0.0073 340 136 358 152
person 0.0054 306 167 324 208
person 0.0051 375 139 387 149
person 0.0050 338 170 363 192
person 0.0044 380 137 394 149
person 0.0044 317 164 389 217
person 0.0035 372 144 383 177
person 0.0030 358 164 378 183
person 0.0026 341 142 357 154
person 0.0023 146 139 155 150
person 0.0023 370 187 385 210
person 0.0022 319 131 359 152
person 0.0020 369 139 387 166
person 0.0019 287 179 386 264
person 0.0018 148 144 155 153
person 0.0018 289 142 298 148
person 0.0017 434 145 445 156
person 0.0016 342 166 360 181
person 0.0015 358 187 384 211
person 0.0015 152 143 157 156
person 0.0014 412 143 423 156
person 0.0011 219 137 228 147
person 0.0010 363 142 381 156
bicycle 0.0022 344 166 378 211
bicycle 0.0018 321 165 354 210
car 0.9403 436 141 481 157
car 0.4428 392 138 420 151
car 0.3180 309 130 358 151
car 0.1753 200 125 233 140
car 0.0961 375 139 387 149
car 0.0400 340 136 358 152
car 0.0389 308 135 321 145
car 0.0293 381 140 420 156
car 0.0165 380 137 394 149
car 0.0119 434 145 445 156
car 0.0109 309 129 321 143
car 0.0095 309 128 332 143
car 0.0080 465 142 482 158
car 0.0078 433 143 461 157
car 0.0071 308 132 335 148
car 0.0069 359 138 384 151
car 0.0056 228 129 239 140
car 0.0047 194 125 205 136
car 0.0032 345 132 445 156
car 0.0030 412 143 423 156
car 0.0028 376 135 399 151
car 0.0025 289 142 298 148
car 0.0022 341 142 357 154
car 0.0022 407 139 425 150
car 0.0019 146 139 155 150
car 0.0019 195 121 241 144
car 0.0018 181 138 192 148
car 0.0018 414 143 441 156
car 0.0017 378 137 455 153
car 0.0016 349 138 369 151
car 0.0015 293 141 310 148
car 0.0014 326 134 465 166
car 0.0013 304 124 488 178
car 0.0013 168 140 187 149
car 0.0013 366 136 393 151
car 0.0010 249 127 255 141
car 0.0010 281 129 471 154
car 0.0010 166 139 174 147
bus 0.0144 310 130 357 151
bus 0.0104 200 125 233 140
cat 0.0024 172 186 223 278
dog 0.9945 285 187 386 263
dog 0.9850 172 188 224 280
dog 0.0292 358 186 384 211
dog 0.0241 321 165 354 210
dog 0.0120 370 187 385 210
dog 0.0078 344 166 378 211
dog 0.0078 184 222 225 274
dog 0.0059 308 168 336 208
dog 0.0053 207 236 223 257
dog 0.0043 306 167 324 208
dog 0.0035 195 261 214 277
dog 0.0034 326 185 354 211
dog 0.0027 308 165 320 197
dog 0.0026 331 183 369 212
dog 0.0025 313 212 385 262
dog 0.0017 195 233 221 264
dog 0.0013 310 191 335 207
dog 0.0012 304 188 341 210
horse 0.0013 288 180 386 263
sheep 0.0017 171 185 225 280
sheep 0.0015 289 188 378 264
cow 0.0040 171 185 225 280
chair 0.0173 358 187 384 211
chair 0.0133 324 164 354 211
chair 0.0097 346 165 378 211
chair 0.0071 326 186 354 210
chair 0.0056 370 187 385 210
chair 0.0052 331 183 369 212
chair 0.0020 307 170 334 206
diningtable 0.0030 324 164 354 211
diningtable 0.0018 341 184 381 213
diningtable 0.0013 347 166 376 211
diningtable 0.0011 326 186 354 210
