person 0.0090 41 4 222 139
person 0.0037 181 28 203 60
person 0.0034 192 98 351 235
person 0.0026 339 7 350 213
person 0.0024 111 34 147 74
person 0.0024 274 33 350 233
person 0.0023 345 75 350 193
person 0.0023 181 31 203 46
person 0.0018 341 98 349 205
person 0.0012 345 123 349 185
person 0.0011 170 28 198 61
person 0.0010 197 50 203 58
person 0.0010 306 50 350 217
chair 0.0087 185 125 349 240
chair 0.0039 341 123 349 204
chair 0.0021 278 47 351 166
chair 0.0020 345 75 350 193
chair 0.0018 345 123 349 185
chair 0.0015 308 93 349 227
chair 0.0013 273 82 351 238
chair 0.0011 162 171 348 258
chair 0.0011 40 4 224 139
sofa 0.0085 187 129 345 233
sofa 0.0013 155 194 349 261
sofa 0.0010 273 82 351 238
sofa 0.0010 308 93 349 227
pottedplant 0.2643 211 3 296 127
pottedplant 0.0028 221 -3 352 139
pottedplant 0.0019 130 0 279 120
pottedplant 0.0017 67 -3 332 142
pottedplant 0.0014 229 52 326 152
pottedplant 0.0010 41 4 222 139
pottedplant 0.0010 182 -1 337 203
diningtable 0.0870 185 125 349 240
diningtable 0.0623 160 171 350 258
diningtable 0.0044 268 165 350 258
diningtable 0.0010 40 4 224 139
diningtable 0.0010 148 195 297 260
tvmonitor 0.9946 58 3 224 140
tvmonitor 0.0055 193 125 349 235
tvmonitor 0.0029 344 124 350 198
tvmonitor 0.0010 21 4 270 189
