person 0.9926 35 91 278 355
person 0.9913 272 123 448 354
person 0.1203 478 166 500 381
person 0.0286 443 171 500 370
person 0.0222 468 38 501 393
person 0.0211 474 254 500 370
person 0.0135 485 225 500 369
person 0.0087 447 170 500 257
person 0.0082 413 141 499 318
person 0.0058 412 3 498 368
person 0.0049 483 300 500 370
person 0.0044 447 292 501 374
person 0.0043 -1 47 56 332
person 0.0026 399 305 497 375
person 0.0026 401 207 499 375
person 0.0023 491 178 500 321
person 0.0020 482 38 500 318
person 0.0016 443 342 493 372
person 0.0015 0 81 499 385
person 0.0014 0 162 18 386
person 0.0010 423 341 479 374
person 0.0010 493 183 500 278
bottle 0.0037 425 350 471 375
bottle 0.0029 0 347 25 377
bottle 0.0014 479 294 500 369
chair 0.0911 414 190 498 352
chair 0.0787 25 102 273 355
chair 0.0252 479 294 500 369
chair 0.0239 269 144 450 393
chair 0.0131 426 225 477 360
chair 0.0126 477 208 500 374
chair 0.0106 445 221 500 372
chair 0.0106 409 182 505 236
chair 0.0080 51 167 108 232
chair 0.0078 430 263 463 354
chair 0.0056 424 273 452 346
chair 0.0055 0 101 56 349
chair 0.0043 422 228 454 356
chair 0.0032 406 212 462 366
chair 0.0022 443 342 493 372
chair 0.0021 410 142 500 261
chair 0.0020 447 170 500 257
chair 0.0019 467 359 500 375
chair 0.0018 411 3 498 368
chair 0.0018 273 290 296 338
chair 0.0018 239 238 489 374
chair 0.0013 399 305 497 375
chair 0.0012 448 295 502 376
chair 0.0012 447 122 501 350
chair 0.0011 276 292 310 342
chair 0.0011 139 234 199 285
chair 0.0010 494 189 500 233
chair 0.0010 26 246 303 371
sofa 0.0062 25 102 273 355
sofa 0.0060 -1 49 57 381
sofa 0.0028 414 190 498 352
sofa 0.0025 269 128 451 368
sofa 0.0021 2 151 493 375
pottedplant 0.0063 -1 14 57 341
diningtable 0.1190 -1 303 501 376
diningtable 0.0388 -5 225 502 376
diningtable 0.0318 169 315 274 373
diningtable 0.0127 262 326 414 376
diningtable 0.0108 17 313 312 373
diningtable 0.0088 272 124 463 375
diningtable 0.0056 291 320 497 373
diningtable 0.0048 63 324 200 372
diningtable 0.0042 25 102 273 355
diningtable 0.0031 0 304 108 374
diningtable 0.0031 265 252 477 375
diningtable 0.0030 276 295 438 374
diningtable 0.0027 168 324 388 376
diningtable 0.0024 399 305 497 375
diningtable 0.0019 0 292 202 377
diningtable 0.0017 73 301 180 365
diningtable 0.0013 408 175 505 233
diningtable 0.0013 -4 328 506 403
diningtable 0.0012 443 342 493 372
diningtable 0.0011 25 256 261 372
diningtable 0.0011 0 299 23 373
diningtable 0.0011 31 296 150 367
diningtable 0.0010 195 296 365 369
diningtable 0.0010 0 335 25 374
tvmonitor 0.0080 412 3 499 224
tvmonitor 0.0011 450 4 500 109
