person 0.7090 131 208 144 233
person 0.0705 132 207 140 219
person 0.0204 129 208 137 231
person 0.0152 167 223 173 233
person 0.0104 57 222 71 240
person 0.0095 320 208 328 219
person 0.0085 135 221 145 233
person 0.0061 298 206 305 219
person 0.0042 0 221 11 243
person 0.0039 164 217 174 230
person 0.0035 130 208 136 217
person 0.0031 267 215 277 224
person 0.0027 124 206 141 234
person 0.0025 287 199 298 209
person 0.0020 376 198 386 209
person 0.0019 0 232 9 245
person 0.0018 57 205 71 240
person 0.0016 288 203 298 215
person 0.0016 264 204 270 221
person 0.0015 155 214 166 230
person 0.0012 349 225 369 253
person 0.0012 141 217 150 229
person 0.0012 415 205 425 214
person 0.0011 173 200 179 206
person 0.0011 267 205 274 222
person 0.0010 387 224 394 243
person 0.0010 64 225 73 239
bicycle 0.0547 135 221 145 233
bicycle 0.0192 131 208 144 233
bicycle 0.0013 129 208 137 231
car 0.9877 208 208 262 233
car 0.6588 347 201 377 219
car 0.0482 380 199 393 209
car 0.0373 415 205 425 214
car 0.0205 376 198 386 209
car 0.0171 356 199 381 211
car 0.0134 381 201 396 216
car 0.0102 416 200 425 209
car 0.0096 394 195 419 211
car 0.0084 287 199 298 209
car 0.0074 11 204 34 212
car 0.0060 366 201 392 217
car 0.0055 399 202 416 216
car 0.0053 350 200 405 218
car 0.0051 208 221 223 234
car 0.0050 131 208 144 233
car 0.0048 377 197 397 211
car 0.0042 347 206 357 217
car 0.0038 421 199 431 208
car 0.0037 349 198 389 213
car 0.0037 415 204 436 215
car 0.0036 250 212 261 228
car 0.0034 482 199 490 207
car 0.0032 16 201 29 208
car 0.0030 431 207 440 215
car 0.0028 82 229 97 235
car 0.0027 390 184 425 216
car 0.0025 173 200 179 206
car 0.0023 320 208 328 219
car 0.0021 471 205 480 211
car 0.0021 389 200 409 218
car 0.0018 471 201 481 208
car 0.0017 0 203 34 216
car 0.0016 0 204 7 217
car 0.0016 26 205 37 211
car 0.0016 369 196 392 212
car 0.0015 132 207 140 219
car 0.0013 375 200 401 218
car 0.0013 0 232 9 245
car 0.0013 479 140 488 147
car 0.0012 0 221 11 243
car 0.0011 207 212 225 234
car 0.0010 298 206 305 219
car 0.0010 462 206 469 212
car 0.0010 208 220 244 235
car 0.0010 1 191 503 249
motorbike 0.0550 131 208 144 233
motorbike 0.0342 135 221 145 233
motorbike 0.0012 129 208 137 231
bus 0.0328 387 179 428 212
bus 0.0033 394 195 419 211
bus 0.0017 347 201 377 219
train 0.0058 387 179 428 212
dog 0.0034 135 221 145 233
dog 0.0014 131 208 144 233
horse 0.0021 131 208 144 233
horse 0.0013 135 221 145 233
pottedplant 0.0040 0 277 140 317
pottedplant 0.0014 131 208 144 233
pottedplant 0.0013 0 221 11 243
