person 0.9487 60 124 254 376
person 0.5582 118 110 387 370
person 0.3891 432 318 438 331
person 0.3292 433 289 439 301
person 0.2861 451 303 460 315
person 0.2716 457 324 462 331
person 0.1684 424 290 430 300
person 0.1287 460 324 465 331
person 0.0739 434 286 438 297
person 0.0689 418 321 424 331
person 0.0671 471 272 477 280
person 0.0666 421 320 428 331
person 0.0606 440 320 447 329
person 0.0590 398 199 405 220
person 0.0517 386 174 499 358
person 0.0382 461 271 469 280
person 0.0361 433 315 439 325
person 0.0305 441 313 449 322
person 0.0280 452 311 458 317
person 0.0246 424 287 429 296
person 0.0221 398 197 404 209
person 0.0213 481 315 487 322
person 0.0206 403 243 498 345
person 0.0156 451 255 458 266
person 0.0150 485 283 490 289
person 0.0130 178 162 470 368
person 0.0130 480 277 487 282
person 0.0118 452 272 459 285
person 0.0117 403 246 408 257
person 0.0116 401 204 408 219
person 0.0113 366 216 372 231
person 0.0101 414 312 423 325
person 0.0088 464 285 471 291
person 0.0085 461 269 469 275
person 0.0083 238 137 404 329
person 0.0082 422 312 430 326
person 0.0081 495 207 499 218
person 0.0080 461 303 467 309
person 0.0078 383 216 389 223
person 0.0078 433 268 501 351
person 0.0072 443 256 450 266
person 0.0072 425 255 433 264
person 0.0071 377 215 386 224
person 0.0069 450 284 457 292
person 0.0067 396 217 402 223
person 0.0062 404 312 410 325
person 0.0059 395 245 402 254
person 0.0057 475 314 481 322
person 0.0055 470 269 477 275
person 0.0051 447 283 453 294
person 0.0050 444 304 454 315
person 0.0049 429 315 443 334
person 0.0048 416 254 422 260
person 0.0048 379 335 394 359
person 0.0044 332 237 492 363
person 0.0042 327 137 498 330
person 0.0042 417 285 423 292
person 0.0042 430 256 439 265
person 0.0041 375 208 384 218
person 0.0041 440 187 499 351
person 0.0035 442 292 451 300
person 0.0034 450 263 458 274
person 0.0032 415 216 421 223
person 0.0031 494 211 499 226
person 0.0030 19 58 481 329
person 0.0030 423 232 431 242
person 0.0028 448 299 463 318
person 0.0027 114 188 125 199
person 0.0026 393 292 498 369
person 0.0026 399 226 405 234
person 0.0025 446 191 451 195
person 0.0025 492 266 500 274
person 0.0025 10 116 35 140
person 0.0025 494 238 500 260
person 0.0024 403 252 408 260
person 0.0024 490 314 498 324
person 0.0023 451 294 461 302
person 0.0022 422 229 430 236
person 0.0021 424 314 468 336
person 0.0021 451 225 458 234
person 0.0021 483 322 491 326
person 0.0021 390 310 405 322
person 0.0020 273 190 520 356
person 0.0020 432 226 440 232
person 0.0019 404 319 410 330
person 0.0019 490 321 498 328
person 0.0019 412 246 420 257
person 0.0019 456 330 463 335
person 0.0019 49 213 535 374
person 0.0019 433 235 442 245
person 0.0018 416 315 435 335
person 0.0018 494 233 500 249
person 0.0018 421 306 471 329
person 0.0017 436 219 441 226
person 0.0017 399 231 405 248
person 0.0017 371 173 497 263
person 0.0016 433 307 457 327
person 0.0016 367 200 375 224
person 0.0015 442 237 449 245
person 0.0015 412 292 426 299
