person 0.9803 280 0 501 371
person 0.7858 42 80 298 374
person 0.0172 197 127 320 330
person 0.0124 452 -3 499 360
person 0.0115 477 99 500 371
person 0.0063 87 111 480 362
person 0.0047 453 171 501 363
person 0.0041 -1 -16 508 396
person 0.0025 409 15 498 343
person 0.0025 481 14 499 305
person 0.0020 380 161 499 369
person 0.0019 0 84 177 384
person 0.0016 488 177 500 322
person 0.0016 98 136 304 301
person 0.0013 484 217 500 365
person 0.0012 0 54 13 378
person 0.0012 88 246 268 370
bottle 0.0213 223 355 248 374
bottle 0.0015 52 336 90 373
bottle 0.0011 51 353 126 374
chair 0.2866 200 128 318 326
chair 0.2422 125 133 392 374
chair 0.1940 10 147 320 376
chair 0.1600 401 40 474 90
chair 0.0359 220 137 501 373
chair 0.0322 -1 182 102 369
chair 0.0143 281 -14 501 341
chair 0.0125 402 40 493 185
chair 0.0071 385 79 499 372
chair 0.0044 -1 234 64 372
chair 0.0041 375 219 500 376
chair 0.0022 328 41 479 181
chair 0.0022 370 306 500 373
chair 0.0020 482 180 500 366
chair 0.0019 325 19 476 107
chair 0.0017 -1 202 215 376
chair 0.0016 455 53 499 377
chair 0.0013 4 16 506 373
chair 0.0013 476 66 500 365
chair 0.0012 98 136 304 301
chair 0.0012 373 325 461 376
chair 0.0010 -2 57 138 380
sofa 0.1378 125 133 392 374
sofa 0.1078 8 145 322 378
sofa 0.0419 237 87 500 370
sofa 0.0325 -1 180 70 372
sofa 0.0257 197 127 320 330
sofa 0.0137 385 79 499 372
sofa 0.0128 375 219 500 376
sofa 0.0072 0 180 190 370
sofa 0.0056 -6 215 521 375
sofa 0.0040 370 306 500 373
sofa 0.0037 455 134 499 376
sofa 0.0033 480 136 500 373
sofa 0.0029 244 250 505 376
sofa 0.0027 244 310 492 370
sofa 0.0020 484 217 500 365
sofa 0.0018 0 281 57 374
sofa 0.0018 373 325 461 376
sofa 0.0015 4 16 506 373
sofa 0.0013 17 302 494 370
sofa 0.0010 0 49 90 383
sofa 0.0010 41 246 286 376
sofa 0.0010 477 14 499 342
pottedplant 0.0030 266 70 283 125
pottedplant 0.0024 0 325 46 373
pottedplant 0.0014 0 290 27 373
pottedplant 0.0014 27 -2 260 168
pottedplant 0.0013 0 284 54 374
