person 0.0393 259 333 269 345
person 0.0385 250 350 260 362
person 0.0209 326 352 338 362
person 0.0195 330 343 337 352
person 0.0186 284 347 299 365
person 0.0182 283 349 290 361
person 0.0140 48 206 60 218
person 0.0113 193 300 203 311
person 0.0087 223 342 228 349
person 0.0065 455 226 462 237
person 0.0063 259 317 265 332
person 0.0059 335 353 345 361
person 0.0058 441 302 453 314
person 0.0058 266 331 278 342
person 0.0055 283 340 300 352
person 0.0053 349 345 357 352
person 0.0053 258 337 269 347
person 0.0052 295 357 304 367
person 0.0050 290 357 300 367
person 0.0047 181 290 189 306
person 0.0045 488 351 498 361
person 0.0045 28 126 78 148
person 0.0043 334 343 343 352
person 0.0039 30 161 478 269
person 0.0037 320 351 328 360
person 0.0036 106 264 117 275
person 0.0034 371 280 383 293
person 0.0031 94 184 107 199
person 0.0027 431 223 441 240
person 0.0026 13 163 501 369
person 0.0025 352 345 364 353
person 0.0023 484 352 492 361
person 0.0023 280 340 292 351
person 0.0022 255 320 260 330
person 0.0021 295 352 307 362
person 0.0020 481 196 493 205
person 0.0019 145 306 150 313
person 0.0018 134 303 141 310
person 0.0017 479 339 485 347
person 0.0016 41 120 459 201
person 0.0016 494 180 500 202
person 0.0015 414 110 423 121
person 0.0015 389 108 403 122
person 0.0014 93 177 108 191
person 0.0014 421 111 432 122
person 0.0014 448 305 466 313
person 0.0014 487 311 500 321
person 0.0014 163 283 171 296
person 0.0013 51 212 59 225
person 0.0013 344 351 360 359
person 0.0012 442 352 452 360
person 0.0012 51 205 68 218
person 0.0012 273 360 291 369
person 0.0012 197 302 211 313
person 0.0011 128 303 134 309
person 0.0011 151 285 162 295
person 0.0011 259 311 266 328
person 0.0011 122 133 133 148
person 0.0011 210 310 226 322
person 0.0011 494 212 500 227
person 0.0011 351 350 368 357
person 0.0011 191 292 201 308
person 0.0010 457 304 469 312
person 0.0010 364 101 375 115
person 0.0010 256 185 269 201
person 0.0010 252 350 271 364
bicycle 0.0011 284 347 299 365
car 0.2069 465 327 484 340
car 0.1745 465 323 483 335
car 0.0422 489 327 500 341
car 0.0218 487 197 500 208
car 0.0205 410 33 428 43
car 0.0171 354 223 383 232
car 0.0153 489 202 500 221
car 0.0149 437 310 461 324
car 0.0149 449 346 487 361
car 0.0116 283 340 300 352
car 0.0111 463 325 475 333
car 0.0111 494 212 500 227
car 0.0110 335 267 383 290
car 0.0105 463 329 475 337
car 0.0091 486 300 500 316
car 0.0089 342 218 379 229
car 0.0079 442 352 452 360
car 0.0073 487 311 500 321
car 0.0066 477 311 497 318
car 0.0065 478 333 488 342
car 0.0063 428 353 442 361
car 0.0058 323 111 342 120
car 0.0052 341 218 364 227
car 0.0045 477 113 494 121
car 0.0045 479 339 485 347
car 0.0044 422 63 450 72
car 0.0042 326 352 338 362
car 0.0042 371 280 383 293
car 0.0040 488 351 498 361
car 0.0039 466 314 480 323
car 0.0036 354 271 383 290
car 0.0035 303 112 321 122
car 0.0035 284 347 299 365
car 0.0035 358 205 403 220
car 0.0033 331 112 346 121
car 0.0029 481 196 493 205
car 0.0029 490 257 500 276
car 0.0028 417 353 437 360
car 0.0027 457 311 478 323
car 0.0026 382 74 396 83
car 0.0025 415 354 426 360
car 0.0024 448 305 466 313
car 0.0024 472 206 501 218
car 0.0023 290 357 300 367
car 0.0022 400 63 413 73
car 0.0021 432 311 445 322
car 0.0021 285 140 320 149
car 0.0020 465 338 486 349
car 0.0020 361 279 382 292
car 0.0020 420 326 436 334
car 0.0020 444 337 489 363
car 0.0019 293 118 310 126
car 0.0019 340 221 385 234
car 0.0019 335 353 345 361
car 0.0018 311 139 335 147
car 0.0018 417 326 437 344
car 0.0017 280 340 292 351
car 0.0016 448 320 465 328
car 0.0016 351 350 368 357
car 0.0015 494 221 500 235
car 0.0015 489 112 499 120
car 0.0015 383 80 400 87
car 0.0015 288 120 301 126
car 0.0015 259 333 269 345
car 0.0015 467 61 486 74
car 0.0015 391 80 400 86
car 0.0014 282 142 303 150
car 0.0014 476 237 499 248
car 0.0013 295 357 304 367
car 0.0013 430 82 444 89
car 0.0013 314 111 329 121
car 0.0013 249 356 276 373
car 0.0013 484 352 492 361
car 0.0013 258 337 269 347
car 0.0013 364 72 395 84
car 0.0012 400 14 418 27
car 0.0011 16 41 30 49
car 0.0011 458 113 472 120
car 0.0011 283 349 290 361
car 0.0011 279 338 303 356
car 0.0011 358 213 402 228
car 0.0011 398 330 417 346
car 0.0010 295 352 307 362
car 0.0010 273 360 291 369
car 0.0010 1 102 23 111
car 0.0010 420 205 450 218
car 0.0010 380 275 420 304
car 0.0010 435 39 460 51
motorbike 0.0046 259 333 269 345
bus 0.0279 489 327 500 341
bus 0.0137 449 346 487 361
bus 0.0031 249 355 275 374
bus 0.0026 487 315 500 342
bus 0.0021 487 311 500 321
bus 0.0020 336 266 383 291
bus 0.0014 465 327 484 340
bus 0.0010 283 340 300 352
train 0.2810 34 125 471 254
train 0.0132 56 144 428 214
train 0.0069 77 198 499 343
train 0.0037 174 214 339 255
train 0.0033 66 190 446 240
train 0.0031 163 184 479 274
train 0.0031 276 233 348 274
train 0.0020 239 216 500 323
train 0.0019 116 150 525 300
train 0.0018 230 215 401 255
train 0.0016 261 229 368 285
train 0.0015 250 212 344 252
train 0.0014 120 222 400 369
train 0.0014 205 199 426 242
train 0.0013 70 165 374 230
train 0.0011 196 215 407 295
train 0.0011 65 113 451 173
train 0.0011 195 156 473 233
boat 0.8792 34 125 471 254
boat 0.3703 28 131 81 151
boat 0.0474 61 138 86 148
boat 0.0279 69 111 97 122
boat 0.0277 28 126 62 147
boat 0.0171 71 139 87 146
boat 0.0164 33 144 154 224
boat 0.0159 33 120 404 194
boat 0.0130 283 340 300 352
boat 0.0128 487 197 500 208
boat 0.0101 90 140 97 146
boat 0.0090 77 198 499 343
boat 0.0077 494 180 500 202
boat 0.0074 32 187 162 260
boat 0.0067 260 123 452 153
boat 0.0067 494 212 500 227
boat 0.0065 489 202 500 221
boat 0.0061 477 113 494 121
boat 0.0042 350 83 433 120
boat 0.0042 495 174 500 195
boat 0.0041 56 144 428 214
boat 0.0041 39 109 177 209
boat 0.0038 66 111 279 186
boat 0.0037 107 119 260 159
boat 0.0037 249 355 276 374
boat 0.0036 211 357 278 375
boat 0.0034 265 353 359 373
boat 0.0031 66 115 100 128
boat 0.0030 421 111 432 122
boat 0.0030 52 127 89 147
boat 0.0029 27 109 35 118
boat 0.0029 163 184 479 274
boat 0.0027 97 108 106 121
boat 0.0026 1 102 23 111
boat 0.0024 28 102 80 150
boat 0.0024 489 112 499 120
boat 0.0024 48 72 453 169
boat 0.0024 67 237 361 371
boat 0.0024 48 173 152 209
boat 0.0023 208 368 226 375
boat 0.0022 383 107 401 122
boat 0.0022 50 150 131 197
boat 0.0021 489 327 500 341
boat 0.0021 45 127 244 232
boat 0.0020 28 137 42 150
boat 0.0020 89 151 97 160
boat 0.0020 99 115 189 154
boat 0.0019 103 91 254 153
boat 0.0018 116 150 525 300
boat 0.0017 364 101 375 115
boat 0.0017 237 129 471 184
boat 0.0017 324 357 341 366
boat 0.0017 263 107 451 142
boat 0.0016 219 352 376 376
boat 0.0016 281 342 303 366
boat 0.0016 363 102 396 113
boat 0.0016 32 174 314 264
boat 0.0015 491 176 500 209
boat 0.0015 458 113 472 120
boat 0.0015 338 104 455 137
boat 0.0015 33 205 255 258
boat 0.0014 75 117 102 126
boat 0.0014 355 96 424 118
boat 0.0014 284 347 299 365
boat 0.0013 174 315 410 375
boat 0.0013 462 148 489 158
boat 0.0013 280 340 292 351
boat 0.0013 472 206 501 218
boat 0.0013 239 352 306 374
boat 0.0012 481 196 493 205
boat 0.0012 236 337 394 374
boat 0.0012 383 80 400 87
boat 0.0012 51 151 191 205
boat 0.0012 326 352 338 362
boat 0.0011 0 129 6 138
boat 0.0011 391 80 400 86
boat 0.0011 168 139 183 147
boat 0.0011 279 338 303 356
boat 0.0011 106 107 218 141
boat 0.0011 374 104 403 113
boat 0.0011 69 113 81 121
boat 0.0011 0 100 14 110
boat 0.0011 495 155 500 191
boat 0.0011 7 130 22 138
boat 0.0011 69 109 182 165
boat 0.0010 79 165 161 202
boat 0.0010 462 112 492 121
boat 0.0010 151 108 252 143
boat 0.0010 41 114 62 139
boat 0.0010 55 171 69 179
bird 0.0096 389 108 403 122
bird 0.0063 421 111 432 122
bird 0.0011 414 110 423 121
horse 0.0011 283 340 300 352
chair 0.0030 283 340 300 352
chair 0.0028 284 347 299 365
pottedplant 0.0390 210 310 226 322
pottedplant 0.0042 193 300 203 311
pottedplant 0.0022 197 302 211 313
pottedplant 0.0019 259 333 269 345
diningtable 0.0029 283 340 300 352
