person 0.9509 216 105 373 374
person 0.8343 131 125 292 370
person 0.3070 54 166 109 218
person 0.0846 67 141 140 217
person 0.0147 76 84 423 383
person 0.0096 107 158 264 315
person 0.0062 82 126 132 201
person 0.0032 142 166 180 216
person 0.0031 137 113 186 206
person 0.0025 491 123 500 205
person 0.0024 93 115 149 208
person 0.0023 0 167 10 219
person 0.0022 140 112 179 161
person 0.0019 0 139 16 219
person 0.0019 91 163 150 219
person 0.0017 269 183 323 359
person 0.0016 145 186 165 215
person 0.0015 76 109 189 210
person 0.0014 63 129 114 196
person 0.0011 35 113 154 214
person 0.0011 148 147 246 288
person 0.0010 114 147 169 212
person 0.0010 35 137 111 220
person 0.0010 129 168 165 218
bicycle 0.0020 292 296 374 374
bicycle 0.0011 344 236 409 343
bus 0.1903 13 -9 490 381
train 0.6014 13 -9 490 381
train 0.0038 129 116 292 370
boat 0.0029 18 -6 487 378
boat 0.0011 -5 229 194 372
bottle 0.0011 312 269 329 293
chair 0.3207 449 216 499 325
chair 0.1567 454 213 499 269
chair 0.0238 76 261 148 367
chair 0.0219 337 237 407 351
chair 0.0075 -5 229 194 372
chair 0.0065 452 147 499 287
chair 0.0031 53 291 166 369
chair 0.0030 453 195 499 250
chair 0.0026 216 110 375 383
chair 0.0022 287 255 375 368
chair 0.0019 492 189 500 215
chair 0.0018 67 192 205 360
chair 0.0015 452 176 499 225
chair 0.0015 279 181 388 371
chair 0.0013 492 154 500 208
chair 0.0013 492 214 500 266
chair 0.0012 123 144 234 365
chair 0.0011 325 232 483 364
chair 0.0011 345 230 400 311
chair 0.0010 397 200 501 339
chair 0.0010 47 233 290 369
sofa 0.0014 -5 229 194 372
diningtable 0.0041 453 195 499 250
diningtable 0.0019 448 211 501 327
diningtable 0.0015 454 213 499 269
diningtable 0.0013 -5 229 194 372
tvmonitor 0.0010 13 -9 490 381
