person 0.9703 184 66 244 258
person 0.0041 119 113 194 201
person 0.0036 164 76 307 240
person 0.0033 209 124 272 196
person 0.0020 130 85 381 217
person 0.0020 188 70 245 158
bird 0.1913 23 100 82 149
bird 0.0316 122 121 191 195
bird 0.0205 197 67 238 146
bird 0.0142 16 101 88 183
bird 0.0087 120 69 244 204
bird 0.0065 186 79 224 149
bird 0.0063 177 70 240 256
bird 0.0025 167 67 248 167
bird 0.0020 236 138 273 184
bird 0.0019 406 138 435 171
bird 0.0019 199 92 215 116
bird 0.0017 419 85 488 183
bird 0.0014 209 124 272 196
bird 0.0013 42 117 82 188
bird 0.0013 478 82 500 154
bird 0.0012 206 83 224 127
bird 0.0011 188 68 287 180
bird 0.0010 281 140 349 183
cat 0.0015 23 100 83 149
cat 0.0010 119 113 194 201
dog 0.0064 23 100 83 149
dog 0.0034 119 113 194 201
dog 0.0016 247 114 344 180
dog 0.0015 177 70 240 256
dog 0.0013 16 101 88 183
horse 0.0032 23 100 83 149
sheep 0.9641 406 87 487 182
sheep 0.9178 445 149 500 246
sheep 0.6450 247 114 344 180
sheep 0.6207 478 82 500 154
sheep 0.6059 119 113 194 201
sheep 0.4516 22 100 83 150
sheep 0.2789 281 140 350 183
sheep 0.1429 236 138 273 184
sheep 0.0733 275 151 312 180
sheep 0.0517 277 151 330 189
sheep 0.0417 210 70 348 172
sheep 0.0326 291 115 349 172
sheep 0.0285 184 66 244 258
sheep 0.0262 308 135 351 178
sheep 0.0232 130 85 381 217
sheep 0.0161 120 69 244 204
sheep 0.0115 209 124 272 196
sheep 0.0112 485 55 500 139
sheep 0.0100 488 69 500 104
sheep 0.0094 452 80 498 161
sheep 0.0091 168 64 258 162
sheep 0.0083 95 51 425 187
sheep 0.0079 405 138 434 173
sheep 0.0073 295 148 330 180
sheep 0.0072 465 83 486 107
sheep 0.0066 195 117 324 196
sheep 0.0065 471 63 499 131
sheep 0.0060 16 54 494 252
sheep 0.0058 35 99 85 186
sheep 0.0053 226 91 500 204
sheep 0.0050 164 76 307 240
sheep 0.0049 403 122 499 249
sheep 0.0042 251 137 350 208
sheep 0.0039 8 80 91 165
sheep 0.0036 313 132 349 160
sheep 0.0027 457 72 492 135
sheep 0.0025 480 82 500 234
sheep 0.0024 434 94 501 209
sheep 0.0021 487 107 500 158
sheep 0.0020 281 123 377 190
sheep 0.0020 251 154 319 186
sheep 0.0019 491 152 500 251
sheep 0.0019 124 119 188 170
sheep 0.0018 191 88 281 185
sheep 0.0017 326 137 351 168
sheep 0.0017 299 153 343 187
sheep 0.0016 472 113 499 173
sheep 0.0015 412 54 490 156
sheep 0.0014 490 20 500 114
sheep 0.0013 407 131 449 181
sheep 0.0013 476 79 498 112
sheep 0.0013 473 168 500 257
sheep 0.0012 384 77 502 216
sheep 0.0012 25 102 62 129
sheep 0.0011 310 122 496 252
sheep 0.0011 458 125 494 163
sheep 0.0011 303 138 341 167
sheep 0.0010 401 110 439 173
sheep 0.0010 250 145 297 181
sheep 0.0010 297 141 328 165
sheep 0.0010 239 158 271 186
cow 0.0294 23 100 83 149
cow 0.0290 119 113 194 201
cow 0.0176 444 149 501 245
cow 0.0095 247 114 344 180
cow 0.0090 406 87 487 182
cow 0.0047 236 138 273 186
cow 0.0043 478 82 500 154
cow 0.0024 273 146 335 182
cow 0.0021 184 66 244 258
cow 0.0021 16 101 88 183
cow 0.0010 92 77 418 229
