person 0.9932 184 113 275 305
person 0.2907 198 148 208 173
person 0.0028 0 96 3 109
person 0.0024 0 107 3 132
person 0.0020 0 95 11 109
person 0.0019 -1 97 3 124
person 0.0019 300 101 310 120
person 0.0017 0 96 46 132
person 0.0016 198 144 205 152
person 0.0016 0 96 14 129
person 0.0015 305 123 327 160
person 0.0015 199 152 213 175
person 0.0012 302 120 314 158
person 0.0011 39 109 55 118
car 0.7061 0 98 44 136
car 0.1144 39 109 55 118
car 0.0048 45 109 61 117
car 0.0039 0 96 3 109
car 0.0020 286 134 304 143
car 0.0019 -1 97 3 124
car 0.0019 0 96 14 129
car 0.0018 0 95 11 109
car 0.0016 34 105 60 119
car 0.0015 0 107 3 132
car 0.0014 44 112 60 120
car 0.0010 300 101 310 120
car 0.0010 198 148 207 173
car 0.0010 286 112 304 123
bus 0.0056 0 96 46 132
bus 0.0015 299 2 333 163
bird 0.0137 130 145 137 150
bird 0.0027 198 148 208 173
bird 0.0017 187 280 198 288
dog 0.0531 198 148 208 173
sheep 0.0044 198 148 208 173
bottle 0.0093 198 148 208 173
bottle 0.0033 60 259 70 267
chair 0.0445 94 226 115 266
