person 0.9908 70 6 251 513
person 0.0411 88 150 202 362
person 0.0105 0 385 14 483
person 0.0038 245 331 341 500
person 0.0026 0 424 12 474
person 0.0013 114 119 214 306
person 0.0013 0 427 16 502
person 0.0012 69 19 218 319
motorbike 0.0045 245 331 340 500
bottle 0.1771 153 196 200 327
bottle 0.0165 93 53 239 461
bottle 0.0083 94 215 127 310
bottle 0.0072 155 252 175 315
bottle 0.0058 323 36 336 91
bottle 0.0044 335 307 341 334
bottle 0.0033 153 209 180 318
bottle 0.0021 88 150 202 362
bottle 0.0017 137 168 192 321
bottle 0.0014 79 196 133 304
chair 0.4680 245 331 341 500
chair 0.0050 107 355 129 432
chair 0.0011 270 456 332 499
sofa 0.0455 245 329 340 499
sofa 0.0018 0 385 14 483
diningtable 0.0048 245 331 341 500
tvmonitor 0.0105 94 215 127 310
tvmonitor 0.0025 95 203 195 315
