person 0.9774 7 94 322 498
person 0.0467 248 367 332 503
person 0.0454 289 369 332 501
person 0.0136 163 369 333 500
person 0.0092 320 170 332 208
person 0.0069 250 443 332 500
person 0.0052 72 3 190 113
person 0.0047 313 371 332 499
person 0.0042 159 446 336 500
person 0.0036 304 370 331 446
person 0.0032 0 380 329 499
person 0.0025 234 161 332 496
person 0.0022 319 439 332 498
person 0.0021 15 221 316 424
person 0.0018 104 17 171 112
person 0.0016 291 352 331 439
person 0.0015 39 0 297 130
person 0.0014 0 453 331 500
person 0.0014 45 0 204 194
person 0.0012 150 61 199 113
person 0.0011 219 473 330 500
bicycle 0.0012 5 146 326 482
car 0.0013 5 50 327 462
motorbike 0.0061 0 296 330 498
motorbike 0.0022 0 453 331 500
motorbike 0.0011 0 402 114 498
motorbike 0.0010 -1 458 185 500
aeroplane 0.0026 5 50 327 462
bus 0.0011 3 46 329 466
train 0.0347 5 50 327 462
boat 0.0086 5 146 326 482
boat 0.0043 6 297 326 437
boat 0.0024 0 380 329 499
boat 0.0014 0 453 331 500
horse 0.0016 5 50 327 462
bottle 0.0024 0 359 16 420
bottle 0.0011 0 357 11 383
chair 0.0234 5 146 326 482
chair 0.0081 6 297 326 437
chair 0.0022 224 158 331 351
chair 0.0011 0 380 329 499
sofa 0.0078 1 121 328 504
sofa 0.0014 6 297 326 437
sofa 0.0012 0 380 329 499
