person 0.0020 0 176 13 243
car 0.0010 0 196 30 240
bottle 0.1030 112 105 145 183
bottle 0.0211 51 189 91 233
bottle 0.0145 117 47 137 110
bottle 0.0060 0 173 12 213
bottle 0.0026 110 42 144 173
bottle 0.0014 0 196 30 240
bottle 0.0013 0 180 12 239
bottle 0.0012 66 156 113 198
bottle 0.0012 56 189 90 213
bottle 0.0010 116 48 128 102
chair 0.0026 0 248 55 376
chair 0.0013 0 249 21 375
tvmonitor 0.9829 130 6 362 186
tvmonitor 0.0048 72 7 428 271
tvmonitor 0.0041 2 2 120 137
tvmonitor 0.0034 407 122 499 230
tvmonitor 0.0013 491 5 500 109
