person 0.0067 488 104 500 165
person 0.0021 490 60 500 155
person 0.0017 487 90 499 266
person 0.0016 485 42 500 163
person 0.0010 161 81 179 109
bicycle 0.0019 488 83 500 167
bicycle 0.0011 0 136 13 245
car 0.2197 488 118 500 167
car 0.0632 486 75 499 166
car 0.0271 488 103 499 210
car 0.0077 475 119 499 166
car 0.0025 491 80 500 151
car 0.0013 0 127 13 235
car 0.0013 473 67 499 164
car 0.0011 491 77 500 93
motorbike 0.9947 156 108 500 347
motorbike 0.9835 0 83 262 278
motorbike 0.0311 0 141 13 242
motorbike 0.0034 0 130 25 236
motorbike 0.0025 488 120 500 166
motorbike 0.0019 0 99 51 263
motorbike 0.0018 486 100 499 174
motorbike 0.0018 0 100 11 207
motorbike 0.0017 0 44 16 241
motorbike 0.0016 0 105 100 266
motorbike 0.0011 489 112 500 212
motorbike 0.0011 0 117 16 352
bus 0.0014 486 75 499 166
pottedplant 0.0182 423 46 456 87
pottedplant 0.0064 84 30 198 83
pottedplant 0.0024 132 35 194 80
pottedplant 0.0021 192 67 240 87
pottedplant 0.0017 83 41 118 81
pottedplant 0.0012 313 35 436 92
pottedplant 0.0012 157 30 205 62
pottedplant 0.0011 188 67 255 97
pottedplant 0.0011 110 34 168 81
