person 0.0049 0 63 21 218
person 0.0018 64 -4 446 330
person 0.0017 0 5 28 276
car 0.0164 155 111 257 170
car 0.0144 64 -4 446 330
car 0.0063 140 24 416 215
car 0.0047 175 192 311 273
car 0.0047 78 326 365 372
car 0.0040 202 202 284 258
car 0.0038 154 81 321 198
car 0.0030 113 90 257 190
car 0.0020 150 173 363 296
car 0.0016 69 49 297 260
car 0.0013 165 127 272 181
car 0.0013 155 102 400 328
car 0.0011 257 199 341 241
car 0.0011 325 220 420 258
car 0.0011 251 207 379 258
car 0.0011 318 236 360 271
car 0.0010 88 140 313 292
car 0.0010 300 207 415 269
car 0.0010 232 184 397 287
bus 0.0013 78 -9 472 375
bird 0.0042 163 96 261 185
bird 0.0011 261 87 393 280
dog 0.0137 64 -4 446 330
dog 0.0016 261 87 393 280
dog 0.0013 163 96 261 185
dog 0.0010 310 64 421 245
cow 0.0012 64 -4 446 330
bottle 0.0010 0 250 3 287
chair 0.0012 0 188 7 294
sofa 0.0015 0 62 62 297
pottedplant 0.6168 0 97 62 294
pottedplant 0.0085 0 3 91 298
pottedplant 0.0028 83 -8 467 375
pottedplant 0.0025 0 91 18 303
pottedplant 0.0019 261 87 393 280
pottedplant 0.0019 1 209 60 294
pottedplant 0.0014 0 26 28 288
pottedplant 0.0014 0 63 21 218
diningtable 0.0073 65 327 412 373
diningtable 0.0018 -1 252 187 369
diningtable 0.0017 435 334 500 373
diningtable 0.0015 -3 316 194 373
tvmonitor 0.9532 60 1 453 365
tvmonitor 0.0101 436 1 500 360
tvmonitor 0.0039 91 21 413 201
