person 0.0010 130 100 150 114
bus 0.0010 16 19 226 175
train 0.0063 98 106 414 213
train 0.0037 18 47 479 282
train 0.0022 -44 -12 534 208
boat 0.0053 109 115 403 202
boat 0.0021 18 47 479 282
boat 0.0012 72 151 317 256
chair 0.8448 64 148 309 256
chair 0.6541 -7 182 307 330
chair 0.4849 183 162 247 197
chair 0.0697 62 148 146 234
chair 0.0527 0 179 28 332
chair 0.0326 58 150 117 202
chair 0.0155 41 198 283 271
chair 0.0141 0 179 94 330
chair 0.0122 74 148 144 195
chair 0.0113 55 132 204 223
chair 0.0098 61 150 113 177
chair 0.0090 83 149 176 217
chair 0.0061 9 123 350 234
chair 0.0061 0 143 54 327
chair 0.0053 0 187 14 329
chair 0.0045 0 249 24 332
chair 0.0042 133 186 307 253
chair 0.0038 41 156 209 274
chair 0.0035 -8 219 196 333
chair 0.0025 67 175 180 254
chair 0.0020 0 117 113 297
chair 0.0019 148 154 259 201
chair 0.0019 -2 63 183 262
chair 0.0017 141 161 294 235
chair 0.0017 0 232 51 342
chair 0.0016 147 157 213 195
chair 0.0016 154 171 186 194
chair 0.0015 0 180 50 223
chair 0.0015 0 166 13 273
chair 0.0014 109 115 403 202
chair 0.0013 189 127 243 199
chair 0.0012 56 152 93 188
sofa 0.0908 -15 180 311 334
sofa 0.0066 60 155 314 262
sofa 0.0016 183 162 247 197
sofa 0.0015 109 115 403 202
pottedplant 0.7972 405 157 465 221
pottedplant 0.3412 8 46 156 159
pottedplant 0.1604 64 77 153 153
pottedplant 0.0669 374 74 442 198
pottedplant 0.0425 402 92 466 225
pottedplant 0.0397 0 104 24 206
pottedplant 0.0316 390 62 493 207
pottedplant 0.0315 16 19 226 175
pottedplant 0.0245 267 41 402 119
pottedplant 0.0127 159 39 339 138
pottedplant 0.0115 2 56 87 172
pottedplant 0.0106 184 157 246 192
pottedplant 0.0104 154 171 186 194
pottedplant 0.0102 0 110 55 202
pottedplant 0.0077 322 46 486 156
pottedplant 0.0075 0 33 22 164
pottedplant 0.0075 224 45 359 128
pottedplant 0.0069 0 108 24 326
pottedplant 0.0065 207 68 282 119
pottedplant 0.0062 18 55 150 112
pottedplant 0.0060 0 96 14 189
pottedplant 0.0059 189 127 243 199
pottedplant 0.0058 36 55 98 103
pottedplant 0.0055 84 73 152 120
pottedplant 0.0044 13 106 80 167
pottedplant 0.0042 148 89 414 188
pottedplant 0.0042 374 154 413 200
pottedplant 0.0039 225 31 436 149
pottedplant 0.0038 -1 102 57 311
pottedplant 0.0038 275 56 463 192
pottedplant 0.0038 126 6 277 188
pottedplant 0.0037 111 156 254 199
pottedplant 0.0036 -40 0 536 195
pottedplant 0.0036 0 46 122 283
pottedplant 0.0035 0 12 57 167
pottedplant 0.0034 283 67 347 121
pottedplant 0.0032 72 103 136 161
pottedplant 0.0031 147 157 213 195
pottedplant 0.0030 235 53 324 114
pottedplant 0.0029 0 0 22 86
pottedplant 0.0028 207 141 218 164
pottedplant 0.0028 24 89 145 175
pottedplant 0.0028 95 50 144 82
pottedplant 0.0026 152 24 247 169
pottedplant 0.0026 49 54 77 76
pottedplant 0.0026 -1 134 16 206
pottedplant 0.0025 50 123 144 234
pottedplant 0.0022 6 35 85 129
pottedplant 0.0022 0 127 9 254
pottedplant 0.0022 159 120 271 199
pottedplant 0.0021 130 100 150 114
pottedplant 0.0020 54 142 319 216
pottedplant 0.0019 2 146 64 196
pottedplant 0.0018 493 51 500 159
pottedplant 0.0017 228 120 401 201
pottedplant 0.0017 204 136 215 165
pottedplant 0.0016 35 104 96 162
pottedplant 0.0016 409 49 499 161
pottedplant 0.0013 0 3 56 83
pottedplant 0.0013 373 115 425 200
pottedplant 0.0013 0 67 12 161
pottedplant 0.0013 0 90 89 221
pottedplant 0.0012 0 160 9 202
pottedplant 0.0012 151 147 189 195
pottedplant 0.0012 86 51 151 101
pottedplant 0.0011 159 75 280 158
pottedplant 0.0011 371 140 385 163
pottedplant 0.0011 494 71 500 119
pottedplant 0.0011 335 73 487 235
pottedplant 0.0011 0 145 22 194
pottedplant 0.0010 164 77 212 116
pottedplant 0.0010 0 66 46 181
pottedplant 0.0010 134 127 231 191
pottedplant 0.0010 0 172 5 210
pottedplant 0.0010 75 117 107 152
diningtable 0.1054 72 152 317 254
diningtable 0.0237 6 185 310 326
diningtable 0.0086 133 187 307 252
diningtable 0.0012 183 162 247 197
diningtable 0.0010 137 192 277 231
