person 0.9922 190 36 334 320
person 0.0546 369 5 425 84
person 0.0248 291 4 429 85
person 0.0017 227 127 372 353
bottle 0.0203 412 91 425 119
bottle 0.0045 407 92 415 118
bottle 0.0035 440 86 454 119
bottle 0.0025 195 91 212 122
bottle 0.0016 416 90 424 104
chair 0.9864 226 139 376 370
chair 0.0089 410 146 499 313
chair 0.0069 197 39 348 322
chair 0.0046 292 65 315 82
chair 0.0028 494 158 499 302
chair 0.0022 441 113 497 279
chair 0.0020 487 51 500 301
chair 0.0012 372 21 424 87
chair 0.0012 372 73 495 317
chair 0.0011 263 138 370 258
chair 0.0010 496 233 499 285
sofa 0.0033 300 23 429 90
diningtable 0.0157 197 39 348 322
diningtable 0.0064 325 124 481 320
diningtable 0.0042 3 157 255 373
diningtable 0.0027 16 173 238 294
diningtable 0.0026 2 239 175 371
diningtable 0.0013 184 114 259 252
diningtable 0.0012 240 128 383 348
tvmonitor 0.0469 192 111 243 162
tvmonitor 0.0012 297 5 428 84
