person 0.0170 183 97 213 113
person 0.0170 26 298 38 311
person 0.0082 177 79 196 94
person 0.0052 387 293 396 300
person 0.0046 158 96 175 112
person 0.0035 36 293 48 300
person 0.0029 194 99 217 111
person 0.0027 188 275 226 297
person 0.0023 16 289 33 298
person 0.0021 218 295 236 302
person 0.0017 24 291 42 298
person 0.0017 178 83 197 100
person 0.0017 340 269 359 286
person 0.0016 251 290 261 297
person 0.0016 392 302 402 310
person 0.0016 336 277 383 299
person 0.0014 158 76 195 95
person 0.0013 188 85 199 101
person 0.0012 194 271 220 288
person 0.0011 389 291 405 299
person 0.0010 189 290 239 303
car 0.0011 487 300 500 310
motorbike 0.0020 130 93 204 137
motorbike 0.0012 141 106 191 137
aeroplane 0.7472 130 100 193 136
aeroplane 0.5751 124 76 200 121
aeroplane 0.3396 175 101 218 124
aeroplane 0.1051 158 76 195 95
aeroplane 0.0815 145 76 207 108
aeroplane 0.0779 183 97 213 113
aeroplane 0.0383 192 104 217 123
aeroplane 0.0340 194 99 217 111
aeroplane 0.0327 158 96 175 112
aeroplane 0.0320 151 108 199 136
aeroplane 0.0249 0 273 28 304
aeroplane 0.0247 178 83 197 100
aeroplane 0.0234 177 79 196 94
aeroplane 0.0167 152 98 181 131
aeroplane 0.0162 154 88 221 122
aeroplane 0.0161 0 264 507 307
aeroplane 0.0151 166 80 205 104
aeroplane 0.0138 124 82 215 145
aeroplane 0.0100 147 82 188 104
aeroplane 0.0099 143 93 174 116
aeroplane 0.0083 -1 251 27 300
aeroplane 0.0070 172 93 204 114
aeroplane 0.0069 163 101 190 127
aeroplane 0.0062 145 120 188 139
aeroplane 0.0057 176 112 194 133
aeroplane 0.0057 122 72 196 102
aeroplane 0.0055 31 282 138 305
aeroplane 0.0053 188 85 199 101
aeroplane 0.0048 165 94 188 111
aeroplane 0.0046 208 102 218 110
aeroplane 0.0046 125 98 173 127
aeroplane 0.0044 279 278 346 292
aeroplane 0.0034 1 201 507 302
aeroplane 0.0033 320 276 384 305
aeroplane 0.0029 261 276 376 303
aeroplane 0.0029 198 113 215 125
aeroplane 0.0028 254 279 331 305
aeroplane 0.0027 206 106 219 120
aeroplane 0.0025 43 280 137 295
aeroplane 0.0020 143 84 172 107
aeroplane 0.0017 184 82 205 105
aeroplane 0.0016 -8 98 514 306
aeroplane 0.0016 278 273 346 287
aeroplane 0.0015 43 269 85 285
aeroplane 0.0014 164 276 238 306
aeroplane 0.0013 487 300 500 310
aeroplane 0.0013 213 266 431 309
aeroplane 0.0012 15 267 161 309
aeroplane 0.0012 47 267 135 290
aeroplane 0.0012 288 268 374 289
aeroplane 0.0011 0 273 57 304
aeroplane 0.0010 121 98 161 112
aeroplane 0.0010 487 289 500 306
aeroplane 0.0010 390 253 497 311
boat 0.6197 249 288 318 305
boat 0.5745 164 276 238 306
boat 0.5703 0 277 27 298
boat 0.5596 396 284 494 309
boat 0.5444 31 282 138 305
boat 0.5116 322 277 384 305
boat 0.1674 395 278 479 298
boat 0.1562 43 280 137 295
boat 0.1382 337 286 383 304
boat 0.1331 487 300 500 310
boat 0.1308 188 275 226 297
boat 0.0992 252 276 315 299
boat 0.0990 0 264 507 307
boat 0.0852 487 289 500 306
boat 0.0826 -1 251 27 300
boat 0.0818 218 295 236 302
boat 0.0809 392 295 485 311
boat 0.0623 177 287 234 305
boat 0.0529 261 279 304 293
boat 0.0484 279 278 346 292
boat 0.0472 261 276 376 303
boat 0.0422 44 270 83 284
boat 0.0368 251 290 261 297
boat 0.0321 61 283 103 293
boat 0.0300 36 263 136 292
boat 0.0297 390 253 497 311
boat 0.0286 135 291 167 301
boat 0.0271 26 298 38 311
boat 0.0270 29 273 56 284
boat 0.0250 46 279 76 289
boat 0.0228 300 285 363 305
boat 0.0205 161 284 217 305
boat 0.0202 489 271 500 304
boat 0.0196 173 282 203 295
boat 0.0189 258 283 292 294
boat 0.0166 14 279 54 293
boat 0.0165 316 289 345 304
boat 0.0158 24 291 42 298
boat 0.0153 304 276 359 298
boat 0.0149 29 280 56 288
boat 0.0148 16 289 33 298
boat 0.0141 39 261 92 286
boat 0.0140 165 289 191 300
boat 0.0138 15 267 161 309
boat 0.0136 321 281 343 293
boat 0.0132 36 293 48 300
boat 0.0130 0 284 11 304
boat 0.0127 389 291 405 299
boat 0.0123 40 277 86 293
boat 0.0115 397 259 476 297
boat 0.0115 387 293 396 300
boat 0.0114 32 294 145 311
boat 0.0112 194 271 220 288
boat 0.0111 81 279 140 292
boat 0.0109 38 273 68 284
boat 0.0101 213 266 431 309
boat 0.0098 54 288 109 303
boat 0.0093 0 263 12 293
boat 0.0090 248 294 320 309
boat 0.0088 163 290 177 297
boat 0.0087 12 271 55 286
boat 0.0084 158 287 200 302
boat 0.0084 -1 270 31 307
boat 0.0082 394 283 423 292
boat 0.0080 477 291 497 303
boat 0.0075 279 284 344 304
boat 0.0075 0 257 57 294
boat 0.0072 284 274 304 285
boat 0.0071 303 276 442 305
boat 0.0071 62 270 99 282
boat 0.0070 337 269 363 288
boat 0.0068 145 277 335 307
boat 0.0067 30 269 75 286
boat 0.0066 280 289 321 302
boat 0.0065 52 261 89 279
boat 0.0065 251 286 261 293
boat 0.0064 297 290 326 303
boat 0.0062 309 262 495 308
boat 0.0059 30 277 213 303
boat 0.0058 73 288 145 302
boat 0.0055 231 289 300 303
boat 0.0053 389 279 427 294
boat 0.0053 218 298 236 305
boat 0.0053 0 273 57 304
boat 0.0050 1 201 507 302
boat 0.0048 71 269 146 288
boat 0.0048 242 291 253 298
boat 0.0048 376 288 461 305
boat 0.0048 250 289 277 300
boat 0.0045 331 260 380 298
boat 0.0044 261 271 321 289
boat 0.0044 101 290 138 301
boat 0.0043 348 278 487 307
boat 0.0043 172 276 183 281
boat 0.0042 53 258 110 281
boat 0.0042 164 282 193 296
boat 0.0042 0 244 16 293
boat 0.0041 481 240 500 308
boat 0.0041 278 273 346 287
boat 0.0040 475 287 499 308
bird 0.0019 26 298 38 311
bird 0.0011 175 101 218 124
