person 0.0014 1 -32 522 301
person 0.0010 -1 4 18 65
car 0.8481 0 5 20 69
car 0.1877 -1 3 18 26
car 0.0463 10 1 513 325
car 0.0050 -1 0 16 14
car 0.0040 0 4 60 70
car 0.0027 0 25 22 93
car 0.0011 60 0 101 40
car 0.0010 63 -3 378 119
bus 0.0057 33 -1 512 330
bus 0.0013 -1 3 18 67
train 0.0013 8 -24 515 296
boat 0.0019 1 -32 522 301
cat 0.0018 254 117 303 166
dog 0.0794 254 117 303 166
dog 0.0217 255 119 340 173
dog 0.0026 33 -23 521 288
dog 0.0022 174 59 394 202
sheep 0.0017 255 122 297 168
sofa 0.0091 1 -32 522 301
