person 0.9902 281 90 391 370
person 0.9626 164 94 248 373
person 0.9572 357 147 441 296
person 0.8864 105 102 213 374
person 0.7842 -1 124 63 374
person 0.6442 36 97 102 194
person 0.2789 5 142 82 300
person 0.2073 21 105 101 257
person 0.0229 19 156 66 266
person 0.0219 361 153 427 242
person 0.0183 0 136 22 367
person 0.0161 0 92 26 188
person 0.0153 0 90 11 160
person 0.0129 40 118 130 229
person 0.0104 168 135 232 296
person 0.0095 0 91 28 140
person 0.0092 0 111 66 242
person 0.0088 340 145 482 257
person 0.0073 16 147 73 219
person 0.0071 0 116 22 239
person 0.0067 0 97 9 134
person 0.0065 52 141 205 329
person 0.0063 0 102 93 180
person 0.0055 0 48 25 156
person 0.0052 55 176 121 279
person 0.0048 360 161 395 233
person 0.0046 191 111 202 140
person 0.0043 162 97 231 216
person 0.0042 0 174 21 253
person 0.0042 151 126 216 260
person 0.0037 -1 104 27 128
person 0.0036 24 146 160 297
person 0.0035 36 148 71 255
person 0.0032 0 201 91 351
person 0.0029 0 86 49 160
person 0.0029 42 132 78 214
person 0.0028 -1 243 66 366
person 0.0024 108 92 374 368
person 0.0022 28 198 57 262
person 0.0022 40 103 88 168
person 0.0021 50 94 128 176
person 0.0019 0 106 13 199
person 0.0019 0 191 12 268
person 0.0018 32 142 73 184
person 0.0017 2 118 43 187
person 0.0016 57 117 103 208
person 0.0015 365 144 458 218
person 0.0015 -50 86 244 365
person 0.0015 170 126 182 145
person 0.0015 184 106 207 145
person 0.0014 0 55 9 137
person 0.0014 171 133 183 151
person 0.0014 383 159 419 202
person 0.0014 0 179 6 320
person 0.0013 267 150 303 234
person 0.0013 164 145 210 217
person 0.0013 0 150 44 234
person 0.0013 0 146 27 200
person 0.0012 90 86 255 301
person 0.0012 212 135 224 156
person 0.0012 276 129 350 236
person 0.0011 37 186 65 273
person 0.0011 3 80 198 204
person 0.0010 168 104 208 204
person 0.0010 0 111 27 154
person 0.0010 41 144 103 220
person 0.0010 203 95 236 174
bicycle 0.7149 0 246 92 346
bicycle 0.6741 55 176 121 279
bicycle 0.1332 0 148 86 363
bicycle 0.0179 20 151 116 284
bicycle 0.0141 0 283 61 373
bicycle 0.0074 45 120 123 245
bicycle 0.0073 96 99 203 376
bicycle 0.0071 51 281 88 335
bicycle 0.0059 0 243 6 333
bicycle 0.0050 64 213 117 283
bicycle 0.0048 40 179 143 322
bicycle 0.0046 0 244 48 352
bicycle 0.0038 0 136 22 367
bicycle 0.0037 0 265 9 347
bicycle 0.0036 61 168 196 303
bicycle 0.0033 0 215 21 331
bicycle 0.0026 65 169 115 236
bicycle 0.0025 0 250 4 308
bicycle 0.0022 86 190 115 271
bicycle 0.0021 46 340 64 367
bicycle 0.0020 33 236 90 323
bicycle 0.0019 98 207 117 256
bicycle 0.0018 0 295 11 357
bicycle 0.0017 24 330 69 372
bicycle 0.0015 6 156 176 356
bicycle 0.0015 74 149 128 246
bicycle 0.0015 0 260 26 353
bicycle 0.0014 11 92 164 278
bicycle 0.0014 87 173 114 210
bicycle 0.0013 0 143 64 292
bicycle 0.0013 5 290 79 343
bicycle 0.0012 91 158 131 203
bicycle 0.0010 7 229 59 309
bicycle 0.0010 0 179 6 320
bicycle 0.0010 154 325 199 373
car 0.5078 374 160 498 245
car 0.1045 353 154 470 281
car 0.0593 41 104 130 209
car 0.0570 359 152 430 242
car 0.0514 21 105 101 257
car 0.0407 360 161 395 233
car 0.0210 283 110 426 340
car 0.0204 88 150 129 202
car 0.0183 385 155 427 208
car 0.0115 263 139 485 254
car 0.0114 0 107 68 213
car 0.0092 48 97 110 184
car 0.0087 11 81 178 234
car 0.0086 0 92 26 188
car 0.0075 365 144 458 218
car 0.0066 367 94 494 267
car 0.0064 0 86 49 160
car 0.0058 51 107 215 278
car 0.0057 0 91 28 140
car 0.0049 46 137 200 217
car 0.0040 48 125 124 270
car 0.0032 0 116 22 239
car 0.0031 0 90 11 160
car 0.0028 411 155 452 208
car 0.0028 -1 104 27 128
car 0.0027 0 85 94 164
car 0.0026 69 131 133 197
car 0.0023 412 113 501 250
car 0.0021 0 97 9 134
car 0.0018 36 97 99 154
car 0.0018 0 48 25 156
car 0.0016 276 129 350 236
car 0.0014 0 113 64 364
car 0.0014 74 149 128 246
car 0.0011 450 163 500 257
motorbike 0.0351 0 241 90 342
motorbike 0.0350 55 176 121 279
motorbike 0.0080 0 134 86 370
motorbike 0.0039 45 120 123 245
motorbike 0.0027 21 105 101 257
motorbike 0.0024 99 109 199 368
motorbike 0.0017 -1 288 66 366
bus 0.0151 -3 1 243 230
bus 0.0077 43 99 120 205
bus 0.0051 11 81 178 234
bus 0.0030 -1 102 90 215
bus 0.0020 0 66 110 181
bus 0.0015 1 92 108 280
bus 0.0014 -2 8 125 222
bus 0.0014 0 3 63 123
bottle 0.0024 361 146 372 160
bottle 0.0010 35 222 50 241
tvmonitor 0.0010 365 -2 500 171
