person 0.4160 276 240 289 256
person 0.3361 173 240 197 273
person 0.2864 210 240 222 254
person 0.2653 248 239 260 254
person 0.1871 306 241 317 256
person 0.1624 220 240 233 255
person 0.1315 216 240 234 274
person 0.1076 210 239 223 274
person 0.0526 492 226 500 238
person 0.0466 192 240 218 274
person 0.0465 301 224 310 237
person 0.0442 464 196 472 205
person 0.0382 303 225 318 256
person 0.0380 335 223 342 233
person 0.0377 487 227 500 251
person 0.0367 469 197 478 205
person 0.0355 480 227 496 252
person 0.0326 471 224 477 242
person 0.0319 353 218 365 230
person 0.0316 246 231 263 254
person 0.0278 480 197 487 205
person 0.0275 300 225 311 255
person 0.0270 305 225 319 238
person 0.0264 256 229 266 254
person 0.0245 204 236 237 274
person 0.0237 316 224 326 238
person 0.0219 452 196 461 204
person 0.0200 492 196 500 205
person 0.0180 208 238 226 260
person 0.0146 196 240 216 256
person 0.0142 486 181 498 203
person 0.0139 470 227 479 248
person 0.0138 288 241 297 256
person 0.0124 172 234 229 276
person 0.0117 165 235 205 276
person 0.0117 277 224 287 238
person 0.0117 128 247 151 268
person 0.0116 401 222 414 233
person 0.0110 275 228 291 256
person 0.0109 258 238 268 256
person 0.0107 482 227 494 239
person 0.0107 297 241 308 256
person 0.0105 378 222 387 233
person 0.0098 477 230 499 270
person 0.0089 423 222 434 234
person 0.0089 337 216 345 231
person 0.0084 287 224 296 238
person 0.0082 239 233 253 253
person 0.0077 178 238 215 265
person 0.0076 187 240 204 258
person 0.0076 29 167 449 310
person 0.0071 330 223 339 234
person 0.0066 286 227 298 254
person 0.0065 457 230 470 245
person 0.0064 314 225 327 254
person 0.0063 486 226 500 273
person 0.0060 379 222 392 234
person 0.0060 141 248 155 270
person 0.0056 182 236 195 250
person 0.0056 269 240 283 256
person 0.0052 467 221 484 260
person 0.0051 128 248 136 266
person 0.0047 88 185 111 201
person 0.0043 226 238 240 255
person 0.0042 456 229 475 269
person 0.0041 435 196 453 205
person 0.0040 346 216 356 230
person 0.0039 257 226 265 238
person 0.0033 348 223 356 232
person 0.0032 251 227 261 238
person 0.0031 232 234 241 251
person 0.0031 468 218 481 248
person 0.0029 87 186 98 200
person 0.0028 315 241 326 256
person 0.0024 420 246 428 254
person 0.0024 45 219 57 227
person 0.0023 280 225 304 256
person 0.0023 111 217 368 290
person 0.0022 176 257 194 274
person 0.0021 449 184 463 202
person 0.0019 477 213 498 252
person 0.0019 401 221 433 235
person 0.0018 283 238 300 257
person 0.0017 460 234 491 264
person 0.0017 196 223 286 285
person 0.0017 301 222 324 241
person 0.0015 272 220 324 253
person 0.0015 221 237 246 258
person 0.0015 351 219 366 235
person 0.0014 209 257 223 275
person 0.0013 291 218 337 255
person 0.0013 217 257 232 274
person 0.0011 337 247 346 254
person 0.0011 249 235 275 258
person 0.0011 200 236 215 250
person 0.0011 492 206 500 238
person 0.0011 275 221 290 241
person 0.0011 353 237 363 244
person 0.0011 284 221 300 240
person 0.0011 265 230 285 254
car 0.0175 435 196 453 205
car 0.0133 23 216 44 227
car 0.0081 0 214 29 231
car 0.0072 6 218 38 229
car 0.0043 427 195 452 208
car 0.0039 31 219 54 226
car 0.0025 409 194 445 207
car 0.0022 4 223 39 232
car 0.0020 45 219 57 227
car 0.0019 452 196 461 204
car 0.0015 0 220 28 237
car 0.0011 399 193 455 211
boat 0.2648 28 38 451 318
boat 0.2566 25 201 447 317
boat 0.1997 475 246 500 301
boat 0.0950 373 142 500 294
boat 0.0886 438 224 500 291
boat 0.0722 0 214 29 231
boat 0.0615 0 220 28 237
boat 0.0570 475 179 501 296
boat 0.0289 479 226 497 255
boat 0.0230 435 260 496 297
boat 0.0206 388 209 502 297
boat 0.0185 0 197 29 238
boat 0.0161 341 135 489 231
boat 0.0150 0 214 29 259
boat 0.0137 450 227 482 273
boat 0.0120 477 230 499 270
boat 0.0116 482 220 501 282
boat 0.0112 6 218 38 229
boat 0.0107 467 221 484 260
boat 0.0100 437 152 500 284
boat 0.0098 23 216 44 227
boat 0.0096 0 236 28 264
boat 0.0091 4 223 39 232
boat 0.0086 355 171 427 213
boat 0.0084 0 250 28 266
boat 0.0077 0 213 13 229
boat 0.0069 0 223 12 236
boat 0.0064 19 234 119 269
boat 0.0062 485 267 500 307
boat 0.0054 0 234 52 265
boat 0.0045 333 180 459 249
boat 0.0043 25 227 108 254
boat 0.0043 460 234 491 264
boat 0.0043 0 220 92 258
boat 0.0042 470 227 479 248
boat 0.0041 0 203 12 221
boat 0.0041 397 193 439 211
boat 0.0040 138 163 508 284
boat 0.0039 378 200 402 207
boat 0.0039 457 230 471 251
boat 0.0036 487 227 500 251
boat 0.0035 0 195 107 265
boat 0.0035 401 156 500 247
boat 0.0033 391 200 463 220
boat 0.0031 471 224 477 242
boat 0.0031 492 226 500 238
boat 0.0029 349 142 442 214
boat 0.0029 0 262 3 296
boat 0.0028 468 218 481 248
boat 0.0028 22 236 47 247
boat 0.0028 469 94 501 303
boat 0.0027 14 232 52 252
boat 0.0027 458 228 470 240
boat 0.0025 11 240 38 257
boat 0.0023 63 202 157 224
boat 0.0023 63 242 101 259
boat 0.0023 473 209 500 255
boat 0.0022 387 199 407 206
boat 0.0022 29 87 163 286
boat 0.0021 473 259 500 334
boat 0.0020 467 220 501 321
boat 0.0020 0 255 4 284
boat 0.0020 482 227 494 239
boat 0.0019 32 234 50 246
boat 0.0019 421 194 455 209
boat 0.0018 -1 253 31 284
boat 0.0018 409 194 445 207
boat 0.0018 462 247 490 271
boat 0.0018 37 230 85 250
boat 0.0017 462 215 488 249
boat 0.0016 330 193 499 311
boat 0.0016 0 250 6 269
boat 0.0016 1 175 49 223
boat 0.0016 0 169 28 232
boat 0.0015 17 224 47 232
boat 0.0015 31 219 54 226
boat 0.0015 71 243 95 256
boat 0.0015 252 130 490 250
boat 0.0015 355 205 401 213
boat 0.0014 121 28 321 324
boat 0.0014 63 66 148 216
boat 0.0014 0 217 65 241
boat 0.0014 0 196 12 210
boat 0.0013 0 181 60 252
boat 0.0013 395 196 423 208
boat 0.0013 364 194 414 210
boat 0.0012 375 205 402 211
boat 0.0012 430 196 450 206
boat 0.0012 51 246 129 269
boat 0.0012 399 202 437 215
boat 0.0012 391 212 447 233
boat 0.0012 435 266 482 290
boat 0.0011 375 173 404 207
boat 0.0011 437 251 500 325
boat 0.0010 0 151 106 240
boat 0.0010 449 213 483 251
boat 0.0010 18 215 65 228
