person 0.9741 294 231 331 288
person 0.0566 282 259 348 294
person 0.0171 292 235 315 283
person 0.0081 313 251 329 285
person 0.0056 144 248 195 273
person 0.0054 0 260 4 279
person 0.0054 284 248 324 292
person 0.0048 294 234 312 263
person 0.0044 418 239 435 260
person 0.0019 299 232 309 249
person 0.0018 158 246 177 257
person 0.0017 310 239 330 261
person 0.0015 127 253 136 267
person 0.0015 141 249 172 271
person 0.0013 306 236 321 249
person 0.0012 299 256 326 281
person 0.0010 129 252 148 269
person 0.0010 191 251 204 269
person 0.0010 301 230 307 236
bicycle 0.9699 282 259 348 294
bicycle 0.0084 284 248 324 292
bicycle 0.0076 313 251 329 285
bicycle 0.0047 298 265 342 291
bicycle 0.0033 299 256 326 281
bicycle 0.0027 279 266 309 291
bicycle 0.0014 327 267 350 290
car 0.4071 148 247 203 273
car 0.2600 140 254 160 269
car 0.2374 418 239 435 260
car 0.0245 141 249 172 271
car 0.0071 383 239 433 262
car 0.0061 200 254 214 267
car 0.0057 0 260 4 279
car 0.0032 127 253 136 267
car 0.0021 228 251 242 265
car 0.0021 191 251 204 269
car 0.0018 147 259 190 274
car 0.0017 0 266 3 287
car 0.0015 343 256 359 263
car 0.0015 146 259 168 274
car 0.0014 376 245 387 256
car 0.0014 161 247 230 271
car 0.0011 420 250 436 262
car 0.0011 -3 227 492 301
car 0.0011 286 245 338 295
motorbike 0.0035 286 245 338 295
aeroplane 0.0090 263 140 343 234
bus 0.0146 418 239 435 260
bus 0.0056 145 246 207 272
bus 0.0011 140 254 160 269
train 0.0013 418 239 435 260
bird 0.0012 263 140 343 234
horse 0.0013 278 259 352 294
