person 0.0223 335 299 343 329
person 0.0038 85 175 110 203
person 0.0029 419 248 438 264
person 0.0020 181 104 207 142
person 0.0019 491 247 500 264
person 0.0017 317 300 325 327
person 0.0016 205 119 225 146
person 0.0013 429 250 445 263
person 0.0013 489 239 500 253
person 0.0013 350 289 357 296
person 0.0013 491 256 500 271
car 0.0070 489 239 500 253
car 0.0068 475 240 498 250
car 0.0059 491 247 500 264
car 0.0044 346 231 371 245
car 0.0036 256 270 289 283
car 0.0032 394 239 419 252
car 0.0030 358 230 382 245
car 0.0025 348 238 369 249
car 0.0023 454 241 498 253
car 0.0020 491 256 500 271
car 0.0018 411 240 425 250
car 0.0018 337 228 366 248
car 0.0017 474 230 499 246
car 0.0016 352 239 386 248
car 0.0013 344 238 361 250
car 0.0010 369 228 389 245
aeroplane 0.0017 41 7 510 322
boat 0.3978 37 0 306 325
boat 0.0018 358 182 499 236
boat 0.0011 73 29 481 300
bird 0.0030 369 302 375 311
bird 0.0026 335 299 343 329
bird 0.0022 191 242 219 255
bird 0.0016 55 84 69 94
bottle 0.0015 335 299 343 329
pottedplant 0.0043 393 209 464 248
pottedplant 0.0015 416 227 456 248
