person 0.0417 385 64 395 70
person 0.0301 462 60 468 64
person 0.0210 387 64 412 70
person 0.0115 398 65 413 70
person 0.0099 201 49 208 55
person 0.0061 190 48 199 55
person 0.0038 463 63 468 67
person 0.0038 163 49 173 55
person 0.0037 0 46 11 55
person 0.0035 43 46 60 58
person 0.0034 36 64 45 69
person 0.0025 170 49 184 55
person 0.0024 453 57 461 61
person 0.0023 40 54 50 61
person 0.0017 473 56 481 60
person 0.0016 182 48 196 55
person 0.0016 442 58 451 62
person 0.0016 42 42 84 60
person 0.0013 0 52 9 60
person 0.0011 33 65 40 70
person 0.0010 1 47 24 55
person 0.0010 42 51 100 65
car 0.0049 387 64 412 70
car 0.0023 201 49 208 55
car 0.0012 385 64 395 70
car 0.0011 266 53 279 58
car 0.0010 442 58 451 62
aeroplane 0.0014 387 64 412 70
aeroplane 0.0014 14 20 498 68
train 0.0015 14 20 498 68
boat 0.4190 38 50 104 66
boat 0.3760 40 39 105 63
boat 0.1492 387 64 412 70
boat 0.1424 462 60 468 64
boat 0.0962 0 46 11 55
boat 0.0856 138 46 158 55
boat 0.0713 428 57 447 62
boat 0.0571 147 48 167 56
boat 0.0555 442 58 451 62
boat 0.0517 201 49 208 55
boat 0.0490 410 54 447 62
boat 0.0487 385 64 395 70
boat 0.0469 5 47 42 55
boat 0.0461 163 49 173 55
boat 0.0373 453 57 461 61
boat 0.0289 1 47 24 55
boat 0.0287 108 45 135 56
boat 0.0263 381 53 457 65
boat 0.0225 170 49 184 55
boat 0.0216 398 65 413 70
boat 0.0206 43 46 60 58
boat 0.0198 190 48 199 55
boat 0.0196 0 20 4 39
boat 0.0180 400 53 436 60
boat 0.0176 182 48 196 55
boat 0.0175 152 54 165 57
boat 0.0151 134 47 147 56
boat 0.0150 386 55 412 65
boat 0.0139 88 49 111 56
boat 0.0138 76 52 105 62
boat 0.0129 0 27 8 54
boat 0.0129 473 56 481 60
boat 0.0119 163 54 173 57
boat 0.0119 70 46 110 58
boat 0.0115 39 48 52 56
boat 0.0105 397 54 419 61
boat 0.0094 41 53 62 60
boat 0.0088 91 53 109 60
boat 0.0081 37 60 103 70
boat 0.0078 106 48 116 55
boat 0.0078 0 52 9 60
boat 0.0077 14 20 498 68
boat 0.0076 139 45 175 56
boat 0.0074 463 63 468 67
boat 0.0065 0 45 62 56
boat 0.0063 56 34 71 51
boat 0.0060 0 29 54 57
boat 0.0058 240 54 246 59
boat 0.0053 40 54 50 61
boat 0.0052 0 30 98 63
boat 0.0052 411 49 425 57
boat 0.0050 36 64 45 69
boat 0.0050 39 42 68 59
boat 0.0050 210 49 219 55
boat 0.0049 34 23 112 67
boat 0.0044 416 54 457 64
boat 0.0043 52 27 58 37
boat 0.0042 402 48 416 57
boat 0.0040 139 53 161 57
boat 0.0040 374 61 462 72
boat 0.0038 0 13 4 32
boat 0.0038 266 53 279 58
boat 0.0037 42 25 87 59
boat 0.0036 474 56 494 60
boat 0.0036 412 45 444 60
boat 0.0032 114 43 166 57
boat 0.0031 143 43 212 56
boat 0.0028 494 66 499 71
boat 0.0028 132 54 144 57
boat 0.0028 494 55 500 64
boat 0.0026 65 51 114 63
boat 0.0025 378 43 459 61
boat 0.0023 54 31 88 54
boat 0.0023 384 56 397 64
boat 0.0021 221 50 231 55
boat 0.0021 43 28 64 56
boat 0.0021 232 50 242 55
boat 0.0020 -1 7 55 54
boat 0.0020 29 51 79 65
boat 0.0020 381 50 484 71
boat 0.0020 403 66 431 71
boat 0.0017 321 49 328 55
boat 0.0017 169 53 182 57
boat 0.0016 267 51 279 56
boat 0.0016 238 50 247 56
boat 0.0016 213 54 221 59
boat 0.0015 287 54 297 58
boat 0.0015 424 42 447 61
boat 0.0014 387 46 413 59
boat 0.0014 234 53 242 59
boat 0.0013 35 44 55 58
boat 0.0013 4 51 42 59
boat 0.0013 0 52 25 60
boat 0.0013 -3 45 105 73
boat 0.0012 0 36 506 90
boat 0.0012 0 63 6 73
boat 0.0012 296 54 309 58
boat 0.0011 141 37 154 50
boat 0.0011 309 54 317 58
boat 0.0011 -2 42 17 56
bird 0.0015 462 60 468 64
