person 0.0053 298 4 500 371
person 0.0028 0 3 195 368
person 0.0020 -2 -4 67 371
person 0.0010 321 0 420 15
car 0.0021 -6 14 299 374
boat 0.0021 1 41 329 378
dog 0.9907 5 21 328 376
dog 0.0053 0 136 61 370
dog 0.0040 28 151 303 353
dog 0.0033 -1 136 179 368
dog 0.0012 0 0 124 370
sofa 0.0015 0 3 195 368
pottedplant 0.0634 0 3 195 368
pottedplant 0.0055 5 1 199 170
pottedplant 0.0041 -2 -4 67 371
pottedplant 0.0029 0 7 117 211
pottedplant 0.0018 0 83 125 371
pottedplant 0.0015 -2 160 57 364
pottedplant 0.0015 299 2 500 371
