person 0.0068 199 203 206 213
person 0.0025 314 206 323 221
person 0.0020 251 201 262 214
person 0.0017 159 192 185 205
person 0.0015 318 206 330 223
person 0.0014 202 202 223 212
person 0.0014 208 203 231 214
person 0.0014 232 201 247 216
person 0.0013 315 205 323 215
person 0.0012 198 205 208 220
person 0.0011 237 201 262 215
person 0.0010 319 203 327 216
bicycle 0.0031 107 192 241 448
car 0.1170 159 192 185 205
car 0.0302 106 196 243 438
car 0.0287 127 192 221 216
car 0.0207 136 192 190 207
car 0.0063 145 191 216 208
car 0.0040 151 195 194 211
car 0.0037 295 203 304 214
car 0.0030 201 206 237 221
car 0.0024 237 201 262 215
car 0.0021 199 203 206 213
car 0.0017 202 202 223 212
car 0.0017 272 204 280 213
car 0.0016 338 214 353 223
car 0.0015 232 201 247 216
car 0.0014 251 201 262 214
car 0.0014 208 203 231 214
car 0.0012 120 194 225 233
car 0.0011 315 205 323 215
car 0.0010 295 203 320 215
motorbike 0.3458 107 192 241 448
train 0.0026 106 196 243 438
boat 0.0024 106 196 243 438
boat 0.0012 201 206 237 221
chair 0.0056 106 187 244 420
