person 0.0158 0 264 71 331
person 0.0015 376 92 402 129
person 0.0012 -1 262 170 332
person 0.0011 0 155 61 332
bicycle 0.0037 180 25 415 289
bicycle 0.0013 266 51 367 216
bird 0.0023 266 59 380 197
bird 0.0019 282 63 343 136
bird 0.0010 374 92 404 128
cat 0.0479 0 262 69 334
cat 0.0025 1 262 133 332
dog 0.0403 0 262 69 334
dog 0.0032 266 59 380 197
dog 0.0024 207 41 386 232
dog 0.0022 1 262 133 332
dog 0.0012 280 61 350 138
bottle 0.0076 460 162 495 217
bottle 0.0068 202 245 215 285
bottle 0.0043 374 92 404 128
bottle 0.0033 358 208 383 229
bottle 0.0028 347 205 394 231
bottle 0.0026 375 207 397 227
chair 0.0104 0 264 71 331
chair 0.0049 162 15 394 260
chair 0.0019 266 51 367 216
chair 0.0014 1 262 175 331
chair 0.0010 231 38 438 306
sofa 0.0419 0 264 71 331
sofa 0.0067 1 262 175 331
pottedplant 0.0016 266 59 380 197
pottedplant 0.0011 149 -2 423 332
tvmonitor 0.0119 145 0 427 331
