person 0.8775 5 179 502 369
person 0.0535 17 201 245 330
person 0.0165 -19 21 511 362
person 0.0082 102 213 220 329
person 0.0051 0 281 19 378
person 0.0036 5 225 354 356
person 0.0023 137 232 222 313
person 0.0023 131 205 187 221
person 0.0017 92 266 197 323
person 0.0013 440 210 500 258
person 0.0013 50 242 232 362
person 0.0012 0 331 24 378
person 0.0011 2 126 198 343
person 0.0011 0 277 59 382
bicycle 0.0046 0 17 13 118
car 0.0019 412 62 499 173
cat 0.0010 440 210 500 258
dog 0.0027 440 210 500 258
dog 0.0012 402 210 499 375
chair 0.0090 0 320 21 375
chair 0.0065 0 244 19 379
chair 0.0038 409 53 500 176
chair 0.0033 403 308 506 377
chair 0.0029 0 289 14 382
chair 0.0024 466 330 501 374
chair 0.0023 0 133 22 378
chair 0.0022 467 352 500 375
chair 0.0016 401 209 499 375
chair 0.0013 0 349 22 378
chair 0.0013 12 291 96 370
chair 0.0012 18 214 492 372
chair 0.0011 22 273 319 375
chair 0.0010 -9 86 509 377
chair 0.0010 454 312 500 376
sofa 0.0061 -9 86 509 377
sofa 0.0034 0 244 19 379
sofa 0.0033 18 214 492 372
sofa 0.0016 0 320 21 375
sofa 0.0014 25 260 339 372
sofa 0.0013 0 289 14 382
sofa 0.0012 412 62 499 173
diningtable 0.0010 0 281 19 378
