person 0.8933 100 164 117 201
person 0.1484 370 156 384 167
person 0.0547 65 144 152 204
person 0.0521 62 158 82 190
person 0.0299 352 44 364 69
person 0.0248 63 152 96 201
person 0.0186 323 156 339 168
person 0.0182 92 45 105 69
person 0.0179 292 251 313 266
person 0.0174 269 149 277 159
person 0.0170 280 149 289 158
person 0.0163 308 20 319 31
person 0.0160 102 42 115 69
person 0.0159 476 46 490 71
person 0.0154 66 159 92 188
person 0.0115 345 44 359 69
person 0.0095 304 21 319 69
person 0.0089 471 47 484 71
person 0.0080 0 9 509 204
person 0.0070 169 181 188 200
person 0.0069 248 156 262 165
person 0.0060 114 163 129 200
person 0.0045 330 52 338 67
person 0.0045 65 159 74 173
person 0.0044 88 47 99 69
person 0.0043 113 44 120 69
person 0.0042 72 32 88 66
person 0.0038 0 31 3 66
person 0.0038 258 152 268 161
person 0.0036 97 38 108 62
person 0.0036 80 159 125 203
person 0.0035 200 155 208 168
person 0.0034 64 31 81 68
person 0.0034 258 45 275 68
person 0.0033 240 152 250 161
person 0.0033 10 94 494 292
person 0.0032 3 6 502 75
person 0.0029 74 44 86 70
person 0.0029 164 172 193 199
person 0.0029 239 156 250 164
person 0.0028 338 49 350 68
person 0.0027 302 274 343 324
person 0.0026 365 154 393 171
person 0.0026 287 149 292 158
person 0.0026 452 233 463 247
person 0.0023 295 20 335 70
person 0.0020 472 57 481 73
person 0.0019 197 159 202 168
person 0.0018 246 153 262 161
person 0.0017 292 284 308 305
person 0.0017 316 276 343 304
person 0.0016 107 150 133 198
person 0.0016 323 152 355 169
person 0.0015 259 19 266 31
person 0.0015 81 162 98 185
person 0.0014 225 171 243 193
person 0.0013 494 41 500 72
person 0.0013 99 34 119 67
person 0.0013 310 23 328 69
person 0.0012 461 212 472 226
person 0.0012 343 44 354 57
person 0.0012 299 250 320 266
person 0.0012 264 159 279 168
person 0.0011 228 149 243 162
person 0.0011 317 147 346 166
person 0.0011 92 34 112 65
person 0.0011 158 169 213 199
person 0.0010 0 24 5 72
person 0.0010 269 200 282 217
person 0.0010 306 19 320 36
person 0.0010 291 252 301 266
person 0.0010 166 15 172 28
car 0.0040 57 140 164 208
car 0.0027 289 240 390 274
car 0.0015 411 31 431 46
aeroplane 0.8247 8 88 497 295
aeroplane 0.0700 383 159 499 289
aeroplane 0.0514 354 124 461 182
aeroplane 0.0242 278 117 469 238
aeroplane 0.0201 431 111 501 280
aeroplane 0.0195 160 120 494 260
aeroplane 0.0194 427 192 501 321
aeroplane 0.0143 446 157 500 205
aeroplane 0.0113 304 195 501 316
aeroplane 0.0106 0 9 509 204
aeroplane 0.0104 4 158 289 275
aeroplane 0.0075 192 138 253 169
aeroplane 0.0074 315 141 389 168
aeroplane 0.0057 48 139 378 236
aeroplane 0.0057 391 117 499 196
aeroplane 0.0051 3 6 502 75
aeroplane 0.0045 407 136 499 223
aeroplane 0.0044 151 161 251 202
aeroplane 0.0042 1 165 508 348
aeroplane 0.0041 282 141 504 285
aeroplane 0.0039 253 160 275 168
aeroplane 0.0032 195 122 471 196
aeroplane 0.0029 322 138 437 168
aeroplane 0.0026 109 155 446 205
aeroplane 0.0025 87 93 486 218
aeroplane 0.0023 411 120 457 169
aeroplane 0.0023 449 156 500 248
aeroplane 0.0023 472 182 500 288
aeroplane 0.0022 476 156 500 238
aeroplane 0.0021 178 142 333 172
aeroplane 0.0019 279 124 432 190
aeroplane 0.0017 431 209 497 271
aeroplane 0.0017 370 156 384 167
aeroplane 0.0016 338 213 495 287
aeroplane 0.0015 269 149 277 159
aeroplane 0.0014 280 149 289 158
aeroplane 0.0013 444 114 499 207
aeroplane 0.0012 191 126 293 184
aeroplane 0.0012 248 156 262 165
aeroplane 0.0012 49 157 272 204
aeroplane 0.0011 270 141 412 173
aeroplane 0.0011 56 143 182 202
aeroplane 0.0011 491 164 500 201
aeroplane 0.0011 216 155 292 169
aeroplane 0.0010 33 16 530 116
aeroplane 0.0010 203 145 306 164
aeroplane 0.0010 258 152 268 161
bus 0.0128 315 140 389 168
bus 0.0043 57 140 164 208
bus 0.0028 83 147 133 202
train 0.0027 315 140 389 168
boat 0.0030 315 140 389 168
horse 0.0011 92 44 107 70
chair 0.0105 64 44 79 70
chair 0.0044 74 44 86 70
chair 0.0038 63 29 83 70
chair 0.0038 303 278 343 335
chair 0.0024 88 47 99 69
chair 0.0018 67 42 93 71
chair 0.0017 72 32 88 66
chair 0.0015 308 300 338 335
pottedplant 0.0207 305 278 340 335
pottedplant 0.0147 258 45 275 68
pottedplant 0.0034 310 289 336 326
pottedplant 0.0016 313 273 346 311
tvmonitor 0.3207 65 144 152 204
tvmonitor 0.0142 100 149 140 198
tvmonitor 0.0041 62 152 99 201
tvmonitor 0.0036 113 153 128 196
tvmonitor 0.0035 77 159 128 203
tvmonitor 0.0021 312 140 394 169
tvmonitor 0.0012 38 145 251 205
tvmonitor 0.0011 66 159 92 188
