person 0.0044 491 77 500 173
person 0.0024 487 86 500 227
person 0.0013 485 89 500 342
car 0.0151 487 72 500 208
car 0.0012 491 67 499 165
car 0.0010 486 78 500 317
motorbike 0.0052 487 86 500 227
motorbike 0.0022 485 89 500 342
motorbike 0.0018 70 72 395 370
motorbike 0.0012 491 77 500 173
bird 0.0058 342 216 357 230
horse 0.0017 489 74 500 214
sheep 0.0017 489 74 500 214
cow 0.9976 62 73 390 369
cow 0.0604 489 74 500 214
cow 0.0157 486 78 500 317
cow 0.0102 491 89 500 160
cow 0.0046 490 117 500 189
cow 0.0026 476 81 499 226
cow 0.0026 488 28 500 176
cow 0.0024 491 54 500 139
cow 0.0022 491 117 500 285
