person 0.3138 373 147 400 175
person 0.1290 298 86 324 117
person 0.0649 206 130 455 230
person 0.0492 302 83 321 105
person 0.0469 335 154 361 182
person 0.0212 304 81 315 91
person 0.0135 291 135 379 220
person 0.0099 352 147 388 179
person 0.0097 352 158 370 179
person 0.0075 329 151 357 175
person 0.0064 364 131 372 136
person 0.0058 284 81 324 111
person 0.0045 314 86 329 99
person 0.0040 380 146 396 162
person 0.0037 315 155 349 185
person 0.0036 336 142 369 177
person 0.0027 428 86 446 97
person 0.0021 369 158 393 177
person 0.0020 323 171 343 186
person 0.0020 326 169 357 186
person 0.0015 374 144 390 163
person 0.0012 377 144 415 175
person 0.0012 455 97 474 108
person 0.0011 301 157 323 178
person 0.0011 488 110 500 119
person 0.0011 300 82 311 90
person 0.0010 323 139 383 180
person 0.0010 307 135 442 221
car 0.9812 204 137 455 238
car 0.0091 291 135 379 220
car 0.0010 293 129 408 151
bus 0.0013 203 126 458 237
boat 0.0015 488 110 500 119
bird 0.0077 304 81 315 91
bird 0.0050 299 86 323 116
bird 0.0044 314 86 329 99
bird 0.0026 310 204 316 215
bird 0.0019 302 83 321 105
bird 0.0014 301 105 321 116
bird 0.0014 337 199 362 219
bird 0.0014 451 97 465 106
bird 0.0013 289 105 316 117
bird 0.0012 468 105 480 113
cat 0.0016 337 199 362 219
dog 0.0224 298 86 324 117
dog 0.0068 314 86 329 99
dog 0.0032 289 105 316 117
dog 0.0023 302 83 321 105
dog 0.0021 304 81 315 91
dog 0.0013 301 105 321 116
dog 0.0012 308 84 330 103
sheep 0.0021 314 86 329 99
sheep 0.0018 298 86 324 117
sheep 0.0012 304 81 315 91
cow 0.0014 297 86 325 117
cow 0.0010 314 86 329 99
bottle 0.0024 337 199 362 219
chair 0.0126 219 120 276 165
chair 0.0016 297 86 325 117
pottedplant 0.0030 337 199 362 219
pottedplant 0.0015 299 86 323 116
pottedplant 0.0011 428 86 446 97
diningtable 0.3026 259 203 465 309
diningtable 0.0041 223 122 280 175
diningtable 0.0025 243 237 380 319
