bicycle 0.0011 14 28 452 276
car 0.0048 14 28 452 276
car 0.0034 -7 130 482 309
motorbike 0.0034 14 28 452 276
bird 0.0033 0 45 45 196
bird 0.0030 104 13 250 141
bird 0.0018 14 29 452 276
bird 0.0012 298 118 450 274
cat 0.8037 0 44 444 268
cat 0.0069 0 45 45 196
cat 0.0053 104 13 250 141
cat 0.0040 2 9 267 222
cat 0.0029 0 1 23 174
cat 0.0015 56 4 362 151
cat 0.0014 204 97 445 278
dog 0.0042 14 28 452 276
dog 0.0017 0 45 45 196
dog 0.0012 0 71 45 295
sheep 0.0014 14 28 452 276
cow 0.0017 14 28 452 276
chair 0.0031 14 28 452 276
sofa 0.0039 14 28 452 276
diningtable 0.0015 -5 138 438 305
tvmonitor 0.0011 297 2 501 293
