person 0.9702 127 30 499 371
person 0.0016 227 168 499 370
person 0.0013 345 256 378 283
person 0.0012 333 252 380 293
bicycle 0.4154 81 246 337 371
bicycle 0.0252 84 220 496 368
bicycle 0.0191 148 280 367 374
bicycle 0.0070 90 44 509 376
bicycle 0.0067 121 279 207 350
bicycle 0.0058 74 245 198 362
bicycle 0.0057 85 323 322 376
bicycle 0.0039 132 264 237 366
bicycle 0.0036 100 284 270 375
bicycle 0.0029 81 354 327 376
bicycle 0.0011 100 362 176 374
motorbike 0.0106 90 44 509 376
motorbike 0.0097 70 220 372 373
motorbike 0.0012 88 279 333 373
bottle 0.0049 129 282 195 348
bottle 0.0028 132 264 237 366
bottle 0.0016 99 257 302 374
