bicycle 0.0011 334 113 412 258
boat 0.0013 182 211 212 243
cat 0.0669 208 213 351 332
dog 0.9907 209 212 351 333
dog 0.0072 141 195 385 344
chair 0.0316 334 113 412 258
chair 0.0159 333 176 405 262
chair 0.0159 399 156 456 281
chair 0.0045 400 225 451 282
chair 0.0028 446 119 499 303
chair 0.0013 473 116 500 307
chair 0.0011 489 201 500 306
chair 0.0010 375 138 454 244
pottedplant 0.9697 27 140 104 234
pottedplant 0.9574 340 111 412 199
pottedplant 0.9381 402 159 451 228
pottedplant 0.8759 167 67 234 154
pottedplant 0.8413 285 94 358 172
pottedplant 0.7939 251 70 307 127
pottedplant 0.7036 249 130 297 181
pottedplant 0.4602 181 211 213 242
pottedplant 0.3937 475 251 500 325
pottedplant 0.2216 261 33 298 70
pottedplant 0.1342 296 166 340 212
pottedplant 0.1182 241 86 312 179
pottedplant 0.0792 221 86 256 139
pottedplant 0.0756 0 108 45 199
pottedplant 0.0651 232 0 261 59
pottedplant 0.0534 45 74 85 146
pottedplant 0.0455 0 72 47 152
pottedplant 0.0428 259 6 302 71
pottedplant 0.0419 473 172 500 325
pottedplant 0.0407 291 128 348 216
pottedplant 0.0404 51 12 83 60
pottedplant 0.0389 399 156 456 281
pottedplant 0.0304 309 178 334 210
pottedplant 0.0288 9 74 96 218
pottedplant 0.0287 11 56 90 157
pottedplant 0.0259 267 0 367 74
pottedplant 0.0252 264 21 324 89
pottedplant 0.0250 449 211 500 324
pottedplant 0.0244 169 0 263 60
pottedplant 0.0243 367 53 395 74
pottedplant 0.0214 162 77 235 223
pottedplant 0.0213 83 76 118 146
pottedplant 0.0199 225 67 300 149
pottedplant 0.0195 339 190 400 260
pottedplant 0.0193 264 104 287 130
pottedplant 0.0187 47 67 80 114
pottedplant 0.0177 51 51 116 160
pottedplant 0.0165 230 1 291 61
pottedplant 0.0165 480 281 502 324
pottedplant 0.0163 485 227 500 319
pottedplant 0.0160 237 25 257 58
pottedplant 0.0159 375 138 454 244
pottedplant 0.0153 285 22 344 93
pottedplant 0.0153 1 108 42 150
pottedplant 0.0151 385 93 413 134
pottedplant 0.0148 175 183 223 235
pottedplant 0.0148 220 86 261 183
pottedplant 0.0145 0 92 7 203
pottedplant 0.0139 260 2 477 119
pottedplant 0.0137 -1 80 31 186
pottedplant 0.0124 400 225 451 282
pottedplant 0.0120 114 43 306 248
pottedplant 0.0118 281 134 312 212
pottedplant 0.0117 285 161 314 220
pottedplant 0.0117 300 47 337 94
pottedplant 0.0114 345 1 405 74
pottedplant 0.0113 245 124 316 221
pottedplant 0.0109 221 101 250 153
pottedplant 0.0106 448 135 500 306
pottedplant 0.0104 46 16 85 132
pottedplant 0.0103 0 112 5 164
pottedplant 0.0099 81 21 426 265
pottedplant 0.0098 309 162 351 222
pottedplant 0.0096 262 139 303 192
pottedplant 0.0094 -1 67 31 129
pottedplant 0.0094 303 119 354 174
pottedplant 0.0093 342 146 401 204
pottedplant 0.0092 249 26 310 122
pottedplant 0.0088 246 71 399 222
pottedplant 0.0088 38 88 94 174
pottedplant 0.0087 376 58 397 78
pottedplant 0.0087 490 258 500 289
pottedplant 0.0086 302 97 429 266
pottedplant 0.0085 358 31 396 78
pottedplant 0.0083 262 153 288 181
pottedplant 0.0083 256 27 296 92
pottedplant 0.0082 131 68 163 198
pottedplant 0.0079 373 29 416 79
pottedplant 0.0074 218 61 251 97
pottedplant 0.0071 266 109 322 196
pottedplant 0.0064 28 27 44 58
pottedplant 0.0062 295 30 331 73
pottedplant 0.0061 257 152 291 197
pottedplant 0.0059 310 22 361 88
pottedplant 0.0058 332 166 350 204
pottedplant 0.0057 -9 -20 508 310
pottedplant 0.0056 278 129 308 183
pottedplant 0.0055 334 88 451 213
pottedplant 0.0055 301 59 325 85
pottedplant 0.0054 140 138 156 189
pottedplant 0.0053 322 173 350 236
pottedplant 0.0052 55 7 107 60
pottedplant 0.0050 0 122 18 215
pottedplant 0.0049 376 199 408 257
pottedplant 0.0048 299 -1 416 75
pottedplant 0.0047 388 47 410 77
pottedplant 0.0046 0 90 6 148
pottedplant 0.0046 291 169 347 239
pottedplant 0.0045 53 74 127 206
pottedplant 0.0045 396 92 416 126
