person 0.7721 75 157 314 443
person 0.3338 54 23 260 300
person 0.0263 3 48 281 458
person 0.0060 107 165 272 369
person 0.0021 186 229 261 334
person 0.0013 181 198 243 318
person 0.0010 40 294 309 443
bird 0.0011 193 201 219 234
dog 0.0013 -2 268 70 379
bottle 0.0010 219 259 259 317
chair 0.0365 6 59 326 448
chair 0.0031 223 136 332 299
chair 0.0024 68 157 281 440
sofa 0.5325 6 59 326 448
sofa 0.0479 68 157 281 440
sofa 0.0451 50 20 266 346
sofa 0.0253 223 136 332 299
sofa 0.0153 10 266 318 447
sofa 0.0139 207 134 334 441
sofa 0.0063 -1 137 121 448
sofa 0.0030 3 129 112 272
sofa 0.0020 90 120 314 332
sofa 0.0019 1 369 111 446
