person 0.0150 269 153 282 170
person 0.0057 338 200 344 220
person 0.0052 279 134 291 151
person 0.0040 318 179 327 205
person 0.0037 279 127 290 145
person 0.0036 268 153 283 191
person 0.0023 12 281 22 294
person 0.0017 295 148 305 174
person 0.0016 273 150 286 175
person 0.0016 296 146 304 164
person 0.0013 285 134 295 154
person 0.0013 337 199 343 209
person 0.0012 276 139 290 166
person 0.0010 287 140 297 165
car 0.0537 12 281 34 294
car 0.0151 33 271 52 289
car 0.0144 33 269 72 288
car 0.0138 16 278 48 294
car 0.0110 56 270 72 282
car 0.0108 21 273 47 289
car 0.0074 63 271 74 280
car 0.0059 34 278 50 293
car 0.0055 64 267 80 277
car 0.0045 0 291 8 300
car 0.0040 12 281 22 294
car 0.0038 0 275 8 300
car 0.0026 0 262 9 275
car 0.0025 50 268 74 277
car 0.0022 71 266 89 277
car 0.0015 21 266 76 292
car 0.0015 14 274 37 289
car 0.0014 37 266 68 277
car 0.0011 27 261 42 276
train 0.9890 76 48 346 306
