bird 0.0055 110 42 128 60
bird 0.0026 14 334 96 375
cat 0.0011 14 334 96 375
horse 0.0016 110 45 128 62
chair 0.0152 14 333 94 374
chair 0.0142 474 211 500 372
chair 0.0111 0 210 98 377
chair 0.0094 472 289 500 373
chair 0.0089 311 134 502 255
chair 0.0057 479 186 500 322
chair 0.0038 4 285 95 376
chair 0.0035 486 259 500 374
chair 0.0022 482 119 499 273
chair 0.0021 453 234 500 374
chair 0.0014 473 334 499 374
chair 0.0014 487 162 500 278
chair 0.0013 0 206 10 351
chair 0.0010 0 147 17 361
chair 0.0010 493 96 500 172
sofa 0.9885 310 135 499 252
sofa 0.0019 482 119 499 273
sofa 0.0013 14 334 96 375
sofa 0.0010 479 186 500 322
pottedplant 0.9251 277 94 358 175
pottedplant 0.0050 288 126 340 187
pottedplant 0.0035 296 106 363 160
pottedplant 0.0019 280 93 347 142
pottedplant 0.0017 14 334 96 375
pottedplant 0.0013 342 122 357 146
pottedplant 0.0011 300 137 319 189
tvmonitor 0.0024 0 208 12 367
tvmonitor 0.0011 0 194 7 326
tvmonitor 0.0011 0 147 17 361
