person 0.9876 52 182 90 295
person 0.9817 -1 165 33 317
person 0.8777 371 209 463 377
person 0.8101 348 194 410 310
person 0.7572 308 196 332 259
person 0.6277 472 184 500 329
person 0.3163 303 198 317 247
person 0.0476 408 200 425 217
person 0.0410 98 147 380 278
person 0.0399 0 167 13 315
person 0.0364 470 195 500 246
person 0.0332 0 149 7 174
person 0.0263 353 213 402 362
person 0.0234 0 148 9 197
person 0.0183 365 203 372 217
person 0.0142 485 164 501 319
person 0.0122 0 184 8 220
person 0.0112 493 201 500 240
person 0.0110 381 211 439 295
person 0.0106 495 200 500 224
person 0.0104 0 156 18 236
person 0.0103 13 131 152 307
person 0.0097 0 167 10 216
person 0.0085 0 179 421 346
person 0.0084 59 177 72 203
person 0.0077 301 210 311 246
person 0.0075 305 202 317 225
person 0.0067 0 189 26 243
person 0.0060 435 207 445 239
person 0.0059 454 200 499 312
person 0.0059 84 192 92 213
person 0.0059 0 184 11 242
person 0.0059 61 174 70 196
person 0.0058 224 166 233 182
person 0.0057 320 200 337 240
person 0.0051 473 265 499 330
person 0.0047 392 254 466 361
person 0.0047 481 215 503 338
person 0.0046 323 208 430 370
person 0.0039 98 185 109 218
person 0.0036 324 202 333 220
person 0.0035 0 202 7 314
person 0.0035 316 199 328 224
person 0.0033 101 185 114 218
person 0.0031 443 221 451 240
person 0.0030 7 179 24 228
person 0.0029 149 207 164 217
person 0.0028 5 177 21 210
person 0.0027 94 207 104 218
person 0.0027 494 187 500 218
person 0.0027 406 201 416 217
person 0.0026 356 201 368 218
person 0.0026 30 136 37 148
person 0.0026 364 190 460 281
person 0.0025 476 120 500 276
person 0.0025 4 156 19 190
person 0.0024 312 196 332 229
person 0.0023 380 217 386 225
person 0.0023 423 267 471 334
person 0.0022 105 185 114 203
person 0.0021 114 209 122 216
person 0.0019 327 221 335 236
person 0.0018 0 235 5 303
person 0.0017 0 141 23 205
person 0.0016 457 202 498 261
person 0.0015 34 156 103 275
person 0.0014 100 185 107 203
person 0.0014 473 199 498 227
person 0.0014 296 189 425 320
person 0.0013 32 174 93 227
person 0.0013 103 205 115 217
person 0.0013 347 200 355 225
person 0.0013 83 201 96 219
person 0.0013 322 200 336 224
person 0.0012 340 244 383 307
person 0.0012 0 177 97 297
person 0.0012 456 276 478 322
person 0.0012 19 159 32 184
person 0.0011 0 147 21 181
person 0.0011 492 178 500 226
person 0.0011 342 216 358 229
person 0.0010 373 216 406 300
person 0.0010 20 155 31 176
person 0.0010 406 199 426 239
person 0.0010 316 210 342 248
person 0.0010 11 178 33 228
person 0.0010 382 256 397 287
person 0.0010 50 166 78 203
person 0.0010 33 151 55 179
person 0.0010 0 206 9 255
person 0.0010 484 198 500 245
bicycle 0.0093 312 195 330 259
bicycle 0.0058 303 202 316 253
bicycle 0.0013 327 221 335 236
car 0.0058 -1 133 163 223
car 0.0044 -1 150 11 213
car 0.0039 0 149 7 174
car 0.0031 0 156 18 236
car 0.0026 45 177 96 298
car 0.0019 0 184 8 220
car 0.0019 13 131 152 307
car 0.0015 5 178 26 229
car 0.0014 310 193 332 255
car 0.0013 5 177 21 210
car 0.0013 0 172 10 231
car 0.0010 0 187 28 251
motorbike 0.0014 307 195 333 259
aeroplane 0.1795 0 134 163 230
aeroplane 0.0309 12 129 154 307
aeroplane 0.0017 0 143 17 216
aeroplane 0.0015 45 177 96 298
aeroplane 0.0014 97 138 355 256
bus 0.0044 108 141 366 254
bus 0.0043 -3 132 164 256
bus 0.0010 0 143 17 216
train 0.9416 108 141 366 254
train 0.4142 0 134 163 230
train 0.0616 13 131 152 307
train 0.0131 -2 119 369 307
train 0.0062 34 156 103 275
train 0.0057 406 195 427 214
train 0.0050 307 193 333 254
train 0.0037 375 169 499 291
train 0.0033 350 186 478 244
train 0.0030 351 196 435 284
train 0.0022 382 103 498 265
train 0.0020 0 143 17 216
train 0.0018 5 128 250 252
train 0.0017 346 176 406 220
train 0.0014 3 90 360 225
train 0.0014 374 169 491 232
train 0.0011 405 185 496 246
train 0.0010 0 83 17 198
train 0.0010 369 208 453 300
train 0.0010 476 120 500 276
boat 0.0034 -3 132 164 256
boat 0.0017 22 133 119 298
bottle 0.0783 384 267 396 289
bottle 0.0232 383 259 395 283
bottle 0.0029 384 254 392 268
bottle 0.0026 382 276 396 294
bottle 0.0018 372 269 390 290
bottle 0.0010 379 272 398 300
chair 0.0013 310 194 332 260
chair 0.0011 303 202 316 253
