person 0.9780 132 32 337 373
person 0.9756 374 0 499 369
person 0.0048 359 170 374 194
person 0.0046 408 146 423 163
person 0.0043 331 159 347 181
person 0.0039 432 96 446 113
person 0.0032 440 -3 499 365
person 0.0032 340 138 361 185
person 0.0030 483 17 500 341
person 0.0027 341 136 356 153
person 0.0019 412 127 428 161
person 0.0017 410 99 423 115
person 0.0016 340 110 357 138
person 0.0015 3 101 55 372
person 0.0015 0 155 27 315
person 0.0013 329 151 353 198
person 0.0013 0 124 6 145
person 0.0012 408 99 425 128
person 0.0012 421 141 438 161
person 0.0011 378 165 397 182
person 0.0011 333 185 351 203
person 0.0010 422 96 435 117
person 0.0010 420 100 436 126
person 0.0010 376 164 399 201
bottle 0.9864 25 159 46 245
bottle 0.9484 3 162 27 245
bottle 0.8483 314 48 331 85
bottle 0.7642 335 46 353 86
bottle 0.6882 354 49 371 86
bottle 0.5957 86 157 94 181
bottle 0.5018 93 154 108 179
bottle 0.4863 63 159 75 181
bottle 0.4145 76 159 84 182
bottle 0.1547 50 164 60 180
bottle 0.0871 0 164 10 242
bottle 0.0669 123 42 330 376
bottle 0.0430 27 152 40 189
bottle 0.0377 60 160 71 181
bottle 0.0096 6 160 18 185
bottle 0.0080 74 157 89 183
bottle 0.0073 338 58 356 89
bottle 0.0070 2 146 112 234
bottle 0.0059 27 154 106 200
bottle 0.0058 1 161 9 184
bottle 0.0052 370 -8 500 338
bottle 0.0052 15 163 31 242
bottle 0.0046 49 164 61 199
bottle 0.0044 93 159 108 203
bottle 0.0043 356 51 369 68
bottle 0.0039 270 12 314 64
bottle 0.0037 359 61 374 89
bottle 0.0036 66 16 414 294
bottle 0.0036 340 46 355 74
bottle 0.0032 0 199 6 240
bottle 0.0031 15 147 51 248
bottle 0.0029 1 92 118 207
bottle 0.0027 331 47 375 86
bottle 0.0024 21 169 65 254
bottle 0.0022 320 49 340 86
bottle 0.0022 83 154 97 179
bottle 0.0021 77 169 85 190
bottle 0.0021 85 163 94 196
bottle 0.0020 23 170 29 194
bottle 0.0020 347 51 371 99
bottle 0.0020 7 74 181 220
bottle 0.0019 292 62 308 85
bottle 0.0019 0 155 27 315
bottle 0.0017 0 160 9 201
bottle 0.0016 22 54 314 244
bottle 0.0016 87 153 114 203
bottle 0.0015 39 182 121 276
bottle 0.0014 108 170 148 232
bottle 0.0014 49 170 111 226
bottle 0.0013 272 37 312 80
bottle 0.0013 384 46 404 90
bottle 0.0013 315 98 334 130
bottle 0.0012 77 40 410 171
bottle 0.0012 268 0 317 43
bottle 0.0012 46 163 63 220
bottle 0.0011 0 136 64 251
bottle 0.0011 32 178 48 242
bottle 0.0011 17 186 29 235
bottle 0.0011 2 159 26 207
bottle 0.0011 69 149 131 207
bottle 0.0010 355 69 371 97
chair 0.1254 0 282 49 375
chair 0.0025 109 171 148 233
chair 0.0020 124 83 329 378
chair 0.0010 0 278 101 374
sofa 0.0014 0 281 48 374
pottedplant 0.0021 267 1 317 34
diningtable 0.0011 0 281 48 374
tvmonitor 0.0025 109 171 148 233
tvmonitor 0.0015 117 63 184 124
