person 0.1593 227 34 239 44
person 0.1452 135 52 148 87
person 0.1084 278 53 313 92
person 0.0518 138 54 155 86
person 0.0174 261 57 300 91
person 0.0127 152 44 169 76
person 0.0071 31 26 512 192
person 0.0070 135 35 153 85
person 0.0044 261 59 287 84
person 0.0030 218 34 238 46
person 0.0028 242 80 269 96
person 0.0025 155 46 178 74
person 0.0025 290 54 331 90
person 0.0024 238 56 283 92
person 0.0022 257 103 289 132
person 0.0017 233 33 254 43
person 0.0016 242 25 249 40
person 0.0016 142 49 177 88
person 0.0014 157 58 175 75
person 0.0013 223 32 246 47
person 0.0011 89 20 98 43
person 0.0010 199 55 319 92
person 0.0010 319 54 362 90
bicycle 0.0022 138 54 155 86
car 0.9793 3 27 485 193
car 0.0048 55 28 437 99
car 0.0036 488 109 500 125
car 0.0032 257 103 289 132
car 0.0024 137 23 343 92
car 0.0022 0 48 7 71
car 0.0017 489 88 500 125
car 0.0013 493 69 499 110
car 0.0012 163 47 279 91
motorbike 0.0017 -4 49 492 201
bus 0.0019 -1 1 89 35
pottedplant 0.0139 474 70 499 125
pottedplant 0.0112 153 45 168 57
pottedplant 0.0091 489 88 500 125
pottedplant 0.0089 467 6 499 71
pottedplant 0.0085 155 45 178 74
pottedplant 0.0059 471 9 496 51
pottedplant 0.0050 156 42 175 59
pottedplant 0.0047 152 44 169 76
pottedplant 0.0027 169 50 183 69
pottedplant 0.0024 170 39 184 62
pottedplant 0.0024 469 13 501 127
pottedplant 0.0020 488 109 500 125
pottedplant 0.0014 462 77 492 120
pottedplant 0.0013 492 65 500 116
