person 0.9966 119 73 214 307
person 0.0076 492 117 500 192
person 0.0040 493 138 500 204
person 0.0034 217 89 230 118
person 0.0022 494 118 500 172
person 0.0021 484 130 500 220
person 0.0020 64 106 80 120
person 0.0019 174 114 470 331
person 0.0017 493 125 500 257
person 0.0010 43 104 210 276
person 0.0010 349 153 401 193
bicycle 0.0020 492 132 500 192
car 0.9818 184 131 463 329
car 0.7276 0 95 136 286
car 0.1184 25 112 228 285
car 0.0565 53 120 138 194
car 0.0498 492 117 500 192
car 0.0483 456 131 499 188
car 0.0391 116 65 215 303
car 0.0263 39 116 220 203
car 0.0188 111 102 217 217
car 0.0137 49 118 157 233
car 0.0092 458 156 496 188
car 0.0057 493 138 500 204
car 0.0050 494 118 500 172
car 0.0050 120 108 211 166
car 0.0047 472 114 499 195
car 0.0047 484 92 500 190
car 0.0033 -1 87 97 232
car 0.0031 87 116 133 133
car 0.0027 484 130 500 220
car 0.0026 451 93 501 204
car 0.0023 493 113 500 134
car 0.0022 281 129 359 139
car 0.0019 73 118 143 169
car 0.0014 63 117 135 149
car 0.0013 41 101 62 116
car 0.0013 479 146 498 180
car 0.0012 48 112 133 139
car 0.0011 0 104 64 275
car 0.0011 68 130 185 263
car 0.0011 95 99 127 115
car 0.0011 93 111 130 119
car 0.0010 21 85 481 300
car 0.0010 27 99 61 116
motorbike 0.0085 492 130 500 193
motorbike 0.0011 485 121 500 193
bus 0.0021 116 65 215 303
bus 0.0012 187 118 476 326
chair 0.0023 456 131 499 188
chair 0.0014 492 132 500 192
chair 0.0014 485 121 500 193
chair 0.0010 458 156 496 188
pottedplant 0.0028 229 44 279 85
pottedplant 0.0024 169 41 187 72
pottedplant 0.0021 302 104 322 122
pottedplant 0.0015 162 40 191 85
pottedplant 0.0010 219 42 300 123
pottedplant 0.0010 385 112 410 133
pottedplant 0.0010 492 132 500 192
diningtable 0.0010 455 150 498 195
