person 0.0117 -6 -9 505 262
person 0.0036 0 0 86 156
person 0.0013 -3 -3 174 159
person 0.0011 473 2 500 202
person 0.0010 0 -11 63 286
dog 0.9877 0 1 503 274
dog 0.0032 451 2 500 210
dog 0.0028 77 -13 486 175
dog 0.0013 469 99 500 217
horse 0.0013 468 6 500 226
horse 0.0010 468 110 500 207
sheep 0.0010 473 2 500 202
cow 0.0033 473 2 500 202
cow 0.0017 469 99 500 217
chair 0.0116 -5 -9 506 261
chair 0.0034 1 -3 175 151
chair 0.0011 0 0 86 156
sofa 0.1304 -5 -9 506 261
sofa 0.0090 2 -4 175 151
sofa 0.0034 -1 -2 90 154
sofa 0.0029 3 74 495 381
