person 0.0195 119 151 126 164
person 0.0051 118 151 127 173
person 0.0011 476 170 492 178
person 0.0011 490 166 500 182
person 0.0010 488 174 500 193
car 0.0028 464 172 488 180
car 0.0026 93 133 415 283
car 0.0022 -1 168 47 217
car 0.0021 476 170 492 178
car 0.0018 488 120 500 151
car 0.0016 492 131 500 159
car 0.0016 475 119 500 152
car 0.0011 490 166 500 182
aeroplane 0.0631 97 139 413 276
aeroplane 0.0014 90 13 420 278
train 0.0019 90 135 399 279
boat 0.4165 98 138 412 277
boat 0.0407 349 41 471 175
boat 0.0340 397 131 473 175
boat 0.0200 407 151 468 174
boat 0.0180 378 111 499 180
boat 0.0111 356 126 434 172
boat 0.0106 464 172 488 180
boat 0.0092 476 170 492 178
boat 0.0087 490 166 500 182
boat 0.0079 92 50 419 248
boat 0.0073 388 141 430 170
boat 0.0063 347 91 437 171
boat 0.0062 475 146 499 158
boat 0.0058 100 133 390 215
boat 0.0055 491 142 500 162
boat 0.0053 474 136 499 156
boat 0.0048 488 174 500 193
boat 0.0039 475 118 500 153
boat 0.0036 475 97 500 167
boat 0.0029 488 120 500 151
boat 0.0028 404 150 434 174
boat 0.0026 418 127 493 165
boat 0.0025 487 162 500 187
boat 0.0024 492 146 500 183
boat 0.0021 366 115 431 157
boat 0.0021 489 132 500 174
boat 0.0018 420 143 455 168
boat 0.0018 445 122 500 179
boat 0.0016 472 166 498 182
boat 0.0014 384 121 451 171
boat 0.0013 475 133 500 199
boat 0.0013 458 173 478 180
boat 0.0011 460 168 493 181
boat 0.0011 466 177 482 183
boat 0.0011 382 145 449 179
boat 0.0011 457 140 496 167
boat 0.0011 391 134 426 157
boat 0.0010 484 127 500 161
chair 0.0010 -1 168 47 217
