person 0.9916 190 129 294 279
person 0.0640 175 51 191 70
person 0.0218 153 45 172 69
person 0.0034 175 59 191 73
person 0.0025 105 156 377 312
person 0.0020 164 49 180 69
person 0.0018 103 56 123 67
person 0.0013 27 170 433 410
person 0.0013 474 231 483 258
person 0.0011 254 69 261 87
car 0.0601 435 227 483 261
car 0.0450 102 51 147 69
car 0.0388 103 56 123 67
car 0.0131 384 228 482 268
car 0.0108 0 34 21 44
car 0.0063 433 228 482 301
car 0.0063 368 234 484 305
car 0.0062 175 59 191 73
car 0.0040 121 47 143 59
car 0.0031 106 46 162 71
car 0.0027 96 35 118 45
car 0.0025 107 60 143 70
car 0.0024 474 231 483 258
car 0.0021 102 44 147 62
car 0.0020 102 60 128 70
car 0.0014 96 36 151 68
car 0.0014 0 30 13 39
car 0.0014 174 51 191 70
car 0.0012 455 224 483 253
car 0.0011 153 45 173 69
car 0.0010 0 35 27 64
boat 0.0043 379 171 483 247
boat 0.0036 452 136 484 175
boat 0.0025 434 227 483 262
boat 0.0023 371 215 484 279
boat 0.0012 451 99 483 170
boat 0.0010 368 234 484 305
bird 0.0039 360 417 409 447
horse 0.9944 24 185 382 422
horse 0.0029 0 182 44 232
horse 0.0019 105 156 377 312
horse 0.0016 296 178 383 275
horse 0.0016 190 129 295 280
horse 0.0015 284 174 325 209
cow 0.0039 0 181 44 233
chair 0.0052 0 182 45 232
chair 0.0025 0 180 15 222
chair 0.0013 175 59 191 73
diningtable 0.0242 0 160 176 230
diningtable 0.0046 -3 159 160 182
diningtable 0.0014 -1 138 169 178
diningtable 0.0012 313 274 483 416
