person 0.9653 6 75 168 334
person 0.9009 343 165 440 269
person 0.7890 219 157 282 253
person 0.0788 11 106 40 165
person 0.0617 0 281 12 331
person 0.0209 451 163 495 222
person 0.0187 0 87 18 344
person 0.0179 221 199 252 259
person 0.0165 154 274 176 315
person 0.0155 481 169 500 259
person 0.0152 0 254 16 331
person 0.0126 0 264 12 311
person 0.0118 0 285 46 331
person 0.0116 400 151 434 205
person 0.0113 453 187 478 210
person 0.0100 492 138 500 263
person 0.0097 491 201 500 257
person 0.0093 0 281 24 311
person 0.0089 420 177 441 206
person 0.0084 468 172 487 188
person 0.0079 240 152 284 229
person 0.0076 451 172 481 210
person 0.0067 449 141 501 252
person 0.0066 8 129 44 174
person 0.0065 161 154 343 326
person 0.0057 18 120 43 147
person 0.0055 0 213 13 320
person 0.0048 224 154 268 209
person 0.0044 0 122 57 341
person 0.0044 390 161 441 225
person 0.0043 0 221 24 332
person 0.0040 320 168 465 333
person 0.0040 210 150 300 318
person 0.0039 155 293 173 314
person 0.0038 50 106 75 135
person 0.0038 412 154 446 206
person 0.0033 45 124 163 298
person 0.0032 221 163 254 238
person 0.0028 251 148 393 266
person 0.0026 424 186 444 207
person 0.0025 471 124 500 263
person 0.0025 389 154 498 268
person 0.0024 395 173 419 204
person 0.0024 10 101 53 147
person 0.0024 316 160 361 199
person 0.0023 0 157 88 305
person 0.0023 0 110 18 202
person 0.0022 408 178 426 203
person 0.0022 290 150 458 277
person 0.0022 463 172 488 208
person 0.0021 21 288 46 305
person 0.0020 407 158 427 184
person 0.0020 493 174 500 246
person 0.0019 359 144 464 250
person 0.0018 3 97 55 175
person 0.0017 434 154 472 203
person 0.0017 371 146 394 174
person 0.0017 221 202 237 255
person 0.0017 44 138 240 255
person 0.0016 -1 217 50 333
person 0.0016 470 158 495 202
person 0.0016 242 176 266 221
person 0.0015 318 109 491 228
person 0.0015 0 116 7 265
person 0.0014 0 293 28 333
person 0.0014 482 57 500 258
person 0.0014 339 146 447 207
person 0.0013 0 308 11 336
person 0.0013 0 105 51 247
person 0.0013 1 286 47 306
person 0.0013 474 217 500 286
person 0.0013 222 155 330 268
person 0.0013 341 177 399 277
person 0.0012 341 202 485 303
person 0.0012 0 237 11 297
person 0.0011 242 167 262 191
person 0.0010 222 196 244 241
person 0.0010 446 172 470 207
person 0.0010 355 149 403 197
person 0.0010 0 178 8 318
person 0.0010 0 123 11 157
person 0.0010 228 155 265 187
person 0.0010 425 163 484 223
bicycle 0.0019 0 296 11 332
motorbike 0.0030 0 282 12 331
motorbike 0.0014 0 285 46 331
motorbike 0.0013 1 77 172 340
aeroplane 0.0116 20 105 246 299
aeroplane 0.0102 1 77 172 340
aeroplane 0.0089 -2 47 506 287
aeroplane 0.0043 89 144 276 214
aeroplane 0.0042 145 152 269 203
aeroplane 0.0019 219 157 282 253
aeroplane 0.0019 56 113 296 236
train 0.0017 1 77 172 340
boat 0.0015 -2 47 506 287
bottle 0.0024 410 181 425 201
bottle 0.0022 420 177 441 206
bottle 0.0019 405 158 430 204
bottle 0.0013 407 158 427 184
chair 0.0022 191 260 321 326
diningtable 0.0014 323 244 503 334
tvmonitor 0.0231 191 260 321 326
tvmonitor 0.0011 200 272 232 314
tvmonitor 0.0011 164 220 344 332
