person 0.0281 334 101 375 144
person 0.0209 303 103 372 146
person 0.0109 263 101 333 144
person 0.0078 154 100 242 145
person 0.0058 345 111 372 147
person 0.0029 265 101 302 142
person 0.0027 162 99 212 138
person 0.0026 85 57 457 305
person 0.0019 180 97 342 146
person 0.0016 304 118 359 142
person 0.0014 220 98 302 144
person 0.0014 163 84 402 157
person 0.0010 322 78 381 145
person 0.0010 319 124 342 136
car 0.4538 81 58 445 303
car 0.0403 84 50 438 159
car 0.0044 470 45 500 353
car 0.0034 457 166 500 332
car 0.0017 109 57 441 115
bus 0.0019 86 54 455 308
