person 0.9657 5 66 351 504
person 0.7690 -1 124 93 236
person 0.6411 56 130 119 200
person 0.6207 110 7 176 183
person 0.4247 265 4 373 415
person 0.1775 163 302 374 499
person 0.1486 62 94 89 154
person 0.1367 241 64 279 139
person 0.0992 294 305 376 485
person 0.0822 0 118 92 376
person 0.0599 158 45 226 152
person 0.0551 78 70 119 150
person 0.0462 109 13 164 110
person 0.0430 171 44 228 90
person 0.0401 158 25 366 491
person 0.0320 267 2 372 199
person 0.0276 326 302 376 447
person 0.0267 66 75 129 188
person 0.0246 59 135 237 382
person 0.0204 104 96 171 309
person 0.0199 156 55 231 222
person 0.0189 118 124 168 195
person 0.0149 175 21 228 76
person 0.0140 75 31 160 179
person 0.0097 292 136 374 418
person 0.0096 297 425 374 480
person 0.0094 -1 203 115 449
person 0.0093 1 179 201 491
person 0.0092 60 163 170 351
person 0.0089 233 0 270 68
person 0.0089 59 89 114 167
person 0.0086 98 187 168 297
person 0.0074 168 43 274 153
person 0.0069 219 168 365 502
person 0.0065 336 259 375 412
person 0.0063 180 49 225 73
person 0.0062 51 230 317 494
person 0.0062 89 15 286 411
person 0.0054 26 130 97 203
person 0.0050 1 385 375 499
person 0.0050 156 10 232 114
person 0.0047 221 382 375 499
person 0.0046 76 126 162 204
person 0.0044 123 23 181 99
person 0.0044 230 67 302 185
person 0.0042 131 38 254 307
person 0.0041 48 133 86 183
person 0.0039 3 396 197 500
person 0.0039 111 18 264 186
person 0.0038 158 289 219 435
person 0.0037 323 170 375 386
person 0.0036 252 4 294 82
person 0.0036 56 109 81 167
person 0.0035 91 171 151 227
person 0.0033 178 80 351 348
person 0.0032 -1 124 56 205
person 0.0031 51 145 67 169
person 0.0029 81 70 116 114
person 0.0028 58 113 97 187
person 0.0028 164 459 373 500
person 0.0026 100 209 209 444
person 0.0025 133 109 174 186
person 0.0024 236 2 265 24
person 0.0024 234 11 280 119
person 0.0022 40 100 180 253
person 0.0022 56 139 139 264
person 0.0021 174 28 250 106
person 0.0021 134 31 172 90
person 0.0020 109 85 161 192
person 0.0019 95 153 146 208
person 0.0018 162 52 224 109
person 0.0018 64 117 83 159
person 0.0018 10 116 72 178
person 0.0017 131 109 177 295
person 0.0016 155 119 170 159
person 0.0016 362 39 372 64
person 0.0016 49 51 121 163
person 0.0015 185 176 250 256
person 0.0015 179 0 247 68
person 0.0014 95 172 146 277
person 0.0014 148 32 176 74
person 0.0013 92 157 120 199
person 0.0013 210 13 265 72
person 0.0013 75 150 96 186
person 0.0012 363 39 370 51
person 0.0012 121 78 187 208
person 0.0010 65 92 86 129
person 0.0010 268 2 308 83
person 0.0010 147 13 210 80
person 0.0010 290 2 332 45
person 0.0010 120 51 166 169
bottle 0.0887 189 182 241 257
bottle 0.0064 102 172 112 197
bottle 0.0063 111 170 121 189
bottle 0.0040 100 166 115 194
bottle 0.0034 52 146 67 166
bottle 0.0026 106 173 121 198
bottle 0.0019 95 158 118 198
chair 0.7599 -2 204 115 448
chair 0.1700 89 191 164 306
chair 0.1015 75 184 173 383
chair 0.0378 3 78 308 494
chair 0.0342 0 410 52 493
chair 0.0121 96 187 133 206
chair 0.0113 12 171 199 482
chair 0.0100 304 200 373 376
chair 0.0071 100 209 209 444
chair 0.0061 4 302 369 500
chair 0.0054 1 210 99 350
chair 0.0047 211 472 374 500
chair 0.0040 3 396 197 500
chair 0.0036 59 135 237 382
chair 0.0035 95 172 146 277
chair 0.0034 220 305 376 497
chair 0.0025 162 380 375 500
chair 0.0025 159 188 169 222
chair 0.0025 327 188 375 446
chair 0.0024 164 155 370 501
chair 0.0023 0 353 67 477
chair 0.0020 336 259 375 412
chair 0.0020 7 448 372 500
chair 0.0019 285 105 376 470
chair 0.0019 95 174 143 223
chair 0.0017 324 197 376 320
chair 0.0016 60 232 250 490
chair 0.0014 158 289 219 435
chair 0.0013 304 306 373 491
chair 0.0013 1 401 53 458
chair 0.0012 207 444 374 500
chair 0.0012 99 126 172 314
chair 0.0011 -2 212 58 494
chair 0.0010 0 316 126 492
chair 0.0010 294 474 373 499
sofa 0.0099 -13 138 375 500
sofa 0.0081 2 378 374 501
sofa 0.0076 163 302 374 499
sofa 0.0048 164 459 373 500
sofa 0.0037 7 448 372 500
sofa 0.0037 221 382 375 499
sofa 0.0033 0 411 52 493
sofa 0.0033 3 400 195 501
sofa 0.0020 -2 204 115 448
sofa 0.0016 51 230 317 494
sofa 0.0015 304 200 373 376
sofa 0.0013 304 306 373 491
sofa 0.0013 75 184 173 383
sofa 0.0012 90 474 382 499
sofa 0.0010 98 190 167 308
diningtable 0.0026 96 187 133 206
diningtable 0.0014 177 471 372 500
