person 0.0122 129 63 136 74
person 0.0098 142 64 148 74
person 0.0092 129 63 148 75
person 0.0010 288 59 292 65
dog 0.0030 129 63 148 75
horse 0.9947 206 120 311 208
horse 0.9901 32 135 173 309
horse 0.8243 129 63 148 75
horse 0.8227 368 114 418 297
horse 0.1225 129 63 136 74
horse 0.0944 142 64 148 74
horse 0.0783 376 111 418 222
horse 0.0298 378 146 416 260
horse 0.0121 373 121 496 292
horse 0.0105 395 120 417 222
horse 0.0045 247 64 263 75
horse 0.0037 388 129 424 246
horse 0.0025 377 118 439 263
horse 0.0025 250 48 260 72
horse 0.0021 29 154 105 306
horse 0.0019 128 69 149 83
horse 0.0015 130 59 148 69
horse 0.0014 141 73 157 80
horse 0.0014 393 160 417 246
horse 0.0013 137 61 155 78
horse 0.0012 126 61 139 77
horse 0.0010 323 114 427 304
sheep 0.0033 129 63 148 75
cow 0.0255 129 63 148 75
cow 0.0025 0 38 7 46
cow 0.0024 129 63 136 74
cow 0.0021 142 64 148 74
