person 0.0619 225 201 241 223
person 0.0088 488 168 500 275
person 0.0071 226 203 240 256
person 0.0047 490 180 500 200
person 0.0046 0 218 9 240
person 0.0042 381 169 499 287
person 0.0039 227 231 239 254
person 0.0031 0 211 7 236
person 0.0028 393 236 424 281
person 0.0024 483 209 500 288
person 0.0017 0 216 31 240
person 0.0015 0 228 9 247
person 0.0014 248 230 255 247
person 0.0012 450 171 462 176
person 0.0010 224 194 246 247
bicycle 0.0010 35 242 53 254
car 0.9375 388 171 499 274
car 0.4775 0 216 31 240
car 0.0864 277 184 358 222
car 0.0584 274 195 320 227
car 0.0472 -1 220 51 252
car 0.0462 484 178 500 285
car 0.0389 0 218 9 240
car 0.0277 35 242 53 254
car 0.0211 0 233 50 263
car 0.0178 226 201 241 223
car 0.0166 0 228 9 247
car 0.0159 71 221 92 238
car 0.0136 222 166 232 176
car 0.0121 68 201 96 217
car 0.0111 488 203 500 276
car 0.0081 59 219 85 241
car 0.0065 0 211 7 236
car 0.0059 0 225 29 250
car 0.0057 278 191 311 215
car 0.0048 0 229 10 270
car 0.0047 41 216 84 244
car 0.0046 32 232 54 253
car 0.0043 0 224 26 276
car 0.0040 6 252 22 264
car 0.0039 319 189 364 216
car 0.0036 11 237 54 257
car 0.0031 78 222 101 237
car 0.0029 326 201 356 218
car 0.0027 101 204 116 217
car 0.0024 23 200 101 219
car 0.0024 63 199 115 220
car 0.0022 472 170 500 274
car 0.0022 6 213 36 235
car 0.0021 -1 203 49 240
car 0.0020 267 181 382 240
car 0.0020 334 194 364 213
car 0.0018 19 212 79 252
car 0.0015 0 224 14 255
car 0.0015 221 161 234 171
car 0.0015 28 205 38 213
car 0.0014 -1 213 57 297
car 0.0014 261 180 307 222
car 0.0013 64 195 100 214
car 0.0013 105 186 116 195
car 0.0013 26 204 58 216
car 0.0012 63 207 98 236
car 0.0011 275 175 385 214
car 0.0011 95 203 109 217
car 0.0011 446 183 499 281
car 0.0011 264 198 305 224
car 0.0010 92 188 109 197
car 0.0010 328 198 371 221
car 0.0010 475 209 499 287
motorbike 0.0019 488 196 500 282
motorbike 0.0010 387 168 501 289
bus 0.0043 0 216 31 240
boat 0.0011 0 233 52 265
bird 0.0023 211 334 222 341
bird 0.0011 237 255 246 262
dog 0.0015 227 232 239 253
