person 0.9875 0 61 165 294
person 0.9595 207 28 366 252
person 0.8632 409 35 500 327
person 0.4915 175 159 274 260
person 0.2487 0 122 23 349
person 0.1216 0 148 25 242
person 0.0219 -1 73 30 282
person 0.0205 0 161 14 320
person 0.0157 -1 36 57 322
person 0.0151 0 117 26 201
person 0.0120 0 152 8 309
person 0.0082 0 155 27 190
person 0.0081 0 69 56 206
person 0.0075 189 159 243 200
person 0.0075 149 139 335 259
person 0.0042 27 43 392 242
person 0.0041 442 61 500 216
person 0.0037 0 111 496 343
person 0.0033 0 228 11 346
person 0.0032 0 76 93 355
person 0.0032 0 180 9 241
person 0.0028 0 241 19 381
person 0.0025 410 298 499 370
person 0.0025 0 68 22 177
person 0.0018 483 262 500 331
person 0.0017 0 223 24 332
person 0.0015 0 281 9 354
person 0.0015 -1 135 14 195
person 0.0014 -1 160 15 226
person 0.0014 494 21 500 131
person 0.0014 0 130 48 376
person 0.0013 484 198 500 354
person 0.0013 0 190 5 248
person 0.0010 486 285 500 369
bottle 0.5526 368 208 403 295
bottle 0.0025 351 208 388 254
bottle 0.0024 412 319 500 373
bottle 0.0019 489 287 500 383
bottle 0.0010 398 274 421 308
chair 0.7758 127 76 173 192
chair 0.2719 405 8 500 292
chair 0.2443 0 152 26 205
chair 0.1004 455 2 500 159
chair 0.0925 466 91 500 157
chair 0.0740 0 96 23 341
chair 0.0679 393 188 433 240
chair 0.0623 0 183 8 238
chair 0.0400 158 29 368 250
chair 0.0398 2 62 163 260
chair 0.0387 348 213 376 254
chair 0.0380 13 71 36 82
chair 0.0345 104 67 185 183
chair 0.0300 341 10 476 264
chair 0.0284 329 16 399 255
chair 0.0265 153 70 179 182
chair 0.0259 10 69 56 88
chair 0.0257 451 70 500 171
chair 0.0253 0 86 26 195
chair 0.0184 355 13 390 265
chair 0.0150 0 154 27 178
chair 0.0149 432 158 465 191
chair 0.0140 410 134 499 331
chair 0.0131 175 159 274 260
chair 0.0121 2 70 61 104
chair 0.0121 257 28 399 250
chair 0.0107 414 -1 498 172
chair 0.0100 0 69 56 206
chair 0.0096 389 52 481 225
chair 0.0095 0 165 24 256
chair 0.0092 102 80 153 160
chair 0.0085 114 84 142 157
chair 0.0076 23 31 483 351
chair 0.0075 0 177 11 208
chair 0.0063 -1 160 15 226
chair 0.0060 351 207 393 256
chair 0.0059 386 168 441 231
chair 0.0059 149 139 335 259
chair 0.0058 72 244 139 278
chair 0.0055 351 144 386 259
chair 0.0051 41 59 210 183
chair 0.0048 350 175 452 267
chair 0.0045 68 59 96 75
chair 0.0044 0 152 8 309
chair 0.0036 56 21 441 215
chair 0.0036 0 107 120 342
chair 0.0034 389 164 471 265
chair 0.0034 492 120 500 149
chair 0.0032 152 74 173 128
chair 0.0031 0 82 47 313
chair 0.0031 380 22 444 213
chair 0.0030 365 207 410 262
chair 0.0030 494 21 500 131
chair 0.0029 148 178 191 249
chair 0.0029 0 156 14 188
chair 0.0027 126 75 152 157
chair 0.0026 480 92 500 303
chair 0.0025 59 58 106 77
chair 0.0025 473 68 501 246
chair 0.0025 69 54 277 235
chair 0.0025 469 0 500 90
chair 0.0024 363 13 421 224
chair 0.0024 0 64 28 89
chair 0.0023 24 72 60 94
chair 0.0023 0 62 11 91
chair 0.0020 0 147 42 255
chair 0.0019 188 161 230 196
chair 0.0019 61 184 111 211
chair 0.0017 0 74 9 99
chair 0.0017 0 64 23 134
chair 0.0017 482 167 499 343
chair 0.0016 12 146 128 243
chair 0.0016 496 48 499 104
chair 0.0016 468 101 499 129
chair 0.0016 140 96 182 218
chair 0.0015 51 178 121 217
chair 0.0014 489 96 500 154
chair 0.0014 492 48 500 161
chair 0.0014 -8 62 271 305
chair 0.0014 424 114 472 192
chair 0.0014 62 60 82 76
chair 0.0014 51 113 154 246
chair 0.0013 109 111 134 158
chair 0.0013 0 102 12 204
chair 0.0013 0 79 8 110
chair 0.0013 5 198 172 316
chair 0.0013 0 45 55 85
chair 0.0012 120 69 198 242
chair 0.0012 0 75 27 100
chair 0.0012 468 92 499 119
chair 0.0011 0 202 3 257
chair 0.0011 416 101 498 186
chair 0.0011 9 60 136 93
chair 0.0011 401 249 500 369
chair 0.0011 19 223 151 289
chair 0.0011 0 161 14 320
chair 0.0011 57 250 124 286
chair 0.0010 -12 194 503 362
chair 0.0010 375 105 454 250
diningtable 0.9284 -12 231 503 370
diningtable 0.2122 0 67 136 159
diningtable 0.1424 1 61 164 262
diningtable 0.1413 0 78 61 111
diningtable 0.1212 0 76 62 161
diningtable 0.0193 125 70 193 181
diningtable 0.0150 87 50 319 181
diningtable 0.0115 453 33 500 156
diningtable 0.0112 -11 85 516 371
diningtable 0.0098 466 91 500 157
diningtable 0.0091 0 65 57 250
diningtable 0.0075 10 69 57 88
diningtable 0.0065 398 2 500 233
diningtable 0.0064 0 54 123 113
diningtable 0.0060 158 29 368 250
diningtable 0.0050 27 55 232 185
diningtable 0.0049 4 30 404 206
diningtable 0.0045 1 255 268 369
diningtable 0.0033 157 60 277 174
diningtable 0.0025 0 156 27 188
diningtable 0.0025 2 70 86 133
diningtable 0.0025 131 315 287 373
diningtable 0.0024 -1 80 30 108
diningtable 0.0024 21 71 62 97
diningtable 0.0021 0 179 10 227
diningtable 0.0021 0 73 49 99
diningtable 0.0019 102 80 153 160
diningtable 0.0017 341 10 476 264
diningtable 0.0017 9 52 162 83
diningtable 0.0017 121 73 162 192
diningtable 0.0014 468 92 499 119
diningtable 0.0013 2 71 92 283
diningtable 0.0012 9 60 136 93
diningtable 0.0012 45 57 205 97
diningtable 0.0012 8 65 75 102
diningtable 0.0012 467 4 501 120
diningtable 0.0012 66 291 348 372
diningtable 0.0012 58 58 122 77
diningtable 0.0012 0 148 25 242
diningtable 0.0011 401 249 500 369
diningtable 0.0011 493 30 500 160
diningtable 0.0011 11 70 39 84
diningtable 0.0010 300 240 500 372
diningtable 0.0010 0 252 113 367
diningtable 0.0010 0 68 22 177
