person 0.9815 235 65 498 369
person 0.7867 87 109 267 373
person 0.0234 13 105 487 368
person 0.0229 0 65 99 329
person 0.0087 0 80 17 352
person 0.0039 464 91 487 135
person 0.0039 0 87 15 232
person 0.0030 481 81 500 314
person 0.0028 5 68 90 180
person 0.0024 0 188 27 358
person 0.0021 0 106 57 365
person 0.0019 0 84 8 185
person 0.0018 0 129 10 177
person 0.0015 0 65 5 165
person 0.0014 0 2 99 200
person 0.0013 0 150 5 330
person 0.0012 474 134 500 371
person 0.0012 0 123 10 223
bottle 0.0041 425 302 501 373
bottle 0.0028 14 319 90 375
bottle 0.0019 377 294 443 377
bottle 0.0013 0 321 25 375
bottle 0.0012 58 324 89 373
chair 0.1169 -1 172 126 329
chair 0.1120 178 85 254 141
chair 0.0266 53 118 280 379
chair 0.0135 172 68 499 370
chair 0.0097 70 260 101 328
chair 0.0091 395 170 500 294
chair 0.0084 480 151 500 317
chair 0.0081 6 70 90 178
chair 0.0069 0 65 254 318
chair 0.0051 0 188 27 358
chair 0.0042 0 6 107 302
chair 0.0027 159 92 237 134
chair 0.0027 0 130 10 175
chair 0.0027 0 236 107 381
chair 0.0018 0 85 14 275
chair 0.0018 393 172 482 225
chair 0.0017 187 73 388 146
chair 0.0017 453 169 499 301
chair 0.0016 179 55 487 171
chair 0.0014 229 89 256 139
chair 0.0014 31 249 106 336
chair 0.0013 461 204 493 295
chair 0.0012 490 181 500 316
chair 0.0012 487 149 500 275
chair 0.0011 0 156 55 350
chair 0.0010 0 150 5 330
sofa 0.1765 0 171 125 330
sofa 0.0738 165 68 501 371
sofa 0.0385 88 118 323 376
sofa 0.0284 0 65 255 321
sofa 0.0149 178 87 256 139
sofa 0.0079 10 237 502 371
sofa 0.0047 395 170 500 294
sofa 0.0046 0 6 107 302
sofa 0.0034 179 55 487 171
sofa 0.0034 10 34 493 275
sofa 0.0024 0 236 107 381
sofa 0.0015 480 151 500 317
sofa 0.0014 1 150 194 364
sofa 0.0012 2 53 91 179
pottedplant 0.0013 481 81 500 314
diningtable 0.0335 79 292 423 372
diningtable 0.0320 377 294 443 377
diningtable 0.0291 3 314 88 377
diningtable 0.0243 -1 243 515 372
diningtable 0.0141 210 299 525 371
diningtable 0.0101 418 300 499 377
diningtable 0.0057 284 241 518 378
diningtable 0.0049 0 236 107 381
diningtable 0.0042 -2 168 120 337
diningtable 0.0032 -4 300 183 377
diningtable 0.0030 321 332 384 374
diningtable 0.0024 162 291 281 372
diningtable 0.0017 383 233 498 379
diningtable 0.0013 53 323 89 374
diningtable 0.0012 214 127 520 383
diningtable 0.0011 368 324 431 373
diningtable 0.0011 395 315 477 376
diningtable 0.0010 355 267 468 367
