person 0.9684 323 143 365 262
person 0.8659 89 127 209 334
person 0.6061 355 205 385 256
person 0.3352 102 60 266 326
person 0.0273 344 201 375 242
person 0.0075 369 217 385 256
person 0.0060 151 194 213 273
person 0.0047 330 198 386 263
person 0.0038 339 147 377 254
person 0.0021 344 3 350 17
person 0.0020 345 226 373 251
person 0.0014 341 145 355 156
person 0.0013 326 209 355 259
person 0.0013 352 182 366 199
person 0.0012 348 170 369 211
person 0.0010 372 210 384 233
bird 0.0022 344 3 350 17
