person 0.0027 66 106 104 145
person 0.0013 76 173 198 218
bird 0.8257 242 91 289 134
bird 0.7659 66 172 195 219
bird 0.7567 66 106 102 144
bird 0.6185 423 57 432 83
bird 0.5112 309 47 318 57
bird 0.4286 262 46 271 58
bird 0.3584 446 52 453 64
bird 0.1065 349 56 376 97
bird 0.0729 461 132 483 159
bird 0.0417 448 52 458 64
bird 0.0256 347 18 360 27
bird 0.0236 306 45 320 59
bird 0.0199 19 12 496 180
bird 0.0178 352 17 362 26
bird 0.0172 283 75 290 83
bird 0.0163 242 13 497 125
bird 0.0159 242 112 287 137
bird 0.0140 276 94 290 121
bird 0.0136 264 45 276 59
bird 0.0091 443 50 455 67
bird 0.0090 391 54 401 66
bird 0.0076 389 56 396 66
bird 0.0072 288 47 319 56
bird 0.0070 412 96 421 105
bird 0.0070 351 76 370 99
bird 0.0059 466 48 489 67
bird 0.0055 66 123 99 146
bird 0.0053 385 19 499 104
bird 0.0053 261 93 302 136
bird 0.0049 424 55 432 69
bird 0.0047 355 94 370 104
bird 0.0045 397 24 414 58
bird 0.0042 66 105 141 149
bird 0.0039 263 47 280 65
bird 0.0037 309 29 498 168
bird 0.0036 464 48 489 88
bird 0.0033 90 129 110 141
bird 0.0032 242 105 271 131
bird 0.0030 311 46 327 58
bird 0.0029 261 47 272 65
bird 0.0029 355 56 379 84
bird 0.0028 296 97 304 114
bird 0.0027 98 133 122 143
bird 0.0027 299 44 325 59
bird 0.0026 286 75 292 83
bird 0.0026 346 70 356 87
bird 0.0025 478 121 494 127
bird 0.0024 422 55 449 84
bird 0.0022 241 108 253 128
bird 0.0022 4 41 348 160
bird 0.0022 303 55 412 123
bird 0.0021 237 35 501 242
bird 0.0020 82 125 138 146
bird 0.0020 466 46 489 58
bird 0.0020 35 93 235 188
bird 0.0020 343 18 362 38
bird 0.0020 223 33 409 148
bird 0.0019 63 97 184 163
bird 0.0018 281 47 305 54
bird 0.0017 69 104 91 118
bird 0.0017 442 48 491 68
bird 0.0017 347 82 359 95
bird 0.0016 62 116 104 173
bird 0.0016 443 50 469 67
bird 0.0016 21 58 496 288
bird 0.0015 409 46 499 96
bird 0.0015 255 43 275 61
bird 0.0014 65 108 85 143
bird 0.0014 68 107 81 123
bird 0.0014 247 129 281 139
bird 0.0014 469 120 484 128
bird 0.0014 122 176 193 216
bird 0.0014 459 127 480 152
bird 0.0014 489 120 498 128
bird 0.0014 66 171 117 211
bird 0.0013 431 49 462 69
bird 0.0013 101 139 119 146
bird 0.0013 240 34 355 73
bird 0.0013 235 56 293 138
bird 0.0013 24 -64 491 127
bird 0.0013 261 43 285 61
bird 0.0013 388 41 409 79
bird 0.0013 476 47 491 55
bird 0.0012 243 116 268 134
bird 0.0012 416 52 475 86
bird 0.0012 354 118 371 132
bird 0.0011 406 56 434 85
bird 0.0011 291 45 458 135
bird 0.0011 352 87 371 107
bird 0.0011 399 22 412 37
bird 0.0011 340 61 380 115
bird 0.0011 378 23 442 86
bird 0.0011 67 130 112 161
bird 0.0010 91 119 108 136
bird 0.0010 67 128 79 146
bird 0.0010 72 135 127 156
bird 0.0010 411 99 421 108
bird 0.0010 62 121 178 150
bird 0.0010 52 103 121 162
bird 0.0010 255 43 332 59
cat 0.0232 66 107 103 144
cat 0.0133 67 169 191 219
dog 0.5072 67 169 191 219
dog 0.1985 66 106 104 145
dog 0.0031 68 106 97 130
dog 0.0011 64 115 105 173
horse 0.0023 67 169 191 219
sheep 0.0097 66 106 102 144
sheep 0.0077 67 169 191 219
cow 0.0101 69 170 191 218
cow 0.0068 66 106 102 144
