person 0.0121 127 155 298 231
person 0.0016 206 169 229 229
person 0.0013 202 159 293 228
train 0.0015 119 1 232 249
bird 0.7574 212 157 295 226
bird 0.0351 148 157 292 231
bird 0.0157 475 110 501 171
bird 0.0056 202 170 250 228
bird 0.0051 210 191 243 229
bird 0.0044 475 113 500 233
bird 0.0022 314 1 500 328
bird 0.0019 449 189 481 247
bird 0.0016 482 259 500 330
bird 0.0015 474 56 499 153
bird 0.0011 106 86 390 245
bird 0.0010 353 234 464 326
bird 0.0010 207 178 280 237
bottle 0.0028 117 3 226 240
pottedplant 0.0040 314 1 500 328
