person 0.0038 275 236 286 248
bird 0.0050 310 266 324 296
bird 0.0045 217 186 227 209
bird 0.0030 280 135 292 146
bird 0.0025 201 199 217 209
bird 0.0023 288 218 300 234
bottle 0.0499 188 288 209 340
bottle 0.0393 310 266 324 296
bottle 0.0228 305 256 312 271
bottle 0.0073 73 171 84 183
bottle 0.0057 280 254 295 275
bottle 0.0050 60 169 70 182
bottle 0.0045 287 254 304 274
bottle 0.0034 54 235 62 259
bottle 0.0027 301 239 312 270
bottle 0.0024 362 226 370 241
bottle 0.0022 54 169 63 182
bottle 0.0022 248 244 328 286
bottle 0.0021 264 230 273 245
bottle 0.0020 300 236 311 247
bottle 0.0019 72 172 86 202
bottle 0.0018 275 236 286 248
bottle 0.0017 7 193 17 220
bottle 0.0013 256 213 267 239
bottle 0.0010 299 250 315 277
chair 0.9886 1 328 195 496
chair 0.9693 61 269 134 314
chair 0.9084 323 255 374 294
chair 0.8829 147 261 201 300
chair 0.1626 258 276 375 435
chair 0.1601 248 244 329 285
chair 0.1093 241 263 255 284
chair 0.1042 342 241 374 263
chair 0.0957 197 256 241 288
chair 0.0943 12 268 371 478
chair 0.0759 253 247 283 283
chair 0.0575 323 259 375 415
chair 0.0263 328 241 376 282
chair 0.0171 170 250 236 293
chair 0.0111 280 254 295 275
chair 0.0101 344 282 369 302
chair 0.0095 250 262 269 284
chair 0.0089 215 263 244 286
chair 0.0082 226 263 256 285
chair 0.0080 349 286 367 299
chair 0.0076 259 358 372 428
chair 0.0073 69 279 363 395
chair 0.0059 88 270 269 445
chair 0.0058 240 249 255 263
chair 0.0055 320 267 374 316
chair 0.0055 343 239 354 257
chair 0.0054 60 273 76 316
chair 0.0053 362 226 370 241
chair 0.0051 152 255 230 311
chair 0.0048 333 237 364 271
chair 0.0046 335 269 373 294
chair 0.0042 167 273 358 447
chair 0.0039 265 249 289 280
chair 0.0035 0 236 5 267
chair 0.0033 243 251 370 322
chair 0.0032 356 294 373 412
chair 0.0032 352 247 375 278
chair 0.0031 182 256 279 289
chair 0.0031 154 249 212 278
chair 0.0029 21 279 190 368
chair 0.0026 287 254 304 274
chair 0.0026 1 331 91 500
chair 0.0024 24 254 183 458
chair 0.0023 275 236 286 248
chair 0.0023 40 352 275 473
chair 0.0022 61 273 90 315
chair 0.0021 241 250 308 294
chair 0.0020 305 256 312 271
chair 0.0020 309 262 325 293
chair 0.0019 119 235 204 293
chair 0.0019 257 230 303 282
chair 0.0018 325 254 370 277
chair 0.0018 303 247 376 334
chair 0.0017 319 339 371 421
chair 0.0017 151 280 320 318
chair 0.0017 168 250 176 262
chair 0.0017 335 229 376 264
chair 0.0016 276 260 300 284
chair 0.0016 185 288 211 341
chair 0.0016 356 271 374 296
chair 0.0016 234 253 276 293
chair 0.0015 64 268 130 285
chair 0.0014 201 281 273 317
chair 0.0014 1 229 13 264
chair 0.0014 2 469 78 500
chair 0.0014 339 281 374 322
chair 0.0014 326 256 349 290
chair 0.0014 284 256 342 293
chair 0.0014 302 281 372 306
chair 0.0012 286 235 296 249
chair 0.0012 370 277 375 293
chair 0.0012 164 268 264 326
chair 0.0012 353 294 375 309
chair 0.0011 28 261 136 325
chair 0.0011 165 252 202 274
chair 0.0011 172 249 197 264
chair 0.0010 0 449 154 499
chair 0.0010 248 264 330 299
chair 0.0010 266 240 401 288
chair 0.0010 154 257 194 271
chair 0.0010 369 286 375 297
chair 0.0010 252 227 270 283
sofa 0.0105 248 244 329 285
sofa 0.0015 69 279 363 395
sofa 0.0010 324 255 374 294
pottedplant 0.6972 110 234 171 297
pottedplant 0.3418 186 253 241 289
pottedplant 0.0416 173 249 211 279
pottedplant 0.0365 111 236 161 273
pottedplant 0.0285 201 199 217 209
pottedplant 0.0262 167 238 240 292
pottedplant 0.0162 177 249 203 264
pottedplant 0.0155 216 186 228 210
pottedplant 0.0081 111 237 158 254
pottedplant 0.0069 125 250 198 300
pottedplant 0.0068 243 213 254 235
pottedplant 0.0061 127 256 260 319
pottedplant 0.0060 198 255 224 277
pottedplant 0.0050 175 251 229 311
pottedplant 0.0047 154 232 171 262
pottedplant 0.0044 275 236 286 248
pottedplant 0.0044 168 250 176 262
pottedplant 0.0041 202 254 238 281
pottedplant 0.0036 175 242 227 273
pottedplant 0.0035 256 213 267 240
pottedplant 0.0031 200 186 220 210
pottedplant 0.0030 287 221 302 248
pottedplant 0.0030 175 205 244 284
pottedplant 0.0029 177 272 224 329
pottedplant 0.0029 182 249 218 265
pottedplant 0.0027 248 244 328 286
pottedplant 0.0026 134 235 189 270
pottedplant 0.0024 65 242 179 308
pottedplant 0.0018 132 251 154 278
pottedplant 0.0018 128 241 158 265
pottedplant 0.0017 254 218 270 248
pottedplant 0.0017 300 236 311 247
pottedplant 0.0012 286 235 296 249
pottedplant 0.0012 55 195 312 314
pottedplant 0.0011 218 199 227 210
pottedplant 0.0011 281 230 298 254
pottedplant 0.0010 362 226 370 241
pottedplant 0.0010 143 234 167 260
diningtable 0.7167 12 268 371 478
diningtable 0.0318 248 244 329 285
diningtable 0.0287 69 279 363 395
diningtable 0.0120 348 238 376 256
diningtable 0.0075 151 280 320 318
diningtable 0.0045 185 288 211 341
diningtable 0.0045 182 253 242 289
diningtable 0.0041 156 258 269 321
diningtable 0.0035 251 247 289 282
diningtable 0.0030 243 251 370 322
diningtable 0.0029 240 248 256 284
diningtable 0.0025 251 280 376 433
diningtable 0.0023 14 253 189 499
diningtable 0.0022 325 284 375 417
diningtable 0.0020 127 281 299 351
diningtable 0.0019 319 271 373 332
diningtable 0.0019 201 281 273 317
diningtable 0.0017 340 281 372 304
diningtable 0.0017 324 255 374 294
diningtable 0.0015 25 297 148 348
diningtable 0.0015 21 279 190 368
diningtable 0.0015 40 352 275 473
diningtable 0.0014 328 241 376 282
diningtable 0.0013 44 230 335 363
diningtable 0.0012 116 263 353 336
diningtable 0.0012 147 261 201 300
diningtable 0.0011 240 249 255 263
diningtable 0.0010 362 226 370 241
