person 0.0050 405 343 413 351
person 0.0034 418 353 424 359
person 0.0026 21 331 32 341
person 0.0022 437 353 442 359
person 0.0015 378 355 383 361
person 0.0013 396 354 402 359
person 0.0012 420 354 429 359
person 0.0011 360 355 365 360
car 0.2224 399 327 421 339
car 0.0747 425 328 448 339
car 0.0412 -1 323 17 345
car 0.0395 423 328 437 339
car 0.0089 432 328 459 340
car 0.0039 449 329 460 339
car 0.0037 373 330 381 337
car 0.0029 419 327 440 340
car 0.0028 21 331 32 341
car 0.0026 331 327 351 339
car 0.0020 396 330 407 337
car 0.0018 247 343 278 353
car 0.0017 49 219 455 340
car 0.0016 370 325 386 334
car 0.0015 405 343 413 351
car 0.0012 433 317 461 339
car 0.0012 365 324 378 334
car 0.0010 493 338 499 350
car 0.0010 422 324 438 335
car 0.0010 492 301 499 311
aeroplane 0.9510 140 218 453 339
aeroplane 0.0681 111 226 319 303
aeroplane 0.0218 159 227 282 288
aeroplane 0.0145 0 235 50 316
aeroplane 0.0140 0 241 21 340
aeroplane 0.0124 247 264 278 277
aeroplane 0.0104 471 259 500 298
aeroplane 0.0086 294 254 309 283
aeroplane 0.0082 0 286 19 342
aeroplane 0.0078 298 275 324 285
aeroplane 0.0077 4 193 439 357
aeroplane 0.0074 0 264 4 292
aeroplane 0.0074 471 270 499 289
aeroplane 0.0073 293 274 314 285
aeroplane 0.0071 33 273 238 351
aeroplane 0.0053 346 267 359 276
aeroplane 0.0050 490 279 499 293
aeroplane 0.0049 0 254 100 338
aeroplane 0.0048 0 238 4 282
aeroplane 0.0046 0 244 9 332
aeroplane 0.0044 284 269 377 286
aeroplane 0.0043 0 232 7 305
aeroplane 0.0040 0 206 24 308
aeroplane 0.0037 234 261 278 279
aeroplane 0.0036 302 273 339 285
aeroplane 0.0035 0 315 16 343
aeroplane 0.0034 251 271 277 283
aeroplane 0.0033 488 268 500 291
aeroplane 0.0033 0 265 6 311
aeroplane 0.0033 0 235 3 247
aeroplane 0.0032 226 269 284 284
aeroplane 0.0032 163 245 317 296
aeroplane 0.0032 469 283 482 293
aeroplane 0.0031 460 255 494 301
aeroplane 0.0031 492 288 500 310
aeroplane 0.0029 492 301 499 311
aeroplane 0.0028 451 239 499 313
aeroplane 0.0028 467 272 488 288
aeroplane 0.0028 184 250 285 285
aeroplane 0.0027 325 266 339 276
aeroplane 0.0027 145 231 417 288
aeroplane 0.0027 285 274 303 284
aeroplane 0.0026 44 219 307 330
aeroplane 0.0025 81 283 235 310
aeroplane 0.0024 477 305 496 313
aeroplane 0.0024 0 286 62 337
aeroplane 0.0022 486 255 501 302
aeroplane 0.0021 470 278 501 317
aeroplane 0.0021 456 252 478 305
aeroplane 0.0020 212 263 238 275
aeroplane 0.0020 291 255 334 284
aeroplane 0.0019 1 277 42 297
aeroplane 0.0019 7 307 273 372
aeroplane 0.0018 291 241 313 282
aeroplane 0.0017 314 263 369 280
aeroplane 0.0016 264 274 301 285
aeroplane 0.0016 461 260 474 298
aeroplane 0.0016 244 272 303 285
aeroplane 0.0016 9 307 78 323
aeroplane 0.0016 8 264 163 323
aeroplane 0.0015 0 268 46 326
aeroplane 0.0015 450 264 484 310
aeroplane 0.0014 3 267 40 292
aeroplane 0.0014 327 265 356 277
aeroplane 0.0014 21 297 471 369
aeroplane 0.0014 0 208 182 336
aeroplane 0.0013 473 208 500 303
aeroplane 0.0012 306 270 415 284
aeroplane 0.0012 259 265 284 277
aeroplane 0.0012 151 226 223 289
aeroplane 0.0011 9 299 76 318
aeroplane 0.0011 457 300 476 311
aeroplane 0.0011 488 278 500 318
aeroplane 0.0010 229 272 263 284
aeroplane 0.0010 31 310 73 319
aeroplane 0.0010 -1 150 56 318
aeroplane 0.0010 209 261 225 276
aeroplane 0.0010 217 262 253 277
aeroplane 0.0010 432 317 461 339
aeroplane 0.0010 0 273 27 301
bus 0.0248 -1 323 17 345
bus 0.0019 399 327 421 339
bus 0.0011 425 328 448 339
train 0.0010 0 315 17 343
