person 0.9891 70 82 244 280
person 0.9720 298 118 414 286
person 0.8794 216 143 290 196
person 0.8775 -2 75 62 297
person 0.6933 182 92 227 171
person 0.5307 454 123 500 325
person 0.4454 415 177 495 294
person 0.3051 278 132 308 170
person 0.2448 262 142 283 166
person 0.2433 53 138 86 212
person 0.1967 214 132 240 169
person 0.1099 404 123 501 320
person 0.1004 259 139 293 186
person 0.0834 13 118 48 195
person 0.0799 33 130 87 260
person 0.0724 53 139 73 167
person 0.0719 189 138 315 209
person 0.0701 91 107 133 174
person 0.0652 25 120 55 188
person 0.0636 280 142 305 185
person 0.0546 21 120 49 167
person 0.0520 23 118 60 231
person 0.0460 258 140 273 166
person 0.0438 13 133 35 169
person 0.0436 474 129 500 309
person 0.0339 147 74 188 121
person 0.0303 490 130 500 196
person 0.0293 46 155 82 229
person 0.0292 214 152 237 171
person 0.0218 224 132 241 158
person 0.0201 54 125 127 255
person 0.0196 285 155 301 192
person 0.0196 217 155 236 167
person 0.0194 25 120 44 149
person 0.0183 271 138 299 167
person 0.0178 49 138 79 186
person 0.0169 481 142 500 254
person 0.0128 -16 83 110 289
person 0.0112 187 126 243 176
person 0.0111 216 139 252 188
person 0.0098 267 140 277 150
person 0.0097 79 146 103 178
person 0.0097 291 130 309 162
person 0.0097 88 134 114 173
person 0.0096 6 94 494 296
person 0.0091 276 132 296 160
person 0.0091 290 136 312 191
person 0.0087 485 115 500 201
person 0.0073 206 102 242 167
person 0.0073 184 112 253 200
person 0.0072 225 147 243 175
person 0.0071 229 153 331 241
person 0.0070 306 140 318 188
person 0.0068 243 139 264 169
person 0.0061 225 135 440 296
person 0.0060 38 91 158 211
person 0.0058 260 139 268 152
person 0.0054 50 173 71 229
person 0.0052 58 153 85 192
person 0.0051 45 139 63 171
person 0.0050 33 139 72 224
person 0.0048 6 83 94 231
person 0.0047 282 129 303 144
person 0.0047 480 200 500 343
person 0.0044 88 76 196 166
person 0.0044 266 147 298 195
person 0.0044 143 176 186 267
person 0.0043 67 133 106 190
person 0.0042 491 167 500 314
person 0.0042 96 138 123 169
person 0.0042 208 152 228 173
person 0.0041 -2 72 27 316
person 0.0041 221 130 235 142
person 0.0041 378 147 485 284
person 0.0041 14 96 180 276
person 0.0040 185 126 210 163
person 0.0040 73 102 137 212
person 0.0040 212 157 224 168
person 0.0038 39 140 68 183
person 0.0037 237 125 319 199
person 0.0037 492 76 500 195
person 0.0036 59 131 100 235
person 0.0035 -2 159 64 364
person 0.0034 240 171 254 198
person 0.0032 111 111 144 159
person 0.0032 0 85 24 186
person 0.0032 232 144 259 181
person 0.0031 181 118 381 191
person 0.0031 17 107 266 340
person 0.0028 44 129 55 158
person 0.0027 252 146 277 178
person 0.0027 283 130 521 315
person 0.0027 124 121 136 150
person 0.0026 10 109 36 162
person 0.0025 1 168 498 366
person 0.0024 28 119 41 135
person 0.0023 412 182 441 244
person 0.0023 199 89 227 145
person 0.0022 201 130 246 214
person 0.0022 1 151 60 271
bottle 0.0524 248 176 255 202
bottle 0.0509 242 176 252 202
bottle 0.0095 383 298 427 358
bottle 0.0064 259 185 267 200
bottle 0.0038 287 165 298 200
bottle 0.0033 64 83 238 279
bottle 0.0024 405 169 417 183
bottle 0.0024 245 237 272 280
bottle 0.0023 481 142 500 254
bottle 0.0019 217 155 236 167
bottle 0.0017 491 133 500 250
bottle 0.0016 233 186 242 197
bottle 0.0015 243 170 262 198
bottle 0.0015 270 186 279 201
bottle 0.0014 214 132 239 169
bottle 0.0013 219 238 249 286
bottle 0.0012 474 129 500 309
bottle 0.0012 452 125 500 339
bottle 0.0012 285 157 300 191
bottle 0.0012 491 358 500 375
bottle 0.0012 246 189 259 212
bottle 0.0011 59 256 66 279
bottle 0.0010 212 157 224 168
bottle 0.0010 295 123 418 296
chair 0.8366 232 197 253 242
chair 0.5579 419 192 481 290
chair 0.1964 391 181 435 238
chair 0.0771 52 155 86 270
chair 0.0443 416 183 436 236
chair 0.0326 44 181 63 220
chair 0.0280 51 174 70 228
chair 0.0160 403 184 433 276
chair 0.0120 373 175 444 284
chair 0.0112 47 156 81 227
chair 0.0103 63 169 94 264
chair 0.0091 415 184 492 358
chair 0.0085 244 198 310 260
chair 0.0082 452 125 500 339
chair 0.0080 295 123 418 295
chair 0.0080 36 173 63 255
chair 0.0076 5 252 59 284
chair 0.0075 49 180 74 264
chair 0.0066 406 181 432 224
chair 0.0062 386 179 434 207
chair 0.0044 26 151 61 240
chair 0.0037 58 146 278 307
chair 0.0035 227 185 298 251
chair 0.0033 416 123 499 307
chair 0.0033 411 199 428 240
chair 0.0033 223 196 257 264
chair 0.0029 480 200 500 343
chair 0.0027 405 169 417 183
chair 0.0026 383 187 392 197
chair 0.0026 -8 233 501 371
chair 0.0024 323 177 485 340
chair 0.0024 487 215 500 320
chair 0.0023 219 237 249 287
chair 0.0022 21 145 88 284
chair 0.0022 385 255 500 368
chair 0.0018 0 230 61 288
chair 0.0018 407 172 425 189
chair 0.0018 397 189 423 230
chair 0.0017 390 220 483 326
chair 0.0016 408 186 447 294
chair 0.0016 223 175 265 224
chair 0.0015 281 156 307 196
chair 0.0015 4 94 494 365
chair 0.0014 63 182 83 220
chair 0.0014 181 173 300 258
chair 0.0014 411 215 424 264
chair 0.0013 4 106 81 319
chair 0.0013 455 212 500 322
chair 0.0012 245 237 272 280
chair 0.0011 418 180 436 204
chair 0.0011 387 264 424 298
chair 0.0011 0 173 63 285
chair 0.0011 382 184 416 242
chair 0.0011 441 262 498 331
chair 0.0010 378 147 485 284
chair 0.0010 394 187 424 290
chair 0.0010 5 189 334 348
chair 0.0010 239 188 253 213
sofa 0.0022 -8 233 501 371
sofa 0.0020 416 195 487 301
diningtable 0.6770 -6 237 500 369
diningtable 0.3803 241 182 313 256
diningtable 0.2228 240 182 314 216
diningtable 0.0821 265 186 300 213
diningtable 0.0242 247 188 281 213
diningtable 0.0196 0 113 492 347
diningtable 0.0171 386 178 435 230
diningtable 0.0158 229 153 331 241
diningtable 0.0123 232 189 253 240
diningtable 0.0120 221 141 442 291
diningtable 0.0115 401 169 420 190
diningtable 0.0084 243 188 265 213
diningtable 0.0081 272 179 296 208
diningtable 0.0079 196 229 476 392
diningtable 0.0076 386 180 434 202
diningtable 0.0075 270 199 295 220
diningtable 0.0066 239 188 253 213
diningtable 0.0063 425 287 487 374
diningtable 0.0057 157 283 495 372
diningtable 0.0054 281 188 304 212
diningtable 0.0047 314 292 495 373
diningtable 0.0044 277 188 291 209
diningtable 0.0043 407 172 425 189
diningtable 0.0040 109 194 461 344
diningtable 0.0037 0 297 95 376
diningtable 0.0036 298 121 415 297
diningtable 0.0030 283 173 301 208
diningtable 0.0026 223 186 285 238
diningtable 0.0025 0 255 94 356
diningtable 0.0022 24 269 65 340
diningtable 0.0021 12 305 162 375
diningtable 0.0020 -3 280 341 377
diningtable 0.0019 388 167 435 198
diningtable 0.0019 113 249 251 366
diningtable 0.0017 127 250 391 368
diningtable 0.0016 189 138 315 209
diningtable 0.0016 291 192 309 210
diningtable 0.0016 257 181 292 207
diningtable 0.0015 256 170 328 222
diningtable 0.0014 152 270 316 352
diningtable 0.0014 0 341 45 372
diningtable 0.0013 248 233 419 349
diningtable 0.0013 380 294 432 362
diningtable 0.0012 384 290 477 368
diningtable 0.0012 185 305 442 363
diningtable 0.0012 476 297 501 370
diningtable 0.0012 244 236 273 283
diningtable 0.0011 0 306 28 364
diningtable 0.0011 0 276 16 325
diningtable 0.0010 276 181 308 240
diningtable 0.0010 415 177 495 294
diningtable 0.0010 361 269 505 359
diningtable 0.0010 267 270 304 317
diningtable 0.0010 406 181 432 224
diningtable 0.0010 209 201 348 306
diningtable 0.0010 306 256 336 321
