person 0.3177 0 265 178 373
person 0.0319 434 14 500 77
person 0.0097 0 160 169 387
person 0.0074 402 13 498 111
person 0.0049 0 258 47 370
person 0.0047 478 17 500 111
person 0.0027 1 -6 121 372
person 0.0020 4 232 326 370
person 0.0019 62 264 151 323
person 0.0019 74 269 144 305
person 0.0015 89 99 443 286
person 0.0014 0 172 53 366
bird 0.0049 74 269 144 305
bird 0.0025 434 14 500 77
cat 0.8124 99 100 450 283
cat 0.0037 0 265 178 373
cat 0.0029 74 269 144 305
cat 0.0017 434 14 500 77
dog 0.3077 99 100 450 283
dog 0.0175 434 14 500 77
dog 0.0113 0 265 178 373
dog 0.0063 375 12 499 111
dog 0.0035 74 269 144 305
horse 0.0018 435 14 500 78
horse 0.0016 402 13 498 112
chair 0.7594 114 -1 371 124
chair 0.0385 386 13 499 116
chair 0.0043 131 1 352 43
chair 0.0040 84 98 447 286
chair 0.0027 415 11 497 83
chair 0.0022 195 0 316 22
chair 0.0021 391 58 499 140
chair 0.0014 0 245 52 371
chair 0.0013 283 0 337 26
chair 0.0013 441 10 499 121
chair 0.0012 279 0 303 25
chair 0.0011 58 -2 430 203
chair 0.0011 -1 264 178 371
sofa 0.0057 84 98 447 286
sofa 0.0031 0 164 339 372
sofa 0.0024 -1 264 178 371
sofa 0.0017 1 87 175 373
sofa 0.0015 0 258 47 370
sofa 0.0013 386 13 499 116
diningtable 0.0377 116 0 369 116
diningtable 0.0036 386 13 499 116
diningtable 0.0036 84 98 447 286
diningtable 0.0029 131 1 352 43
diningtable 0.0012 -8 -6 374 154
diningtable 0.0010 -33 -15 460 317
diningtable 0.0010 -2 -2 187 142
