bicycle 0.1103 337 85 455 276
bicycle 0.0153 363 100 457 208
bicycle 0.0015 365 157 452 201
car 0.0019 338 -1 377 36
chair 0.9135 107 26 290 306
chair 0.0922 342 106 456 273
chair 0.0127 146 116 295 343
chair 0.0070 159 132 282 260
chair 0.0059 363 100 457 208
pottedplant 0.0457 228 17 415 254
pottedplant 0.0072 339 0 412 41
pottedplant 0.0060 338 -1 377 36
pottedplant 0.0049 246 56 391 180
pottedplant 0.0041 335 0 414 76
pottedplant 0.0035 0 78 175 249
pottedplant 0.0026 294 37 337 70
pottedplant 0.0025 249 143 337 258
pottedplant 0.0023 193 -1 403 167
pottedplant 0.0022 133 22 445 307
pottedplant 0.0020 215 -2 361 86
pottedplant 0.0016 329 2 489 109
pottedplant 0.0016 88 29 289 297
pottedplant 0.0012 273 27 445 156
diningtable 0.0014 342 106 456 273
