person 0.0015 239 284 332 343
bird 0.0402 81 376 99 386
bird 0.0266 78 376 93 385
bird 0.0014 239 284 332 343
bird 0.0013 75 374 103 387
bird 0.0010 82 381 100 390
cat 0.0012 245 281 348 345
dog 0.0752 244 281 346 345
dog 0.0052 247 285 302 339
dog 0.0013 296 282 348 340
horse 0.6152 244 281 346 345
horse 0.0452 296 282 348 340
horse 0.0230 247 285 302 339
horse 0.0157 325 283 348 339
horse 0.0014 300 297 328 326
sheep 0.0345 245 281 349 345
sheep 0.0030 247 285 302 339
sheep 0.0021 296 282 348 340
cow 0.0776 245 281 349 345
cow 0.0057 246 284 304 340
cow 0.0046 296 282 348 340
cow 0.0024 325 283 348 339
