person 0.9916 249 166 370 487
person 0.9805 99 136 225 469
person 0.6756 283 453 375 499
person 0.5860 0 336 43 498
person 0.4797 38 440 115 500
person 0.4520 215 477 298 500
person 0.3460 0 336 44 399
person 0.3118 100 463 174 501
person 0.2472 153 481 240 500
person 0.1013 32 450 180 500
person 0.0628 9 318 374 502
person 0.0595 72 457 227 500
person 0.0581 0 335 22 400
person 0.0303 103 472 242 500
person 0.0285 0 362 80 475
person 0.0178 149 474 292 499
person 0.0165 14 401 75 452
person 0.0165 229 473 345 500
person 0.0142 160 458 380 499
person 0.0110 10 400 118 501
person 0.0102 183 485 237 501
person 0.0097 214 453 288 493
person 0.0080 104 485 224 500
person 0.0078 103 164 220 331
person 0.0068 206 491 236 500
person 0.0060 251 177 352 346
person 0.0050 40 203 271 523
person 0.0044 -2 384 231 500
person 0.0039 -4 322 131 501
person 0.0039 148 485 198 500
person 0.0038 353 452 375 500
person 0.0033 1 439 90 500
person 0.0026 210 488 250 500
person 0.0026 20 470 141 501
person 0.0023 33 490 119 500
person 0.0023 116 453 275 499
person 0.0023 254 475 300 499
person 0.0023 9 381 109 450
person 0.0020 193 447 318 502
person 0.0020 198 481 262 501
person 0.0018 132 195 213 364
person 0.0017 55 488 174 500
person 0.0016 13 340 43 378
person 0.0015 141 489 186 499
person 0.0014 74 147 365 493
person 0.0014 318 271 375 468
person 0.0014 243 451 332 502
person 0.0013 236 485 360 500
person 0.0012 328 454 381 500
person 0.0012 272 225 341 331
person 0.0010 143 228 205 328
person 0.0010 108 151 216 255
person 0.0010 0 433 44 501
person 0.0010 270 453 301 476
person 0.0010 296 198 330 325
sheep 0.0980 99 174 225 488
sheep 0.0148 351 268 376 441
sheep 0.0022 334 301 375 455
sheep 0.0013 251 221 367 489
bottle 0.0415 316 214 324 242
chair 0.0036 17 402 79 450
