person 0.9916 316 64 469 377
person 0.9638 -2 145 151 370
person 0.0493 313 114 395 350
person 0.0042 311 152 358 318
person 0.0026 318 134 390 252
person 0.0017 339 218 363 259
person 0.0011 328 208 355 255
person 0.0010 315 184 346 236
bottle 0.9645 367 5 387 48
bottle 0.9249 385 9 414 50
bottle 0.8459 412 1 429 52
bottle 0.2962 315 165 345 231
bottle 0.0465 417 18 431 53
bottle 0.0381 390 10 405 27
bottle 0.0320 420 2 433 34
bottle 0.0255 413 0 425 24
bottle 0.0118 404 28 414 51
bottle 0.0089 316 194 344 226
bottle 0.0089 274 242 293 254
bottle 0.0087 387 9 409 32
bottle 0.0086 317 134 392 256
bottle 0.0062 402 8 415 50
bottle 0.0053 135 286 147 311
bottle 0.0052 312 154 356 316
bottle 0.0048 207 288 223 304
bottle 0.0040 173 262 203 309
bottle 0.0038 377 7 404 49
bottle 0.0033 142 285 154 311
bottle 0.0032 324 271 344 299
bottle 0.0032 454 88 463 116
bottle 0.0028 319 163 339 201
bottle 0.0027 321 170 338 192
bottle 0.0026 384 28 397 49
bottle 0.0025 384 8 396 29
bottle 0.0025 317 40 465 361
bottle 0.0023 177 286 197 308
bottle 0.0021 111 288 127 304
bottle 0.0020 396 24 417 51
bottle 0.0020 324 245 352 340
bottle 0.0018 84 301 121 336
bottle 0.0018 137 312 172 340
bottle 0.0017 142 14 431 361
bottle 0.0017 261 247 309 329
bottle 0.0015 315 145 355 221
bottle 0.0015 383 8 396 47
bottle 0.0013 345 3 459 57
bottle 0.0013 331 267 346 295
bottle 0.0013 311 176 337 247
bottle 0.0013 407 39 414 52
bottle 0.0012 149 268 172 316
bottle 0.0011 186 281 244 314
bottle 0.0010 84 301 99 334
bottle 0.0010 160 263 235 333
bottle 0.0010 376 -4 493 63
bottle 0.0010 352 80 459 149
diningtable 0.0080 97 340 277 371
diningtable 0.0038 112 334 262 362
diningtable 0.0032 99 356 275 372
diningtable 0.0022 102 288 257 378
diningtable 0.0020 105 308 255 348
diningtable 0.0018 266 332 354 360
diningtable 0.0010 248 328 359 343
