person 0.0063 37 250 50 265
person 0.0040 34 253 55 272
person 0.0033 42 265 69 278
person 0.0023 47 261 62 272
dog 0.0011 256 265 278 277
horse 0.0049 211 240 229 253
horse 0.0042 256 265 278 277
horse 0.0033 266 240 284 256
horse 0.0027 138 265 153 278
horse 0.0023 28 265 60 278
horse 0.0014 37 250 50 265
horse 0.0010 220 241 231 253
sheep 0.0025 211 240 229 253
sheep 0.0017 28 265 60 278
sheep 0.0016 140 265 154 279
sheep 0.0013 256 265 278 277
cow 0.9973 139 290 302 427
cow 0.9395 256 265 278 277
cow 0.8170 28 265 60 278
cow 0.8086 138 265 153 278
cow 0.8019 266 240 284 256
cow 0.6671 211 240 229 253
cow 0.5581 37 250 50 265
cow 0.4869 58 269 89 279
cow 0.2265 220 241 231 253
cow 0.1217 34 253 55 272
cow 0.0843 42 265 69 278
cow 0.0791 1 243 11 251
cow 0.0352 5 238 315 282
cow 0.0289 210 245 228 257
cow 0.0229 24 264 85 279
cow 0.0205 222 246 230 255
cow 0.0137 202 241 216 250
cow 0.0107 35 251 44 263
cow 0.0099 264 245 276 259
cow 0.0098 47 261 62 272
cow 0.0083 10 246 269 305
cow 0.0059 74 271 88 279
cow 0.0055 18 253 90 277
cow 0.0051 197 242 207 249
cow 0.0046 47 238 64 247
cow 0.0039 253 266 266 277
cow 0.0039 265 266 280 276
cow 0.0029 263 242 277 253
cow 0.0020 291 243 302 249
cow 0.0019 25 251 52 276
cow 0.0018 208 242 234 261
cow 0.0016 0 238 12 252
cow 0.0016 309 243 325 250
cow 0.0016 187 232 317 282
cow 0.0016 141 261 154 274
cow 0.0014 277 242 290 252
cow 0.0013 261 242 279 261
cow 0.0013 24 260 305 464
cow 0.0013 25 242 285 355
cow 0.0012 318 244 330 250
cow 0.0011 0 225 10 249
cow 0.0010 250 239 264 246
cow 0.0010 230 242 242 251
cow 0.0010 252 235 264 242
