person 0.0055 270 146 293 159
person 0.0018 271 137 293 155
boat 0.7622 270 146 293 159
boat 0.0561 271 137 293 155
boat 0.0210 304 119 315 125
boat 0.0140 304 113 313 122
boat 0.0083 300 111 311 123
boat 0.0076 299 119 312 125
boat 0.0051 395 121 406 128
boat 0.0047 268 147 285 158
boat 0.0045 102 142 115 148
boat 0.0044 70 136 112 150
boat 0.0038 399 121 412 129
boat 0.0034 83 140 116 149
boat 0.0028 492 130 500 142
boat 0.0023 270 117 294 155
boat 0.0022 491 135 500 149
boat 0.0022 489 207 500 233
boat 0.0021 110 142 129 148
boat 0.0019 267 147 315 158
boat 0.0014 413 120 423 128
boat 0.0013 277 119 309 125
boat 0.0013 70 137 94 147
boat 0.0012 233 139 240 144
boat 0.0012 102 148 114 155
boat 0.0011 277 107 309 124
boat 0.0011 492 157 500 171
boat 0.0011 97 149 109 155
boat 0.0011 491 160 500 186
boat 0.0011 482 104 500 288
boat 0.0011 386 120 394 126
boat 0.0010 270 153 294 166
boat 0.0010 173 161 179 167
bird 0.3695 173 161 179 167
bird 0.3634 187 208 193 214
bird 0.2746 213 200 222 205
bird 0.1366 176 208 182 213
bird 0.0574 66 271 78 282
bird 0.0405 309 181 313 185
bird 0.0397 282 190 287 195
bird 0.0316 300 192 305 197
bird 0.0215 166 161 175 167
bird 0.0159 156 159 164 165
bird 0.0149 190 209 197 214
bird 0.0149 347 161 354 166
bird 0.0137 326 182 331 186
bird 0.0119 165 216 172 220
bird 0.0068 83 148 420 223
bird 0.0064 102 142 115 148
bird 0.0064 341 159 347 164
bird 0.0060 45 269 78 284
bird 0.0055 102 148 114 155
bird 0.0053 98 220 104 226
bird 0.0043 144 158 154 165
bird 0.0037 490 100 500 110
bird 0.0036 67 186 94 199
bird 0.0034 65 266 77 277
bird 0.0033 217 200 228 205
bird 0.0033 29 115 320 263
bird 0.0032 22 137 244 230
bird 0.0032 97 149 109 155
bird 0.0028 165 210 174 217
bird 0.0028 110 142 129 148
bird 0.0026 348 119 357 126
bird 0.0026 40 263 51 278
bird 0.0025 304 119 315 125
bird 0.0024 233 139 240 144
bird 0.0023 304 113 313 122
bird 0.0023 163 167 173 174
bird 0.0020 480 102 494 110
bird 0.0020 85 167 93 173
bird 0.0019 158 158 360 230
bird 0.0019 489 207 500 233
bird 0.0019 434 60 443 67
bird 0.0018 38 270 51 282
bird 0.0017 317 181 330 186
bird 0.0017 42 121 303 190
bird 0.0016 492 130 500 142
bird 0.0016 139 112 501 257
bird 0.0015 85 220 98 226
bird 0.0015 492 157 500 171
bird 0.0015 171 166 180 172
bird 0.0014 67 200 75 208
bird 0.0014 70 227 87 238
bird 0.0014 -23 85 375 377
bird 0.0014 25 130 476 306
bird 0.0014 6 144 255 297
bird 0.0013 318 163 326 168
bird 0.0012 491 160 500 186
bird 0.0012 181 160 192 166
bird 0.0012 83 140 116 149
bird 0.0011 31 178 40 191
bird 0.0011 42 265 60 278
bird 0.0011 38 204 52 216
bird 0.0011 32 182 40 198
bird 0.0011 82 162 99 169
bird 0.0011 134 158 145 167
bird 0.0010 463 130 473 138
bird 0.0010 48 139 240 179
bird 0.0010 491 135 500 149
bird 0.0010 392 3 403 12
bird 0.0010 46 264 77 279
