person 0.0043 360 89 431 140
person 0.0015 386 98 410 130
bottle 0.0659 395 141 408 165
bottle 0.0092 243 230 253 248
bottle 0.0023 393 152 407 168
bottle 0.0012 376 149 388 163
chair 0.9395 177 162 222 222
chair 0.8562 230 161 286 240
chair 0.6308 1 164 46 194
chair 0.4496 -2 217 135 333
chair 0.0859 240 157 280 201
chair 0.0598 0 210 44 263
chair 0.0448 0 164 82 202
chair 0.0387 0 167 7 195
chair 0.0341 -1 172 64 215
chair 0.0276 240 180 271 199
chair 0.0261 -1 209 48 333
chair 0.0225 249 160 279 183
chair 0.0172 264 161 281 180
chair 0.0162 226 160 239 170
chair 0.0160 311 223 498 336
chair 0.0138 258 157 272 171
chair 0.0129 197 159 292 222
chair 0.0101 242 177 270 190
chair 0.0088 0 185 5 213
chair 0.0087 261 150 282 176
chair 0.0074 179 162 274 196
chair 0.0072 0 171 89 246
chair 0.0068 223 159 234 170
chair 0.0059 261 162 285 240
chair 0.0058 0 251 96 330
chair 0.0058 0 175 7 225
chair 0.0055 181 173 213 207
chair 0.0051 275 162 286 200
chair 0.0049 266 161 284 201
chair 0.0047 181 163 209 180
chair 0.0047 170 163 261 219
chair 0.0046 241 185 270 212
chair 0.0046 204 162 267 181
chair 0.0041 116 244 407 332
chair 0.0041 0 194 91 279
chair 0.0039 275 162 285 180
chair 0.0037 0 182 28 249
chair 0.0036 441 220 501 331
chair 0.0033 -14 236 267 335
chair 0.0033 262 138 281 168
chair 0.0032 258 138 272 167
chair 0.0030 222 159 245 172
chair 0.0028 243 142 282 181
chair 0.0027 221 164 249 176
chair 0.0026 218 157 271 175
chair 0.0025 34 221 100 290
chair 0.0024 184 164 226 178
chair 0.0024 177 165 202 217
chair 0.0023 51 178 78 191
chair 0.0022 477 215 500 332
chair 0.0022 491 222 500 314
chair 0.0022 181 162 208 169
chair 0.0021 0 165 29 223
chair 0.0020 246 177 280 204
chair 0.0018 242 157 268 173
chair 0.0017 189 179 221 203
chair 0.0016 122 208 276 302
chair 0.0015 0 185 46 214
chair 0.0014 0 183 8 256
chair 0.0012 170 199 231 235
chair 0.0012 474 186 500 282
chair 0.0012 494 244 500 292
chair 0.0011 12 208 74 253
chair 0.0011 187 167 222 196
chair 0.0010 0 201 25 219
chair 0.0010 0 167 11 213
chair 0.0010 210 164 243 178
chair 0.0010 -1 139 90 217
sofa 0.7857 123 244 399 332
sofa 0.3306 -2 217 135 333
sofa 0.0486 -2 220 374 336
sofa 0.0247 0 210 49 334
sofa 0.0131 311 223 498 336
sofa 0.0122 0 210 44 263
sofa 0.0109 0 164 46 195
sofa 0.0101 105 208 270 305
sofa 0.0068 -1 172 64 215
sofa 0.0044 0 164 86 201
sofa 0.0042 0 171 89 246
sofa 0.0037 0 249 96 331
sofa 0.0033 0 193 91 280
sofa 0.0027 13 159 253 245
sofa 0.0023 117 191 377 310
sofa 0.0017 59 142 360 355
sofa 0.0016 441 220 501 331
sofa 0.0014 34 221 100 290
sofa 0.0013 0 180 192 325
sofa 0.0012 0 182 28 249
sofa 0.0010 160 178 490 324
pottedplant 0.0325 395 141 408 166
pottedplant 0.0089 220 46 245 66
pottedplant 0.0050 379 149 393 163
pottedplant 0.0021 393 152 407 168
pottedplant 0.0020 216 23 274 69
pottedplant 0.0016 213 22 282 172
pottedplant 0.0014 373 144 401 165
diningtable 0.2848 122 208 276 302
diningtable 0.2311 189 161 279 229
diningtable 0.1875 0 177 86 211
diningtable 0.1693 191 161 279 194
diningtable 0.1579 200 162 272 182
diningtable 0.0507 221 164 249 176
diningtable 0.0331 0 171 89 246
diningtable 0.0280 224 162 287 245
diningtable 0.0212 210 164 243 178
diningtable 0.0145 1 164 82 202
diningtable 0.0110 50 194 322 317
diningtable 0.0101 181 163 225 221
diningtable 0.0098 140 215 223 242
diningtable 0.0067 229 160 280 183
diningtable 0.0051 0 193 91 280
diningtable 0.0050 -2 180 126 327
diningtable 0.0047 0 185 46 214
diningtable 0.0045 231 158 280 206
diningtable 0.0044 122 145 319 282
diningtable 0.0042 222 159 245 172
diningtable 0.0042 226 160 239 170
diningtable 0.0038 218 157 271 175
diningtable 0.0022 240 180 271 199
diningtable 0.0021 0 185 5 213
diningtable 0.0020 226 172 264 190
diningtable 0.0018 214 168 255 193
diningtable 0.0018 9 227 406 334
diningtable 0.0017 242 177 270 190
diningtable 0.0016 0 175 7 225
diningtable 0.0016 59 142 360 355
diningtable 0.0015 210 170 260 228
diningtable 0.0014 2 164 197 251
diningtable 0.0014 -1 191 30 210
diningtable 0.0013 180 163 251 202
diningtable 0.0013 0 164 46 195
diningtable 0.0013 139 220 252 276
diningtable 0.0013 207 157 248 174
diningtable 0.0012 0 210 44 263
diningtable 0.0012 196 165 235 177
diningtable 0.0012 148 218 203 236
diningtable 0.0011 204 148 277 181
diningtable 0.0011 14 188 69 209
diningtable 0.0010 221 173 248 207
tvmonitor 0.9818 356 88 426 142
tvmonitor 0.0048 386 98 410 130
