person 0.8695 246 125 433 375
person 0.7081 98 20 265 375
person 0.1440 225 22 366 220
person 0.0828 150 20 421 376
person 0.0503 89 25 267 198
person 0.0458 106 34 379 246
person 0.0198 212 50 462 265
person 0.0073 484 87 500 348
person 0.0066 35 58 260 260
person 0.0063 250 63 432 184
person 0.0057 71 132 500 375
person 0.0039 492 227 500 368
person 0.0030 226 25 335 141
person 0.0024 437 76 501 359
person 0.0024 472 26 500 407
person 0.0021 49 82 200 192
person 0.0020 322 86 502 368
person 0.0010 491 155 500 267
person 0.0010 485 210 500 375
person 0.0010 406 219 499 372
person 0.0010 53 99 156 254
bottle 0.0042 146 118 165 149
bottle 0.0021 344 319 357 333
chair 0.1565 364 90 502 365
chair 0.0853 18 90 168 372
chair 0.0734 402 85 502 267
chair 0.0454 345 94 458 219
chair 0.0399 240 92 482 377
chair 0.0367 59 91 139 149
chair 0.0348 407 219 499 372
chair 0.0206 28 225 165 372
chair 0.0133 24 20 256 376
chair 0.0121 50 88 140 204
chair 0.0092 325 92 375 158
chair 0.0090 398 90 470 220
chair 0.0081 0 77 6 229
chair 0.0060 270 79 471 229
chair 0.0054 232 217 520 369
chair 0.0047 437 76 501 359
chair 0.0045 52 33 268 209
chair 0.0037 0 64 14 325
chair 0.0028 446 135 501 298
chair 0.0027 0 65 11 219
chair 0.0023 492 227 500 368
chair 0.0022 344 135 362 157
chair 0.0022 66 92 133 116
chair 0.0022 39 63 449 371
chair 0.0020 484 87 500 348
chair 0.0019 48 84 244 155
chair 0.0017 26 236 298 369
chair 0.0017 -1 296 35 371
chair 0.0017 24 77 226 280
chair 0.0016 105 31 380 249
chair 0.0016 22 180 74 240
chair 0.0016 412 89 459 180
chair 0.0013 0 155 6 286
chair 0.0013 318 95 331 114
chair 0.0013 447 170 501 250
chair 0.0013 136 118 165 149
chair 0.0012 10 100 118 279
chair 0.0012 494 277 500 377
chair 0.0011 322 95 335 115
chair 0.0010 19 153 79 273
sofa 0.3653 39 63 449 371
sofa 0.0884 227 99 446 375
sofa 0.0824 17 92 168 371
sofa 0.0661 105 31 380 249
sofa 0.0639 407 219 499 372
sofa 0.0626 356 88 501 374
sofa 0.0230 345 94 458 219
sofa 0.0210 25 56 268 342
sofa 0.0168 50 215 523 373
sofa 0.0162 276 215 507 373
sofa 0.0151 388 90 502 268
sofa 0.0143 212 50 462 265
sofa 0.0128 29 225 164 372
sofa 0.0076 52 33 268 209
sofa 0.0070 60 92 138 150
sofa 0.0070 319 90 379 158
sofa 0.0060 34 246 324 375
sofa 0.0044 250 63 432 184
sofa 0.0039 50 88 140 204
sofa 0.0027 437 76 501 359
sofa 0.0019 122 285 385 371
sofa 0.0017 39 82 210 239
sofa 0.0016 296 89 406 184
sofa 0.0014 -1 296 35 371
sofa 0.0014 492 227 500 368
sofa 0.0013 62 75 262 163
sofa 0.0013 225 23 366 219
sofa 0.0013 484 87 500 348
sofa 0.0012 446 135 501 298
sofa 0.0011 0 77 6 229
diningtable 0.0039 0 314 36 375
