person 0.4701 131 171 145 187
person 0.3015 197 177 214 193
person 0.2666 216 177 231 193
person 0.2499 158 174 173 190
person 0.2320 234 179 249 195
person 0.1508 250 180 266 196
person 0.1241 172 177 182 191
person 0.0401 335 187 342 226
person 0.0214 210 178 227 193
person 0.0168 57 178 81 241
person 0.0167 274 176 290 197
person 0.0141 304 189 314 198
person 0.0135 115 172 125 200
person 0.0133 0 273 18 336
person 0.0100 130 172 145 213
person 0.0096 115 171 124 185
person 0.0091 254 181 267 201
person 0.0090 0 182 8 226
person 0.0088 164 213 190 231
person 0.0073 251 179 264 228
person 0.0053 172 176 183 211
person 0.0050 317 185 327 199
person 0.0049 299 189 310 197
person 0.0045 157 173 173 213
person 0.0044 296 192 323 235
person 0.0042 0 29 200 389
person 0.0041 0 176 18 360
person 0.0039 273 174 292 235
person 0.0032 295 202 313 227
person 0.0031 191 178 209 193
person 0.0031 0 139 17 281
person 0.0029 0 265 23 394
person 0.0027 0 148 12 223
person 0.0027 297 208 305 235
person 0.0026 182 178 192 191
person 0.0025 128 175 148 231
person 0.0025 234 180 282 237
person 0.0023 125 170 140 186
person 0.0023 234 180 250 225
person 0.0022 256 143 279 153
person 0.0022 100 160 337 242
person 0.0022 120 172 142 195
person 0.0020 323 187 341 226
person 0.0020 236 55 254 64
person 0.0020 154 172 169 187
person 0.0019 50 124 388 259
person 0.0017 0 164 10 208
person 0.0017 335 182 341 208
person 0.0016 185 176 327 240
person 0.0016 228 56 242 64
person 0.0016 3 77 423 327
person 0.0015 68 182 96 241
person 0.0015 0 183 12 262
person 0.0013 121 176 138 212
person 0.0013 111 174 128 234
person 0.0013 231 182 246 201
person 0.0012 0 111 25 386
person 0.0012 0 238 22 345
person 0.0011 198 181 213 226
person 0.0011 61 180 78 209
person 0.0011 0 207 9 241
person 0.0011 45 206 198 291
person 0.0011 0 65 16 238
person 0.0010 172 170 182 188
person 0.0010 1 179 20 227
person 0.0010 170 181 184 224
person 0.0010 168 174 188 194
person 0.0010 259 196 269 232
person 0.0010 265 178 283 196
person 0.0010 69 128 413 201
person 0.0010 197 183 214 201
bicycle 0.0024 57 178 81 241
bicycle 0.0013 39 186 65 236
bicycle 0.0013 66 182 107 240
car 0.0533 258 143 284 154
car 0.0230 45 206 198 291
car 0.0165 0 124 199 359
car 0.0161 315 142 326 146
car 0.0121 472 50 500 73
car 0.0068 -1 227 196 399
car 0.0042 102 174 340 244
car 0.0034 39 231 182 274
car 0.0033 366 138 375 151
car 0.0025 473 234 499 270
car 0.0025 76 187 125 239
car 0.0024 77 125 405 261
car 0.0024 324 141 333 146
car 0.0023 486 52 500 67
car 0.0021 0 273 18 336
car 0.0018 -9 95 362 389
car 0.0018 315 138 329 144
car 0.0017 490 234 500 273
car 0.0017 164 213 190 231
car 0.0014 60 199 152 257
car 0.0014 41 237 58 250
car 0.0012 366 137 393 158
car 0.0010 4 306 250 395
car 0.0010 366 134 375 147
motorbike 0.0021 259 143 283 154
bus 0.0335 92 150 390 247
bus 0.0119 69 128 413 201
bus 0.0034 53 87 435 321
bus 0.0030 471 53 500 84
bus 0.0011 177 118 260 146
bus 0.0010 96 177 310 243
train 0.0114 77 125 405 261
train 0.0041 53 87 435 321
train 0.0034 100 160 337 242
boat 0.1521 471 52 500 85
boat 0.0154 371 215 498 276
boat 0.0121 92 150 390 247
boat 0.0113 473 233 499 271
boat 0.0087 473 198 500 272
boat 0.0073 490 234 500 273
boat 0.0068 411 229 498 273
boat 0.0054 17 100 473 384
boat 0.0042 445 51 501 86
boat 0.0028 69 128 413 201
boat 0.0027 258 143 284 154
boat 0.0027 490 206 500 279
boat 0.0026 473 32 499 73
boat 0.0025 315 142 326 146
boat 0.0024 405 54 508 84
boat 0.0020 472 44 499 63
boat 0.0019 45 218 195 279
boat 0.0019 486 52 500 67
boat 0.0017 296 199 322 228
boat 0.0016 455 48 497 75
boat 0.0013 487 247 501 276
boat 0.0013 70 142 420 326
boat 0.0012 9 203 201 330
boat 0.0012 366 138 375 151
boat 0.0011 454 198 496 269
boat 0.0010 170 241 342 330
bird 0.0075 489 251 500 274
bird 0.0021 258 143 284 154
bird 0.0012 490 259 500 281
bottle 0.0050 69 128 413 201
bottle 0.0045 393 270 407 287
bottle 0.0026 414 266 426 283
bottle 0.0022 92 150 390 247
bottle 0.0014 60 65 505 266
chair 0.0049 57 178 81 241
chair 0.0037 68 184 112 241
chair 0.0017 45 184 61 205
chair 0.0016 44 183 62 227
chair 0.0010 44 173 61 199
chair 0.0010 80 187 99 239
pottedplant 0.5196 436 327 500 396
pottedplant 0.1472 318 299 393 384
pottedplant 0.0834 148 244 353 386
pottedplant 0.0811 208 321 358 395
pottedplant 0.0723 352 309 448 397
pottedplant 0.0612 259 301 379 384
pottedplant 0.0327 309 295 367 362
pottedplant 0.0318 327 338 373 386
pottedplant 0.0252 277 360 355 397
pottedplant 0.0226 257 335 341 394
pottedplant 0.0201 347 306 402 345
pottedplant 0.0185 29 247 232 393
pottedplant 0.0184 199 244 319 364
pottedplant 0.0177 368 321 500 398
pottedplant 0.0168 219 244 344 320
pottedplant 0.0166 200 332 284 398
pottedplant 0.0154 269 255 330 318
pottedplant 0.0142 34 220 455 404
pottedplant 0.0123 239 292 320 358
pottedplant 0.0123 226 260 419 384
pottedplant 0.0122 228 245 290 295
pottedplant 0.0120 128 259 273 386
pottedplant 0.0118 299 331 376 390
pottedplant 0.0114 471 379 500 398
pottedplant 0.0095 306 275 436 381
pottedplant 0.0091 251 258 344 348
pottedplant 0.0086 398 306 420 330
pottedplant 0.0080 265 246 334 293
pottedplant 0.0080 450 366 497 397
pottedplant 0.0077 320 298 361 339
pottedplant 0.0070 471 329 500 397
pottedplant 0.0068 328 290 377 329
pottedplant 0.0063 210 353 343 399
pottedplant 0.0062 375 321 423 395
pottedplant 0.0061 96 284 410 399
pottedplant 0.0060 262 359 326 398
pottedplant 0.0060 276 260 310 302
pottedplant 0.0058 -2 174 197 393
pottedplant 0.0056 181 278 259 373
pottedplant 0.0054 367 279 431 327
pottedplant 0.0052 369 307 419 342
pottedplant 0.0051 283 374 342 399
pottedplant 0.0048 360 306 396 333
pottedplant 0.0045 303 285 374 335
pottedplant 0.0045 313 306 353 353
pottedplant 0.0040 320 379 361 399
pottedplant 0.0040 293 251 330 291
pottedplant 0.0036 393 270 407 287
pottedplant 0.0035 250 227 390 337
pottedplant 0.0033 91 263 195 391
pottedplant 0.0032 381 353 434 399
pottedplant 0.0031 414 266 426 283
pottedplant 0.0030 485 380 500 397
pottedplant 0.0030 324 283 426 331
pottedplant 0.0029 375 268 439 310
pottedplant 0.0029 416 51 444 67
pottedplant 0.0028 284 379 305 398
pottedplant 0.0028 171 311 236 379
pottedplant 0.0028 349 262 450 364
pottedplant 0.0028 178 296 305 397
pottedplant 0.0028 452 302 500 378
pottedplant 0.0027 297 376 328 398
pottedplant 0.0025 489 251 500 274
pottedplant 0.0024 290 267 334 315
pottedplant 0.0024 0 236 17 338
pottedplant 0.0023 267 306 356 354
pottedplant 0.0023 257 315 308 342
pottedplant 0.0023 258 324 329 374
pottedplant 0.0022 253 256 315 306
pottedplant 0.0022 490 337 500 398
pottedplant 0.0021 389 301 426 348
pottedplant 0.0020 -1 198 58 359
pottedplant 0.0020 442 254 499 395
pottedplant 0.0019 350 296 389 327
pottedplant 0.0019 362 57 393 69
pottedplant 0.0018 -1 92 115 378
pottedplant 0.0017 348 293 369 327
pottedplant 0.0017 275 229 349 311
pottedplant 0.0017 409 267 429 294
pottedplant 0.0017 268 267 302 314
pottedplant 0.0016 279 301 292 319
pottedplant 0.0016 184 235 302 308
pottedplant 0.0015 303 273 336 308
pottedplant 0.0015 326 363 377 396
pottedplant 0.0014 278 362 309 395
pottedplant 0.0013 338 304 360 333
pottedplant 0.0013 257 328 308 348
pottedplant 0.0013 289 248 378 323
pottedplant 0.0013 71 212 294 364
pottedplant 0.0013 411 229 498 273
pottedplant 0.0012 0 131 19 367
pottedplant 0.0012 165 195 478 372
pottedplant 0.0012 300 253 325 276
pottedplant 0.0012 247 254 298 292
pottedplant 0.0012 264 304 301 337
pottedplant 0.0011 274 267 312 330
pottedplant 0.0011 302 243 341 280
pottedplant 0.0011 133 295 233 389
pottedplant 0.0011 474 218 500 272
pottedplant 0.0011 358 304 384 322
diningtable 0.0028 0 306 190 396
diningtable 0.0022 -1 274 17 330
diningtable 0.0016 371 215 498 276
diningtable 0.0011 201 74 270 89
diningtable 0.0011 45 184 61 205
