person 0.9852 277 67 504 333
person 0.9670 6 90 278 332
person 0.0032 1 20 85 332
person 0.0020 476 79 500 156
person 0.0018 475 97 500 293
person 0.0013 475 115 500 150
person 0.0012 123 26 196 103
person 0.0011 405 129 500 336
car 0.0025 284 56 501 307
chair 0.0783 284 56 501 307
chair 0.0182 -4 72 290 332
chair 0.0179 444 121 500 293
chair 0.0167 0 21 86 331
chair 0.0141 227 139 522 327
chair 0.0035 233 233 294 324
chair 0.0026 402 159 500 338
chair 0.0016 474 150 500 318
chair 0.0016 439 110 501 165
chair 0.0012 160 87 506 246
sofa 0.5543 11 82 499 332
sofa 0.2044 104 87 412 254
sofa 0.1865 241 60 516 332
sofa 0.0743 0 21 86 331
sofa 0.0414 444 121 500 293
sofa 0.0340 13 230 492 327
sofa 0.0122 -3 37 286 320
sofa 0.0121 166 94 356 328
sofa 0.0103 241 213 513 328
sofa 0.0069 233 233 294 324
sofa 0.0049 404 130 500 335
sofa 0.0035 439 110 501 165
sofa 0.0030 356 85 502 308
sofa 0.0027 440 100 500 215
sofa 0.0025 475 97 500 293
sofa 0.0016 475 106 500 168
sofa 0.0015 157 85 505 191
sofa 0.0011 28 56 486 223
sofa 0.0010 444 195 501 346
pottedplant 0.0012 476 79 500 156
diningtable 0.0034 230 81 524 334
tvmonitor 0.0012 284 56 501 307
