person 0.9568 162 102 487 373
person 0.6602 1 163 277 369
person 0.0091 8 193 486 381
person 0.0051 156 107 405 289
person 0.0029 477 157 500 351
person 0.0026 257 140 414 261
person 0.0019 472 123 499 227
person 0.0019 245 183 498 361
person 0.0013 0 163 127 370
person 0.0011 457 141 490 189
bottle 0.4613 407 128 426 158
bottle 0.2490 407 125 428 200
bottle 0.0367 408 159 432 202
bottle 0.0170 454 141 472 168
bottle 0.0014 390 118 440 209
chair 0.0211 27 146 472 375
chair 0.0144 477 162 500 309
chair 0.0084 1 163 277 369
chair 0.0051 435 228 479 312
chair 0.0033 472 73 501 325
chair 0.0033 440 153 500 299
chair 0.0033 0 114 7 193
chair 0.0032 407 122 496 314
chair 0.0021 209 173 495 369
chair 0.0020 0 140 8 283
chair 0.0018 1 132 190 329
chair 0.0018 59 138 208 264
chair 0.0017 356 336 418 374
chair 0.0014 386 187 483 317
chair 0.0013 0 89 12 344
chair 0.0013 55 247 162 340
chair 0.0012 0 199 6 357
chair 0.0011 397 138 499 236
sofa 0.7187 13 144 484 376
sofa 0.0506 1 163 277 369
sofa 0.0121 209 173 495 369
sofa 0.0092 151 110 440 283
sofa 0.0079 59 138 208 264
sofa 0.0077 1 132 190 329
sofa 0.0023 477 162 500 309
sofa 0.0017 257 140 414 261
sofa 0.0012 45 113 290 281
sofa 0.0010 472 73 501 325
pottedplant 0.8931 280 -6 440 169
pottedplant 0.0078 294 49 423 157
pottedplant 0.0063 322 109 417 164
pottedplant 0.0053 282 1 432 91
pottedplant 0.0033 399 105 465 139
pottedplant 0.0014 310 80 473 161
diningtable 0.0054 397 136 496 313
diningtable 0.0040 477 162 500 309
diningtable 0.0028 440 153 500 299
