person 0.9895 53 44 246 335
person 0.0036 444 0 499 79
person 0.0010 479 0 500 79
bicycle 0.0010 56 27 259 332
car 0.0767 206 0 497 329
car 0.0041 312 0 394 51
car 0.0032 321 15 379 57
car 0.0030 268 -1 463 95
car 0.0021 44 27 251 334
car 0.0012 300 6 379 70
car 0.0012 321 0 497 162
motorbike 0.0012 190 -2 292 112
motorbike 0.0010 203 -2 374 115
motorbike 0.0010 211 2 494 328
bus 0.0034 180 -5 498 337
train 0.0079 188 0 493 331
boat 0.0010 180 -5 498 337
bottle 0.1869 265 153 333 257
bottle 0.1353 0 68 34 120
bottle 0.0334 264 198 324 260
bottle 0.0255 0 65 7 122
bottle 0.0183 297 155 338 196
bottle 0.0080 0 60 5 89
bottle 0.0051 334 176 369 249
bottle 0.0049 335 168 371 217
bottle 0.0041 282 157 339 224
bottle 0.0038 309 169 363 255
bottle 0.0037 0 0 9 18
bottle 0.0034 250 103 457 326
bottle 0.0030 329 159 354 201
bottle 0.0029 49 42 124 106
bottle 0.0028 277 140 398 289
bottle 0.0028 339 160 362 200
bottle 0.0027 208 150 369 331
bottle 0.0023 0 44 6 107
bottle 0.0021 0 40 44 125
bottle 0.0019 338 188 366 215
bottle 0.0019 230 58 245 95
bottle 0.0016 2 1 97 117
bottle 0.0015 251 185 320 283
bottle 0.0015 345 159 357 184
bottle 0.0015 263 239 330 307
bottle 0.0015 0 47 31 105
bottle 0.0015 237 158 332 307
bottle 0.0014 323 172 383 293
bottle 0.0013 330 153 378 203
bottle 0.0011 280 250 301 289
bottle 0.0010 0 94 5 131
bottle 0.0010 299 161 376 228
chair 0.0137 171 -3 247 114
chair 0.0117 190 -2 292 112
chair 0.0096 -1 115 73 292
chair 0.0029 316 0 385 55
chair 0.0021 0 248 68 292
chair 0.0019 169 0 228 47
chair 0.0018 186 6 224 104
chair 0.0016 210 32 266 118
chair 0.0013 0 244 70 332
chair 0.0011 166 0 199 50
sofa 0.0081 -1 115 73 292
diningtable 0.0015 0 110 71 289
diningtable 0.0014 0 244 70 332
diningtable 0.0012 0 248 68 292
tvmonitor 0.0012 3 2 99 111
