person 0.8128 0 113 27 242
person 0.1744 0 116 55 234
person 0.0407 27 123 65 223
person 0.0116 0 117 21 147
person 0.0111 0 94 26 187
person 0.0068 9 101 76 251
person 0.0067 0 117 14 245
person 0.0039 55 82 74 112
person 0.0035 -5 72 76 319
person 0.0030 0 117 24 346
person 0.0029 0 109 10 125
person 0.0022 -1 90 16 143
person 0.0022 37 112 64 197
person 0.0022 34 117 51 151
person 0.0018 34 116 47 135
person 0.0014 -1 114 16 171
person 0.0013 32 116 57 171
person 0.0010 0 26 28 216
car 0.4557 0 92 94 347
car 0.0188 0 116 53 234
car 0.0143 9 101 76 251
car 0.0077 0 113 27 269
car 0.0018 27 123 65 223
car 0.0015 438 92 455 99
bus 0.0119 0 106 93 326
train 0.0016 0 106 93 326
boat 0.0012 0 106 93 326
bird 0.0032 228 142 239 150
bird 0.0031 401 139 418 152
bird 0.0026 403 140 434 153
bird 0.0014 427 144 443 156
bird 0.0011 55 82 74 112
dog 0.0055 55 82 74 112
horse 0.0394 55 82 74 112
horse 0.0035 56 84 105 108
horse 0.0029 75 85 105 104
sheep 0.0068 55 82 74 112
cow 0.9939 155 141 335 263
cow 0.0381 55 82 74 112
cow 0.0172 153 149 271 215
cow 0.0023 228 142 239 150
cow 0.0019 158 162 204 220
cow 0.0012 402 139 435 153
tvmonitor 0.0016 0 92 91 310
