person 0.8141 56 61 116 128
person 0.7651 142 71 183 95
person 0.7506 0 59 40 122
person 0.3361 48 66 66 117
person 0.2743 0 57 38 184
person 0.1470 133 76 154 93
person 0.0909 217 42 264 79
person 0.0547 131 72 168 96
person 0.0502 0 56 18 108
person 0.0252 0 46 16 88
person 0.0219 56 59 117 195
person 0.0179 220 37 318 87
person 0.0168 42 63 96 122
person 0.0125 198 40 273 92
person 0.0117 375 11 400 62
person 0.0115 0 48 10 107
person 0.0109 126 71 196 211
person 0.0100 0 59 6 108
person 0.0100 41 66 60 103
person 0.0098 0 62 18 196
person 0.0081 52 66 75 106
person 0.0079 12 61 26 80
person 0.0078 234 41 337 267
person 0.0073 45 69 68 149
person 0.0070 290 59 351 174
person 0.0068 363 240 399 298
person 0.0064 0 101 44 213
person 0.0060 -2 66 84 175
person 0.0060 377 18 400 105
person 0.0057 43 66 56 89
person 0.0055 51 66 65 91
person 0.0053 -1 39 12 71
person 0.0050 99 39 340 216
person 0.0049 129 79 158 100
person 0.0042 135 67 162 90
person 0.0040 380 256 400 299
person 0.0040 131 74 185 105
person 0.0040 118 70 149 96
person 0.0037 116 66 141 90
person 0.0037 208 48 332 135
person 0.0037 7 68 43 145
person 0.0036 309 85 346 170
person 0.0034 355 17 400 110
person 0.0034 263 43 333 175
person 0.0033 278 47 365 255
person 0.0033 0 63 23 134
person 0.0033 0 63 9 135
person 0.0032 36 64 74 160
person 0.0032 204 68 215 82
person 0.0031 393 62 400 91
person 0.0030 58 63 86 106
person 0.0028 10 63 65 121
person 0.0026 0 118 86 186
person 0.0025 137 70 150 87
person 0.0024 201 76 219 95
person 0.0024 58 64 221 226
person 0.0021 145 70 169 86
person 0.0021 379 283 399 300
person 0.0021 375 12 400 35
person 0.0021 2 59 36 94
person 0.0020 153 44 304 122
person 0.0019 380 49 400 139
person 0.0019 65 64 78 88
person 0.0018 160 70 182 87
person 0.0018 38 83 59 117
person 0.0017 221 48 247 75
person 0.0016 35 77 49 93
person 0.0015 384 34 400 220
person 0.0015 376 59 400 96
person 0.0015 33 76 52 107
person 0.0014 19 98 114 185
person 0.0014 387 271 400 299
person 0.0014 391 20 400 101
person 0.0013 -3 8 402 187
person 0.0013 21 66 45 118
person 0.0013 39 61 105 158
person 0.0013 0 45 17 66
person 0.0012 0 72 7 174
person 0.0012 201 58 244 95
person 0.0012 357 37 399 244
person 0.0012 388 15 400 33
person 0.0012 199 66 211 87
person 0.0011 0 79 7 119
person 0.0011 64 57 218 123
person 0.0011 354 60 400 123
person 0.0010 107 63 131 91
person 0.0010 21 93 123 261
person 0.0010 41 42 166 203
person 0.0010 19 68 30 82
person 0.0010 44 64 55 77
person 0.0010 28 77 40 106
person 0.0010 116 88 135 98
car 0.0062 115 66 141 90
car 0.0013 118 70 149 96
bird 0.0038 72 47 335 242
dog 0.0048 70 46 337 245
dog 0.0010 363 240 399 298
horse 0.0052 68 44 339 250
horse 0.0016 362 243 400 298
sheep 0.4938 70 46 337 245
sheep 0.0163 207 41 329 260
sheep 0.0074 242 41 337 198
sheep 0.0056 362 243 400 298
sheep 0.0040 83 77 192 208
sheep 0.0030 208 48 332 135
sheep 0.0021 305 173 384 265
sheep 0.0020 26 117 373 292
sheep 0.0015 257 49 318 168
sheep 0.0015 -1 122 106 285
sheep 0.0014 273 41 357 273
sheep 0.0013 309 85 346 170
sheep 0.0013 360 172 399 298
sheep 0.0012 296 167 343 217
sheep 0.0011 281 173 355 265
sheep 0.0011 361 220 400 274
sheep 0.0010 289 61 347 189
sheep 0.0010 230 42 338 86
cow 0.2483 70 46 337 245
cow 0.0089 362 240 399 298
cow 0.0085 207 41 329 260
cow 0.0057 242 41 337 198
cow 0.0050 263 43 331 82
cow 0.0029 354 54 400 113
cow 0.0026 208 48 332 135
cow 0.0020 95 70 193 211
cow 0.0017 290 59 351 174
cow 0.0017 377 53 400 109
cow 0.0014 361 220 400 274
cow 0.0013 314 68 398 170
cow 0.0012 278 47 365 255
cow 0.0011 382 237 400 299
cow 0.0011 248 38 346 119
cow 0.0010 353 36 400 187
bottle 0.0010 40 96 55 118
chair 0.0057 0 102 43 212
chair 0.0040 0 118 86 186
chair 0.0024 10 125 92 161
chair 0.0024 0 102 19 214
chair 0.0019 50 130 90 160
diningtable 0.0523 10 125 92 161
diningtable 0.0278 0 118 86 186
diningtable 0.0100 22 107 81 148
diningtable 0.0079 16 120 82 140
diningtable 0.0059 59 135 89 160
diningtable 0.0059 27 113 70 133
diningtable 0.0040 22 90 83 170
diningtable 0.0028 0 69 42 204
diningtable 0.0019 0 113 92 246
diningtable 0.0015 6 97 62 148
diningtable 0.0014 41 67 69 151
diningtable 0.0014 0 124 52 200
diningtable 0.0013 0 121 35 171
diningtable 0.0012 0 113 53 162
diningtable 0.0010 16 135 66 168
