person 0.0024 170 22 194 75
cat 0.0020 260 44 292 66
cat 0.0011 267 33 380 76
dog 0.0074 260 44 292 66
dog 0.0013 267 33 380 76
bottle 0.0025 408 54 416 63
chair 0.3902 -1 63 112 304
chair 0.1762 260 33 385 82
chair 0.0434 347 66 378 83
chair 0.0396 349 51 386 83
chair 0.0356 177 34 229 79
chair 0.0340 260 44 293 66
chair 0.0149 171 31 197 80
chair 0.0088 0 74 98 148
chair 0.0055 355 49 385 68
chair 0.0048 459 94 486 132
chair 0.0045 115 62 413 223
chair 0.0036 313 43 388 86
chair 0.0033 172 27 186 73
chair 0.0031 0 68 44 86
chair 0.0023 339 60 382 89
chair 0.0023 285 43 339 68
chair 0.0021 0 66 50 142
chair 0.0020 303 55 317 65
chair 0.0018 199 37 228 62
chair 0.0017 0 58 48 105
chair 0.0014 259 34 303 65
chair 0.0012 70 83 333 312
chair 0.0012 257 40 328 70
chair 0.0010 339 37 385 80
chair 0.0010 0 64 5 166
sofa 0.7449 -1 63 112 304
sofa 0.3715 265 34 386 84
sofa 0.0175 62 64 429 322
sofa 0.0165 115 62 413 223
sofa 0.0088 177 34 229 79
sofa 0.0049 342 49 383 84
sofa 0.0040 172 30 200 81
sofa 0.0031 313 43 388 86
sofa 0.0031 347 67 378 83
sofa 0.0022 0 74 98 148
sofa 0.0019 260 44 292 66
sofa 0.0018 252 38 353 72
sofa 0.0017 285 43 339 68
sofa 0.0016 303 55 317 65
sofa 0.0011 459 94 486 132
sofa 0.0010 172 27 186 73
sofa 0.0010 51 137 325 318
pottedplant 0.2209 103 83 131 131
diningtable 0.0036 267 33 380 76
