person 0.7121 217 348 239 366
person 0.6976 147 326 182 350
person 0.4284 86 373 97 405
person 0.4155 77 371 88 406
person 0.4076 58 369 74 407
person 0.3963 0 368 9 394
person 0.3316 98 369 108 405
person 0.2942 241 343 258 364
person 0.2586 26 370 42 413
person 0.2298 9 367 23 395
person 0.2284 47 367 58 391
person 0.1972 108 363 119 400
person 0.1434 71 367 80 394
person 0.1359 321 370 332 431
person 0.1099 40 368 56 391
person 0.1067 78 368 89 391
person 0.1048 87 371 96 390
person 0.0837 243 341 268 365
person 0.0786 27 376 60 417
person 0.0758 0 366 8 433
person 0.0728 23 371 37 421
person 0.0725 38 381 72 418
person 0.0700 240 257 266 300
person 0.0657 20 366 34 394
person 0.0566 114 185 291 408
person 0.0556 226 341 249 365
person 0.0532 37 371 55 406
person 0.0493 45 370 66 407
person 0.0451 139 324 184 371
person 0.0435 210 341 259 366
person 0.0431 85 289 317 448
person 0.0431 59 361 69 378
person 0.0370 110 362 119 378
person 0.0337 161 236 177 249
person 0.0333 13 367 21 378
person 0.0333 320 368 329 392
person 0.0329 67 368 82 406
person 0.0309 20 366 32 377
person 0.0294 -2 339 331 461
person 0.0280 47 363 58 380
person 0.0272 86 366 100 395
person 0.0235 229 338 273 367
person 0.0230 259 349 273 366
person 0.0217 -1 365 4 395
person 0.0209 31 369 41 388
person 0.0206 75 365 91 398
person 0.0175 213 341 229 364
person 0.0175 96 363 106 380
person 0.0160 81 360 92 380
person 0.0151 72 365 80 380
person 0.0147 90 362 100 380
person 0.0129 47 358 81 405
person 0.0128 9 361 145 418
person 0.0125 153 237 172 249
person 0.0114 41 366 54 378
person 0.0107 30 368 39 377
person 0.0100 1 363 10 379
person 0.0100 11 200 313 455
person 0.0094 284 365 293 399
person 0.0090 81 356 88 367
person 0.0088 54 380 73 416
person 0.0084 240 226 257 248
person 0.0078 -1 365 12 456
person 0.0078 323 351 331 389
person 0.0071 141 235 160 249
person 0.0071 183 236 192 250
person 0.0070 317 384 331 447
person 0.0066 0 368 12 408
person 0.0061 105 388 117 405
person 0.0060 158 335 316 407
person 0.0059 76 366 123 411
person 0.0059 25 355 97 408
person 0.0058 -1 363 5 434
person 0.0057 138 228 152 248
person 0.0052 175 237 189 250
person 0.0049 289 368 299 387
person 0.0043 60 359 67 367
person 0.0043 87 360 117 403
person 0.0042 300 369 324 386
person 0.0040 284 363 293 380
person 0.0040 97 386 110 406
person 0.0039 54 355 144 407
person 0.0036 151 336 172 359
person 0.0033 99 357 123 404
person 0.0031 23 367 47 395
person 0.0031 182 227 194 248
person 0.0029 116 361 123 398
person 0.0029 8 367 45 419
person 0.0028 117 374 122 404
person 0.0028 108 360 120 383
person 0.0028 48 356 57 367
person 0.0028 233 235 247 250
person 0.0026 160 229 180 247
person 0.0025 273 350 279 367
person 0.0023 256 339 274 366
person 0.0023 56 359 73 385
person 0.0023 302 371 330 451
person 0.0022 -1 362 3 381
person 0.0019 282 361 293 435
person 0.0019 272 393 284 461
bicycle 0.2235 43 392 69 419
bicycle 0.0177 55 381 73 416
bicycle 0.0168 33 379 75 418
bicycle 0.0101 86 387 98 405
bicycle 0.0093 76 386 88 406
bicycle 0.0074 33 394 62 420
bicycle 0.0046 97 386 110 406
bicycle 0.0025 105 388 117 405
bicycle 0.0012 69 387 83 407
bicycle 0.0011 106 370 118 404
bicycle 0.0011 98 369 108 405
car 0.6710 297 369 318 386
car 0.3908 284 365 293 399
car 0.0955 289 368 299 387
car 0.0227 289 364 301 381
car 0.0204 284 363 293 380
car 0.0172 320 368 329 392
car 0.0145 301 359 325 385
car 0.0104 276 371 285 403
car 0.0055 284 365 302 390
car 0.0049 323 351 331 389
car 0.0033 272 361 288 403
car 0.0018 276 361 296 399
car 0.0016 31 378 63 420
car 0.0012 255 351 289 403
car 0.0012 36 371 55 407
car 0.0011 283 377 293 415
car 0.0011 42 384 70 418
car 0.0011 24 372 45 420
motorbike 0.3069 42 384 70 418
motorbike 0.0694 31 378 63 420
motorbike 0.0104 53 380 73 417
motorbike 0.0036 27 373 42 419
motorbike 0.0034 283 370 293 403
motorbike 0.0032 31 398 43 418
motorbike 0.0031 6 365 108 420
motorbike 0.0028 86 387 98 405
motorbike 0.0027 55 394 70 418
motorbike 0.0020 37 371 55 406
motorbike 0.0019 76 386 88 406
motorbike 0.0016 27 389 46 425
motorbike 0.0011 105 388 117 405
motorbike 0.0010 106 370 118 404
motorbike 0.0010 58 369 74 407
bus 0.9977 115 194 290 460
bus 0.0962 298 339 324 384
bus 0.0444 323 339 331 379
bus 0.0149 296 361 321 385
bus 0.0021 297 341 321 364
bus 0.0010 316 342 333 396
