person 0.0093 35 0 47 11
person 0.0034 32 0 41 11
person 0.0032 51 2 60 11
person 0.0020 55 2 64 12
person 0.0013 0 1 5 12
car 0.0028 35 0 47 11
train 0.0032 189 153 280 193
train 0.0011 245 154 282 186
bird 0.0029 244 153 282 188
bird 0.0021 189 153 280 193
cat 0.0117 189 153 280 193
cat 0.0067 244 153 282 188
dog 0.0216 187 153 282 194
dog 0.0044 244 153 282 188
horse 0.0010 190 152 282 195
sheep 0.0501 191 152 281 195
sheep 0.0275 244 153 282 188
sheep 0.0016 35 0 47 11
sheep 0.0014 348 39 371 68
sheep 0.0012 249 152 282 172
sheep 0.0011 0 1 5 12
cow 0.0426 190 152 282 195
cow 0.0055 245 152 281 190
cow 0.0022 35 0 47 11
cow 0.0018 0 1 5 12
