person 0.3962 134 100 315 284
person 0.2836 2 85 320 432
person 0.0133 115 139 291 375
person 0.0118 156 197 222 268
person 0.0063 279 0 333 49
person 0.0061 27 397 305 446
person 0.0049 85 13 333 280
person 0.0047 5 353 201 448
person 0.0042 132 397 271 446
person 0.0019 -2 265 333 446
person 0.0015 117 157 232 299
person 0.0011 199 100 332 421
person 0.0011 125 396 201 446
train 0.0012 -4 -14 337 464
boat 0.0017 -4 -14 337 464
bird 0.0078 158 194 218 277
cat 0.0017 158 194 218 277
bottle 0.0670 158 188 219 276
bottle 0.0017 117 157 232 299
chair 0.0651 -4 -14 337 464
chair 0.0187 279 0 333 49
chair 0.0166 0 235 327 426
chair 0.0124 0 96 79 264
chair 0.0071 0 -1 138 261
chair 0.0064 85 13 333 280
chair 0.0029 95 0 320 44
chair 0.0015 210 0 334 47
chair 0.0014 4 345 329 447
sofa 0.6251 -1 -3 336 265
sofa 0.0336 0 -1 138 261
sofa 0.0220 0 37 80 259
sofa 0.0162 48 33 349 409
sofa 0.0090 279 0 333 49
sofa 0.0064 13 0 323 45
sofa 0.0052 0 0 333 108
sofa 0.0028 114 92 314 289
sofa 0.0027 210 0 334 47
sofa 0.0022 138 0 334 88
sofa 0.0018 0 136 79 302
sofa 0.0017 -1 0 134 112
diningtable 0.0336 -2 265 333 446
diningtable 0.0223 -4 -14 337 464
diningtable 0.0017 74 103 330 342
