person 0.9837 102 0 188 163
person 0.0478 178 -1 252 144
person 0.0078 195 6 237 129
person 0.0056 314 83 335 115
person 0.0032 104 3 119 74
person 0.0022 144 0 215 160
person 0.0020 0 30 18 332
person 0.0019 323 105 353 141
person 0.0011 166 14 190 146
car 0.0025 222 189 259 232
car 0.0018 365 59 387 71
car 0.0016 232 0 298 19
aeroplane 0.0082 328 -3 499 150
aeroplane 0.0030 323 -3 499 296
boat 0.1030 12 75 474 306
boat 0.0212 222 189 259 232
boat 0.0205 144 77 437 227
boat 0.0079 274 172 314 209
boat 0.0075 328 -3 499 150
boat 0.0055 213 125 378 231
boat 0.0052 165 212 209 264
boat 0.0049 260 159 329 207
boat 0.0047 323 -3 499 296
boat 0.0039 136 108 390 283
boat 0.0033 250 158 281 191
boat 0.0033 163 99 319 253
boat 0.0030 145 156 227 280
boat 0.0025 185 42 476 182
boat 0.0023 188 173 222 210
boat 0.0019 102 8 186 179
boat 0.0018 217 140 338 212
boat 0.0018 159 -15 502 240
boat 0.0015 80 137 494 371
boat 0.0014 180 163 225 274
boat 0.0014 234 131 268 175
boat 0.0013 303 148 334 180
boat 0.0012 430 67 501 146
boat 0.0011 187 143 227 204
boat 0.0011 68 134 294 311
bottle 0.0389 123 174 164 224
bottle 0.0190 137 213 159 227
bottle 0.0190 135 203 148 220
bottle 0.0183 134 213 149 224
bottle 0.0133 124 151 156 192
bottle 0.0131 139 203 155 218
bottle 0.0128 130 194 154 227
bottle 0.0108 234 112 257 139
bottle 0.0101 41 164 91 216
bottle 0.0092 314 82 336 115
bottle 0.0090 318 130 342 157
bottle 0.0072 323 105 353 141
bottle 0.0067 128 211 166 230
bottle 0.0047 133 190 160 214
bottle 0.0037 166 215 209 263
bottle 0.0034 121 154 167 243
bottle 0.0032 293 117 311 138
bottle 0.0030 150 194 162 213
bottle 0.0020 124 214 137 225
bottle 0.0020 125 202 137 221
bottle 0.0018 172 219 203 245
bottle 0.0017 150 202 162 216
bottle 0.0015 357 134 381 158
bottle 0.0015 188 144 228 182
bottle 0.0015 189 223 208 240
bottle 0.0014 349 116 374 138
bottle 0.0012 104 3 119 74
bottle 0.0011 125 179 158 205
bottle 0.0011 312 114 325 138
bottle 0.0011 272 131 298 155
bottle 0.0011 188 171 223 209
bottle 0.0010 183 160 192 185
chair 0.0222 303 148 334 180
chair 0.0159 290 91 314 116
chair 0.0155 235 131 267 173
chair 0.0125 314 83 335 115
chair 0.0120 222 189 259 232
chair 0.0090 0 179 22 370
chair 0.0070 371 110 390 133
chair 0.0064 322 105 352 141
chair 0.0054 250 158 281 191
chair 0.0051 348 96 374 118
chair 0.0048 332 92 374 119
chair 0.0036 295 148 343 197
chair 0.0034 349 116 374 139
chair 0.0028 316 126 346 161
chair 0.0026 344 104 376 137
chair 0.0024 196 65 403 219
chair 0.0022 309 85 359 120
chair 0.0021 268 120 299 161
chair 0.0021 0 171 50 376
chair 0.0019 358 106 389 137
chair 0.0016 354 137 384 174
chair 0.0016 0 61 26 94
chair 0.0014 166 106 348 207
chair 0.0014 357 133 381 159
chair 0.0013 180 163 225 274
chair 0.0013 268 161 321 207
chair 0.0013 261 108 295 139
chair 0.0012 351 115 388 168
chair 0.0012 0 51 17 343
chair 0.0011 238 147 311 205
chair 0.0011 433 144 500 297
chair 0.0011 234 112 330 204
chair 0.0011 227 118 279 173
chair 0.0010 0 48 105 83
chair 0.0010 193 144 233 183
chair 0.0010 252 114 313 169
chair 0.0010 -1 3 67 76
pottedplant 0.0365 394 120 419 142
pottedplant 0.0212 178 -1 252 144
pottedplant 0.0018 114 0 201 159
pottedplant 0.0010 195 6 237 129
diningtable 0.0136 -18 96 453 344
diningtable 0.0078 170 103 390 253
diningtable 0.0058 260 159 329 207
diningtable 0.0053 194 87 455 207
diningtable 0.0045 0 48 105 83
diningtable 0.0037 273 171 315 210
diningtable 0.0033 157 76 484 293
diningtable 0.0027 0 155 186 369
diningtable 0.0025 295 148 343 197
diningtable 0.0021 -8 125 272 325
diningtable 0.0020 102 8 186 179
diningtable 0.0019 215 156 376 233
diningtable 0.0018 217 140 338 212
diningtable 0.0013 1 164 174 269
diningtable 0.0013 305 150 333 193
diningtable 0.0012 99 173 241 351
diningtable 0.0011 1 100 130 181
tvmonitor 0.0018 325 -1 502 163
tvmonitor 0.0010 348 97 374 118
