person 0.9896 282 166 338 334
person 0.9824 117 134 163 253
person 0.9783 422 180 455 302
person 0.9652 397 163 433 303
person 0.9269 376 199 410 305
person 0.8360 221 193 267 348
person 0.2492 355 173 396 224
person 0.2150 380 164 396 182
person 0.2057 473 168 481 183
person 0.1438 376 166 388 181
person 0.1058 162 263 206 332
person 0.0896 361 171 395 190
person 0.0733 461 176 472 184
person 0.0717 493 170 498 179
person 0.0597 380 170 398 191
person 0.0374 367 175 395 208
person 0.0349 176 183 267 347
person 0.0338 132 253 219 350
person 0.0325 346 185 410 297
person 0.0280 62 181 293 360
person 0.0245 410 183 445 293
person 0.0194 390 173 408 190
person 0.0187 27 160 37 181
person 0.0160 180 276 211 335
person 0.0144 145 272 193 349
person 0.0141 382 161 395 170
person 0.0123 165 179 186 198
person 0.0121 425 174 434 186
person 0.0107 369 165 392 185
person 0.0103 467 164 486 186
person 0.0101 158 170 325 350
person 0.0099 130 172 236 343
person 0.0099 295 166 304 180
person 0.0097 357 173 381 188
person 0.0091 166 220 239 332
person 0.0088 228 163 357 341
person 0.0086 398 172 412 187
person 0.0079 493 175 499 182
person 0.0071 374 177 399 222
person 0.0067 359 180 381 221
person 0.0059 286 166 302 177
person 0.0052 348 168 405 196
person 0.0050 474 168 497 182
person 0.0050 388 167 411 180
person 0.0048 122 169 371 288
person 0.0047 368 195 391 227
person 0.0041 322 164 342 182
person 0.0039 360 177 398 264
person 0.0038 370 164 413 191
person 0.0035 361 166 424 273
person 0.0034 480 175 493 183
person 0.0034 397 167 433 216
person 0.0033 457 162 493 186
person 0.0033 102 147 221 242
person 0.0031 40 162 452 310
person 0.0031 364 195 379 228
person 0.0030 354 174 370 188
person 0.0028 401 165 432 179
person 0.0027 320 150 476 307
person 0.0027 390 177 408 201
person 0.0023 456 168 477 182
person 0.0021 18 158 411 227
person 0.0021 385 193 410 269
person 0.0019 413 233 429 288
person 0.0018 312 162 334 181
person 0.0017 377 162 387 171
person 0.0016 96 154 193 287
person 0.0016 323 174 340 186
person 0.0015 390 163 404 170
person 0.0014 415 220 434 279
person 0.0014 323 161 357 184
person 0.0013 413 169 444 192
person 0.0013 326 157 472 220
person 0.0012 392 166 436 192
person 0.0011 394 169 419 193
person 0.0011 495 154 499 175
person 0.0010 121 151 190 234
person 0.0010 416 166 441 182
person 0.0010 369 208 386 252
person 0.0010 398 239 420 297
person 0.0010 450 176 463 182
car 0.7192 357 173 381 188
car 0.6436 426 169 450 182
car 0.2893 323 161 357 184
car 0.2563 23 202 66 235
car 0.2341 388 167 411 180
car 0.0868 461 176 472 184
car 0.0674 273 166 296 176
car 0.0614 390 173 408 190
car 0.0593 380 164 396 182
car 0.0489 354 174 370 188
car 0.0477 493 170 498 179
car 0.0429 361 171 395 190
car 0.0365 394 166 419 183
car 0.0352 340 174 357 186
car 0.0308 398 172 412 187
car 0.0307 401 165 432 179
car 0.0256 356 169 384 183
car 0.0222 322 164 342 182
car 0.0214 376 166 388 181
car 0.0199 434 168 456 181
car 0.0193 493 175 499 182
car 0.0163 392 166 436 192
car 0.0143 325 173 357 186
car 0.0127 286 166 302 177
car 0.0121 380 170 398 191
car 0.0104 425 174 434 186
car 0.0081 456 168 477 182
car 0.0079 473 168 481 183
car 0.0070 394 164 461 183
car 0.0067 390 163 404 170
car 0.0065 416 166 441 182
car 0.0061 370 164 413 191
car 0.0060 325 159 355 173
car 0.0057 382 161 395 170
car 0.0055 295 166 304 180
car 0.0053 338 165 357 183
car 0.0053 369 165 392 185
car 0.0052 0 194 66 244
car 0.0052 275 161 295 172
car 0.0049 296 159 326 169
car 0.0047 323 174 340 186
car 0.0042 400 176 434 207
car 0.0039 294 161 329 182
car 0.0036 474 168 497 182
car 0.0034 278 164 304 179
car 0.0034 348 168 405 196
car 0.0031 413 169 444 192
car 0.0030 310 159 332 168
car 0.0026 432 162 443 168
car 0.0026 326 157 472 220
car 0.0024 480 175 493 183
car 0.0023 288 160 354 184
car 0.0022 449 164 483 184
car 0.0021 448 168 466 182
car 0.0018 450 176 463 182
car 0.0018 419 170 467 189
car 0.0018 354 169 367 183
car 0.0015 293 163 310 182
car 0.0014 381 163 477 190
car 0.0013 0 187 24 248
car 0.0013 312 162 334 181
car 0.0013 315 156 361 190
car 0.0012 398 163 418 169
car 0.0011 11 201 58 222
car 0.0011 398 162 433 285
motorbike 0.0037 461 176 472 184
motorbike 0.0035 380 170 398 191
motorbike 0.0024 390 173 408 190
motorbike 0.0023 493 170 498 179
motorbike 0.0016 357 173 381 188
motorbike 0.0016 380 164 396 182
motorbike 0.0016 361 171 395 190
motorbike 0.0013 493 175 499 182
motorbike 0.0012 474 172 481 185
bus 0.0106 323 161 357 184
bus 0.0024 493 170 498 179
bus 0.0015 457 156 492 171
bus 0.0010 473 168 481 183
bus 0.0010 449 151 498 180
bus 0.0010 426 169 450 182
bus 0.0010 495 154 499 175
horse 0.9957 46 174 268 356
horse 0.9277 340 181 400 290
horse 0.0225 355 173 396 225
horse 0.0180 125 184 200 328
horse 0.0153 132 253 219 350
horse 0.0130 371 182 414 299
horse 0.0116 281 165 337 320
horse 0.0088 390 163 436 301
horse 0.0062 374 177 399 223
horse 0.0053 149 173 252 340
horse 0.0038 360 187 397 274
horse 0.0032 144 272 194 349
horse 0.0031 166 177 186 194
horse 0.0022 338 194 368 287
horse 0.0020 122 169 371 288
horse 0.0016 355 164 430 278
horse 0.0015 217 191 271 345
horse 0.0015 166 220 239 332
horse 0.0014 224 211 266 259
horse 0.0013 368 195 391 227
horse 0.0011 390 177 408 201
horse 0.0010 18 158 411 227
horse 0.0010 62 239 215 353
cow 0.0027 461 176 472 184
