person 0.9546 216 250 313 370
person 0.6172 109 56 473 261
person 0.0513 314 255 334 281
person 0.0365 101 72 341 233
person 0.0306 0 205 19 306
person 0.0224 125 158 502 284
person 0.0211 280 234 340 280
person 0.0208 287 253 337 281
person 0.0183 466 175 485 208
person 0.0155 0 231 12 308
person 0.0135 0 219 14 280
person 0.0123 0 209 46 311
person 0.0121 491 178 500 207
person 0.0109 471 176 497 209
person 0.0101 0 204 9 257
person 0.0089 278 255 294 278
person 0.0086 494 182 500 219
person 0.0078 0 192 6 231
person 0.0074 119 55 382 172
person 0.0065 469 175 481 192
person 0.0065 0 247 28 308
person 0.0064 0 0 23 53
person 0.0063 490 176 500 192
person 0.0058 0 182 22 257
person 0.0049 425 204 436 216
person 0.0047 301 230 346 270
person 0.0046 263 231 296 275
person 0.0044 218 203 333 349
person 0.0039 274 228 347 254
person 0.0037 358 156 377 192
person 0.0036 477 190 491 209
person 0.0036 494 174 500 249
person 0.0035 0 254 19 323
person 0.0034 367 135 409 168
person 0.0034 0 212 30 251
person 0.0030 257 103 484 265
person 0.0030 465 166 500 217
person 0.0029 93 146 312 244
person 0.0029 0 235 13 265
person 0.0028 2 210 40 266
person 0.0028 209 100 383 285
person 0.0025 357 135 397 185
person 0.0024 244 217 312 259
person 0.0024 -1 168 30 307
person 0.0024 315 239 341 281
person 0.0022 471 193 484 209
person 0.0022 0 275 13 317
person 0.0022 115 208 357 269
person 0.0021 315 234 345 261
person 0.0021 166 204 417 319
person 0.0020 204 77 426 200
person 0.0020 0 169 7 237
person 0.0019 0 0 21 126
person 0.0019 478 175 494 194
person 0.0017 283 247 296 276
person 0.0016 1 260 44 316
person 0.0015 419 188 431 213
person 0.0015 479 167 499 260
person 0.0015 313 176 496 269
person 0.0015 273 221 310 279
person 0.0014 233 192 493 337
person 0.0014 338 146 378 202
person 0.0014 82 107 518 330
person 0.0014 268 217 300 266
person 0.0013 281 130 389 221
person 0.0012 263 248 286 272
person 0.0011 209 100 307 146
person 0.0011 0 10 21 302
person 0.0010 156 226 495 371
car 0.0015 0 249 46 307
bus 0.0015 89 53 429 251
train 0.0017 89 53 429 251
bottle 0.0358 26 302 38 319
bottle 0.0195 39 305 48 323
bottle 0.0033 327 234 340 246
bottle 0.0015 25 276 44 320
bottle 0.0012 110 71 481 276
chair 0.0490 0 241 45 310
chair 0.0396 0 240 18 306
chair 0.0126 0 263 11 309
chair 0.0124 94 358 146 375
chair 0.0101 408 189 425 211
chair 0.0059 0 221 28 316
chair 0.0051 2 214 40 262
chair 0.0044 401 193 417 209
chair 0.0042 -1 196 20 277
chair 0.0041 419 188 431 213
chair 0.0037 0 219 14 280
chair 0.0026 391 240 424 264
chair 0.0025 0 221 30 256
chair 0.0021 0 268 46 324
chair 0.0021 0 235 13 265
chair 0.0019 0 151 49 312
chair 0.0015 425 204 436 216
chair 0.0015 0 206 8 254
chair 0.0013 403 187 414 199
chair 0.0012 416 243 443 262
chair 0.0012 0 270 25 304
chair 0.0010 17 314 68 375
chair 0.0010 16 311 151 377
sofa 0.0015 0 241 45 310
sofa 0.0013 109 186 331 276
pottedplant 0.0010 0 198 7 242
diningtable 0.0059 0 226 45 312
diningtable 0.0046 379 258 501 325
diningtable 0.0014 0 249 11 307
tvmonitor 0.0052 470 176 497 209
tvmonitor 0.0035 465 166 500 217
tvmonitor 0.0019 465 175 485 209
tvmonitor 0.0013 0 223 41 254
tvmonitor 0.0012 408 189 425 211
