person 0.0077 490 311 500 344
person 0.0051 432 288 500 375
person 0.0051 477 294 499 375
person 0.0051 489 312 501 362
person 0.0046 447 317 500 359
person 0.0030 495 310 500 329
person 0.0027 467 327 500 377
person 0.0025 493 276 500 341
person 0.0024 463 304 504 371
person 0.0021 381 319 416 376
person 0.0017 373 307 402 368
person 0.0015 476 241 499 353
person 0.0012 464 313 501 338
person 0.0012 495 287 500 331
person 0.0011 494 219 500 319
person 0.0010 491 337 500 376
bottle 0.0110 492 313 500 340
bottle 0.0050 495 310 500 329
bottle 0.0025 490 319 500 356
bottle 0.0013 493 354 499 375
bottle 0.0013 446 309 467 333
bottle 0.0011 477 294 499 375
bottle 0.0011 250 261 262 278
bottle 0.0011 491 341 500 373
chair 0.9926 208 288 309 377
chair 0.5377 445 288 500 313
chair 0.2194 432 288 500 375
chair 0.0730 380 320 415 374
chair 0.0506 449 300 499 337
chair 0.0471 429 320 486 374
chair 0.0376 425 320 448 375
chair 0.0238 309 298 362 372
chair 0.0207 440 329 492 361
chair 0.0176 460 315 492 335
chair 0.0155 403 317 450 377
chair 0.0149 371 308 405 369
chair 0.0099 307 297 334 377
chair 0.0089 428 314 447 328
chair 0.0083 446 309 466 333
chair 0.0081 445 329 485 350
chair 0.0076 467 327 500 377
chair 0.0076 412 339 443 373
chair 0.0075 328 323 357 373
chair 0.0069 282 294 386 373
chair 0.0061 356 305 445 374
chair 0.0057 477 294 499 375
chair 0.0047 495 310 500 329
chair 0.0047 398 296 477 376
chair 0.0047 395 331 420 376
chair 0.0044 492 313 500 340
chair 0.0042 439 251 502 341
chair 0.0039 495 287 500 331
chair 0.0039 489 312 501 362
chair 0.0034 493 276 500 341
chair 0.0029 451 363 466 375
chair 0.0026 463 304 504 371
chair 0.0025 457 352 499 376
chair 0.0025 426 310 470 341
chair 0.0022 491 341 500 373
chair 0.0021 249 256 389 376
chair 0.0019 460 337 487 351
chair 0.0018 326 305 352 315
chair 0.0018 371 307 393 351
chair 0.0018 308 323 329 372
chair 0.0017 292 261 345 371
chair 0.0016 493 354 499 375
chair 0.0016 117 253 385 374
chair 0.0015 0 355 29 375
chair 0.0014 319 302 348 316
chair 0.0013 245 286 258 298
chair 0.0012 434 324 455 369
chair 0.0012 174 297 203 322
chair 0.0012 428 317 465 333
chair 0.0011 406 340 428 371
chair 0.0011 318 251 329 267
chair 0.0010 494 224 500 333
chair 0.0010 173 333 207 377
chair 0.0010 206 267 354 363
chair 0.0010 312 258 326 284
chair 0.0010 442 334 474 356
chair 0.0010 417 333 439 363
chair 0.0010 450 308 483 331
chair 0.0010 476 241 499 353
chair 0.0010 467 308 500 330
sofa 0.0279 432 288 500 375
sofa 0.0115 445 289 501 324
sofa 0.0033 449 300 499 337
sofa 0.0029 477 294 499 375
sofa 0.0018 467 327 500 377
sofa 0.0014 447 317 500 359
sofa 0.0010 459 314 493 336
diningtable 0.2205 432 292 499 377
diningtable 0.0481 459 314 493 336
diningtable 0.0411 436 307 501 346
diningtable 0.0410 444 327 487 350
diningtable 0.0338 447 317 500 359
diningtable 0.0173 467 327 500 377
diningtable 0.0133 436 330 497 376
diningtable 0.0128 452 348 500 380
diningtable 0.0082 477 294 499 375
diningtable 0.0079 446 312 467 336
diningtable 0.0058 258 279 326 301
diningtable 0.0057 219 289 331 374
diningtable 0.0053 463 304 504 371
diningtable 0.0036 443 289 500 331
diningtable 0.0027 490 311 500 344
diningtable 0.0026 489 312 501 362
diningtable 0.0021 460 337 487 351
diningtable 0.0020 426 310 470 341
diningtable 0.0017 424 307 471 369
diningtable 0.0017 442 355 491 376
diningtable 0.0015 495 310 500 329
diningtable 0.0013 491 337 500 376
diningtable 0.0012 432 319 499 414
diningtable 0.0010 446 332 470 345
diningtable 0.0010 461 347 494 370
tvmonitor 0.8675 270 232 319 270
tvmonitor 0.0128 486 102 500 298
tvmonitor 0.0061 492 114 499 291
tvmonitor 0.0031 253 245 268 259
tvmonitor 0.0029 331 279 374 303
tvmonitor 0.0023 318 251 329 267
tvmonitor 0.0020 495 207 500 315
tvmonitor 0.0018 329 320 356 374
tvmonitor 0.0014 496 232 499 289
tvmonitor 0.0011 318 247 329 259
