person 0.9698 4 -9 343 373
person 0.8327 254 30 497 353
person 0.0044 285 26 391 327
person 0.0027 0 -14 170 373
person 0.0022 368 33 498 268
person 0.0012 0 1 14 358
person 0.0010 43 28 239 325
person 0.0010 100 175 341 334
chair 0.3237 299 181 367 350
chair 0.2934 317 178 360 242
chair 0.1719 300 253 372 372
chair 0.0488 347 303 410 373
chair 0.0259 305 267 376 329
chair 0.0252 262 41 489 382
chair 0.0201 386 221 499 374
chair 0.0165 283 182 435 363
chair 0.0143 316 195 363 304
chair 0.0115 115 5 353 322
chair 0.0107 289 64 376 246
chair 0.0091 322 173 359 215
chair 0.0090 258 209 289 252
chair 0.0074 296 193 351 307
chair 0.0072 302 160 369 244
chair 0.0068 315 160 498 374
chair 0.0065 238 128 420 327
chair 0.0065 307 286 405 373
chair 0.0059 294 79 328 128
chair 0.0043 298 26 365 201
chair 0.0038 221 29 445 283
chair 0.0036 185 319 329 373
chair 0.0034 248 172 349 297
chair 0.0032 256 185 332 250
chair 0.0030 307 161 393 312
chair 0.0027 0 44 338 381
chair 0.0026 312 320 358 374
chair 0.0025 324 170 357 199
chair 0.0024 208 187 380 344
chair 0.0023 319 262 382 299
chair 0.0020 132 179 302 339
chair 0.0020 326 207 354 237
chair 0.0020 374 54 499 328
chair 0.0017 110 198 140 272
chair 0.0017 344 294 483 375
chair 0.0014 314 249 470 374
chair 0.0014 326 169 371 260
chair 0.0014 295 76 335 157
chair 0.0012 333 316 383 374
chair 0.0012 233 202 292 270
chair 0.0011 305 278 359 354
chair 0.0011 344 266 396 368
sofa 0.0048 184 321 329 371
sofa 0.0041 0 44 338 381
sofa 0.0012 -4 237 340 372
sofa 0.0010 388 221 500 374
diningtable 0.5555 386 221 499 374
diningtable 0.0038 334 165 495 385
diningtable 0.0019 394 86 499 386
diningtable 0.0012 282 32 497 340
tvmonitor 0.0010 298 26 365 201
