person 0.7022 38 56 268 366
person 0.0085 76 142 244 345
person 0.0063 132 152 247 286
person 0.0054 9 6 308 261
person 0.0053 79 51 240 210
person 0.0021 1 171 319 378
person 0.0016 102 89 257 273
person 0.0015 118 112 307 328
person 0.0011 94 -10 327 389
bottle 0.0069 132 152 247 286
bottle 0.0035 138 179 225 267
bottle 0.0034 53 73 256 353
bottle 0.0015 167 246 218 291
chair 0.0663 36 37 272 347
chair 0.0022 0 232 79 375
chair 0.0014 0 279 40 375
chair 0.0012 -1 5 86 370
chair 0.0010 -7 219 167 377
sofa 0.1324 36 37 272 347
sofa 0.0011 -1 9 87 368
tvmonitor 0.0015 166 248 218 291
