person 0.9624 94 151 174 363
person 0.9490 183 114 251 319
person 0.6360 276 120 358 364
person 0.2705 131 134 184 325
person 0.0634 258 124 293 316
person 0.0472 138 148 182 260
person 0.0401 265 181 284 314
person 0.0324 485 128 500 397
person 0.0282 299 256 360 362
person 0.0281 267 178 296 318
person 0.0160 84 122 119 321
person 0.0121 317 255 363 296
person 0.0108 121 135 178 232
person 0.0103 107 129 219 334
person 0.0072 301 172 362 348
person 0.0059 122 134 162 196
person 0.0052 96 162 157 287
person 0.0040 487 121 500 252
person 0.0039 314 264 346 361
person 0.0036 156 176 179 317
person 0.0035 124 135 155 169
person 0.0028 155 175 183 221
person 0.0027 488 144 500 178
person 0.0026 312 260 369 330
person 0.0025 84 224 119 308
person 0.0023 74 161 135 362
person 0.0022 148 185 169 325
person 0.0021 82 245 123 357
person 0.0021 105 97 386 366
person 0.0019 304 264 342 325
person 0.0017 491 133 500 303
person 0.0016 0 76 19 409
person 0.0016 166 129 333 336
person 0.0016 310 273 366 396
person 0.0015 269 167 281 269
person 0.0011 55 85 137 316
cat 0.0034 191 342 295 398
cat 0.0022 292 377 335 401
dog 0.9822 197 344 287 399
dog 0.0213 294 376 334 402
dog 0.0071 85 275 117 315
dog 0.0062 189 344 245 397
dog 0.0043 197 344 236 381
dog 0.0032 89 288 115 305
dog 0.0020 213 385 240 397
dog 0.0018 340 381 380 405
dog 0.0016 98 283 117 309
dog 0.0012 83 248 122 353
cow 0.0030 191 342 295 398
bottle 0.0069 127 389 169 410
bottle 0.0029 100 287 116 305
bottle 0.0020 83 249 92 279
pottedplant 0.0013 313 -9 497 399
diningtable 0.0021 80 303 119 401
diningtable 0.0016 3 301 119 408
