person 0.9394 225 36 306 255
person 0.0722 474 151 496 173
person 0.0179 93 151 108 172
person 0.0144 0 182 6 240
person 0.0133 51 220 71 237
person 0.0108 0 172 6 213
person 0.0089 488 151 500 173
person 0.0084 54 213 72 234
person 0.0063 0 180 23 242
person 0.0050 452 107 501 221
person 0.0044 1 167 58 237
person 0.0042 467 153 490 174
person 0.0042 0 143 21 218
person 0.0039 87 152 99 171
person 0.0030 94 195 128 240
person 0.0028 0 175 28 210
person 0.0026 10 143 37 183
person 0.0020 0 160 50 209
person 0.0018 469 148 500 198
person 0.0018 0 210 6 250
person 0.0017 47 191 79 235
person 0.0015 105 196 131 227
person 0.0015 0 198 8 262
person 0.0015 106 195 131 212
person 0.0014 26 161 60 208
person 0.0013 0 147 8 200
person 0.0013 6 177 42 209
person 0.0013 35 205 72 237
person 0.0011 41 211 65 234
person 0.0011 23 182 81 240
person 0.0011 0 135 13 174
car 0.0162 447 95 500 253
car 0.0041 75 140 170 212
car 0.0030 41 192 133 237
car 0.0025 224 44 307 261
car 0.0021 53 210 73 234
car 0.0020 95 204 128 240
car 0.0019 391 98 500 241
car 0.0014 464 138 500 247
car 0.0014 51 220 71 238
car 0.0012 78 175 135 218
bus 0.0330 228 48 317 257
bus 0.0061 446 93 500 237
bus 0.0035 178 106 483 226
bus 0.0014 38 89 385 248
train 0.0018 224 44 307 261
horse 0.9866 10 107 433 380
horse 0.3733 1 167 58 237
horse 0.0082 -1 172 97 246
horse 0.0078 0 167 22 234
horse 0.0062 28 170 58 212
horse 0.0035 0 204 61 263
horse 0.0035 0 178 6 227
horse 0.0032 0 104 56 234
horse 0.0029 0 174 28 210
horse 0.0024 0 193 112 291
horse 0.0022 6 177 42 209
horse 0.0021 38 191 93 239
horse 0.0019 367 190 416 237
horse 0.0018 0 174 60 298
horse 0.0018 390 161 444 240
horse 0.0017 9 185 37 216
horse 0.0016 393 179 421 223
horse 0.0014 18 158 65 211
horse 0.0013 0 160 50 210
horse 0.0012 343 122 445 233
horse 0.0011 360 160 429 240
horse 0.0011 195 70 355 279
horse 0.0010 28 169 73 237
cow 0.0025 1 167 58 237
chair 0.0021 76 140 169 213
chair 0.0016 92 298 201 360
chair 0.0013 93 289 124 332
pottedplant 0.0140 3 126 50 191
pottedplant 0.0084 9 143 38 183
pottedplant 0.0048 0 104 56 234
pottedplant 0.0034 0 121 21 201
pottedplant 0.0020 0 139 10 207
pottedplant 0.0016 0 135 13 174
pottedplant 0.0010 1 160 58 210
tvmonitor 0.0011 81 138 157 211
