person 0.8917 298 314 311 352
person 0.2593 430 284 439 297
person 0.1519 420 284 430 296
person 0.0993 416 283 426 295
person 0.0835 289 285 297 298
person 0.0824 442 284 450 296
person 0.0813 460 284 473 295
person 0.0530 58 253 69 265
person 0.0447 398 284 405 296
person 0.0412 452 285 462 295
person 0.0357 47 252 59 264
person 0.0348 467 284 485 294
person 0.0254 12 226 21 250
person 0.0246 402 284 408 296
person 0.0240 297 285 305 296
person 0.0185 431 288 439 299
person 0.0178 479 282 486 295
person 0.0164 311 284 317 293
person 0.0154 335 291 366 305
person 0.0135 421 289 431 299
person 0.0122 384 284 394 295
person 0.0106 88 22 99 38
person 0.0101 281 289 290 302
person 0.0100 145 257 153 267
person 0.0096 268 293 382 327
person 0.0092 338 281 345 292
person 0.0082 429 281 442 298
person 0.0076 152 255 161 267
person 0.0076 415 288 425 302
person 0.0075 228 188 237 198
person 0.0074 483 200 500 377
person 0.0068 445 290 452 298
person 0.0067 340 291 382 306
person 0.0067 277 264 284 274
person 0.0063 417 281 433 298
person 0.0060 350 287 367 294
person 0.0058 68 228 75 235
person 0.0052 329 293 355 305
person 0.0051 296 291 308 302
person 0.0047 0 234 6 247
person 0.0047 196 246 202 256
person 0.0046 0 8 8 27
person 0.0045 289 264 297 273
person 0.0045 307 293 336 306
person 0.0037 54 251 72 267
person 0.0036 461 287 472 303
person 0.0033 339 272 347 291
person 0.0031 456 281 478 296
person 0.0031 49 168 59 181
person 0.0030 241 290 250 305
person 0.0030 280 284 288 298
person 0.0030 299 311 318 348
person 0.0029 164 294 172 306
person 0.0029 64 253 76 266
person 0.0028 360 288 377 294
person 0.0028 -3 261 498 344
person 0.0028 397 291 405 298
person 0.0027 346 286 360 294
person 0.0027 374 288 385 294
person 0.0027 16 226 26 251
person 0.0026 477 250 494 327
person 0.0025 297 293 327 304
person 0.0024 382 293 395 301
person 0.0023 0 10 10 46
person 0.0023 285 281 301 301
person 0.0023 24 40 37 57
person 0.0022 90 23 106 38
person 0.0021 205 290 212 301
person 0.0021 -3 202 496 325
person 0.0019 137 258 145 266
person 0.0019 127 263 134 269
person 0.0018 437 280 455 297
person 0.0017 394 279 406 298
person 0.0017 318 293 344 306
person 0.0016 153 243 163 258
person 0.0016 190 249 202 266
person 0.0016 79 177 87 189
person 0.0016 135 262 142 269
person 0.0015 -10 5 498 356
person 0.0014 40 167 50 181
person 0.0014 104 26 115 37
person 0.0013 494 204 500 239
person 0.0012 374 272 493 314
person 0.0012 104 29 117 40
person 0.0012 466 286 487 304
person 0.0011 184 250 195 265
person 0.0011 0 0 9 23
person 0.0011 425 279 449 298
person 0.0010 17 210 29 225
person 0.0010 450 290 463 298
car 0.9652 270 293 389 326
car 0.1660 344 293 396 318
car 0.1258 364 296 396 317
car 0.0891 467 284 485 294
car 0.0824 460 284 473 295
car 0.0650 340 291 382 306
car 0.0561 376 299 396 315
car 0.0181 359 291 397 308
car 0.0167 479 282 486 295
car 0.0165 335 291 366 305
car 0.0153 452 285 462 295
car 0.0096 456 281 478 296
car 0.0084 477 250 494 327
car 0.0081 483 200 500 377
car 0.0066 248 293 279 307
car 0.0064 382 293 395 301
car 0.0051 204 290 227 304
car 0.0049 384 284 394 295
car 0.0048 86 301 94 312
car 0.0043 3 300 22 314
car 0.0038 307 292 375 308
car 0.0038 329 293 355 305
car 0.0035 51 306 74 315
car 0.0034 466 286 487 304
car 0.0031 350 287 367 294
car 0.0028 465 277 488 315
car 0.0025 398 284 405 296
car 0.0025 249 298 278 310
car 0.0025 442 284 450 296
car 0.0018 0 301 9 314
car 0.0016 103 300 117 311
car 0.0016 164 294 172 306
car 0.0015 461 287 472 303
car 0.0014 241 290 250 305
car 0.0014 374 288 385 294
car 0.0014 480 279 491 313
car 0.0013 360 288 377 294
car 0.0013 450 290 463 298
car 0.0013 469 238 503 358
car 0.0013 51 309 59 319
car 0.0012 397 291 405 298
car 0.0012 62 304 78 315
car 0.0011 297 293 327 304
car 0.0011 307 293 336 306
car 0.0010 3 296 22 304
aeroplane 0.0059 -10 5 498 356
aeroplane 0.0015 1 -7 183 296
aeroplane 0.0010 4 168 486 295
bus 0.1618 483 200 500 377
bus 0.0015 446 210 499 370
bus 0.0013 445 241 497 311
bus 0.0011 270 294 394 332
train 0.0100 483 200 500 377
train 0.0016 0 11 180 299
boat 0.0942 1 -7 183 296
boat 0.0126 -1 -23 488 327
boat 0.0042 -1 200 113 324
boat 0.0037 483 200 500 377
boat 0.0021 -1 127 187 322
boat 0.0018 4 168 486 295
boat 0.0016 270 292 389 328
boat 0.0016 -3 197 94 275
boat 0.0015 68 178 354 280
boat 0.0012 2 204 266 322
boat 0.0011 0 11 126 119
boat 0.0010 0 215 66 335
bird 0.0017 105 135 111 146
bird 0.0016 105 132 111 142
bird 0.0014 104 26 115 37
bird 0.0013 88 22 99 38
bird 0.0011 133 339 140 346
bottle 0.0012 298 314 311 353
