person 0.9440 1 -6 383 504
person 0.0083 4 48 119 145
person 0.0049 77 39 140 149
person 0.0041 224 6 372 509
person 0.0028 370 100 375 160
person 0.0024 10 243 225 499
person 0.0022 55 51 113 152
person 0.0017 0 58 65 146
person 0.0014 -4 0 157 141
bottle 0.0108 94 43 136 156
bottle 0.0081 110 44 136 103
chair 0.1865 4 130 376 503
chair 0.1223 10 243 225 499
chair 0.0051 0 143 122 268
chair 0.0019 2 315 147 499
chair 0.0017 370 100 375 160
chair 0.0015 1 141 141 495
sofa 0.5595 5 131 375 502
sofa 0.0267 3 251 225 498
sofa 0.0218 0 143 124 269
sofa 0.0044 217 155 371 503
sofa 0.0035 9 128 362 300
sofa 0.0026 1 143 141 493
