cat 0.0027 30 115 93 207
dog 0.9760 30 114 94 207
sheep 0.9927 301 66 378 255
sheep 0.9873 415 60 497 257
sheep 0.9826 370 104 427 239
sheep 0.0127 419 46 483 108
sheep 0.0069 492 122 500 215
sheep 0.0062 344 66 460 259
sheep 0.0057 394 105 437 231
sheep 0.0056 425 61 485 157
sheep 0.0054 305 67 361 101
sheep 0.0054 453 112 483 143
sheep 0.0053 417 21 492 136
sheep 0.0045 487 131 500 256
sheep 0.0035 493 143 500 194
sheep 0.0025 29 115 93 209
sheep 0.0022 484 74 499 237
sheep 0.0021 374 103 416 135
sheep 0.0019 441 81 497 189
sheep 0.0017 451 57 498 139
sheep 0.0014 408 130 423 150
sheep 0.0013 412 2 499 69
sheep 0.0013 313 4 494 252
sheep 0.0013 332 71 377 116
sheep 0.0012 371 114 388 126
sheep 0.0012 259 6 415 270
sheep 0.0011 370 95 423 171
cow 0.0018 31 114 93 206
cow 0.0011 374 110 424 242
cow 0.0011 301 70 377 261
chair 0.0038 412 2 499 69
