person 0.8711 139 53 342 369
person 0.2633 312 98 336 229
person 0.0913 383 93 407 183
person 0.0191 314 95 331 175
person 0.0135 319 130 339 231
person 0.0120 263 112 293 169
person 0.0113 0 111 20 201
person 0.0090 438 108 500 287
person 0.0086 317 97 341 184
person 0.0070 482 90 500 305
person 0.0069 397 102 484 223
person 0.0067 385 81 409 152
person 0.0060 294 93 355 226
person 0.0057 387 109 410 216
person 0.0044 282 103 326 221
person 0.0043 472 89 500 153
person 0.0041 8 107 40 162
person 0.0041 262 127 284 161
person 0.0039 314 123 327 185
person 0.0038 266 134 279 154
person 0.0036 391 78 421 123
person 0.0035 259 134 287 174
person 0.0034 477 97 500 216
person 0.0034 380 93 404 135
person 0.0033 0 111 45 238
person 0.0031 315 97 329 133
person 0.0031 0 147 15 199
person 0.0030 443 119 498 200
person 0.0027 398 70 499 316
person 0.0024 405 42 500 114
person 0.0022 266 112 278 136
person 0.0020 0 93 22 159
person 0.0019 362 81 438 227
person 0.0019 265 113 279 156
person 0.0018 60 108 290 349
person 0.0018 380 92 396 123
person 0.0017 86 228 97 255
person 0.0016 130 171 203 282
person 0.0016 473 73 501 130
person 0.0016 267 84 336 233
person 0.0015 452 88 497 157
person 0.0015 314 138 331 204
person 0.0015 83 231 100 266
person 0.0014 0 161 20 233
person 0.0014 105 15 462 378
person 0.0014 313 88 402 223
person 0.0014 283 116 302 191
person 0.0014 284 120 298 170
person 0.0014 317 96 329 117
person 0.0013 99 228 119 275
person 0.0013 488 116 500 268
person 0.0013 463 107 486 145
person 0.0013 250 104 304 214
person 0.0012 256 111 277 157
person 0.0012 391 76 423 166
person 0.0011 400 40 499 182
person 0.0011 23 106 40 148
person 0.0011 279 136 306 222
person 0.0011 255 132 274 160
person 0.0011 0 108 14 157
person 0.0010 260 149 296 207
bicycle 0.0038 82 154 126 192
bicycle 0.0024 80 157 101 188
bicycle 0.0014 103 155 143 192
bicycle 0.0011 100 247 340 375
car 0.0048 1 166 44 231
car 0.0028 106 169 339 373
car 0.0010 436 111 500 321
motorbike 0.0011 106 169 339 373
boat 0.0012 15 57 50 77
dog 0.0182 188 353 258 375
dog 0.0015 176 330 264 375
dog 0.0014 1 166 44 231
bottle 0.0010 190 352 260 375
chair 0.1050 99 230 174 372
chair 0.0244 291 267 341 325
chair 0.0204 436 108 499 347
chair 0.0197 106 169 339 373
chair 0.0080 93 227 252 373
chair 0.0075 100 229 141 277
chair 0.0062 102 156 195 364
chair 0.0058 242 267 338 366
chair 0.0053 398 97 499 267
chair 0.0031 147 286 335 374
chair 0.0022 113 228 141 255
chair 0.0021 65 320 146 374
chair 0.0020 115 273 163 376
chair 0.0019 91 211 161 304
chair 0.0018 481 111 500 356
chair 0.0017 80 301 172 372
chair 0.0017 0 111 45 238
chair 0.0012 400 111 463 233
chair 0.0012 199 240 361 378
chair 0.0010 112 236 163 320
sofa 0.0051 1 166 44 231
sofa 0.0026 0 108 44 240
sofa 0.0016 436 110 500 323
pottedplant 0.0031 115 151 176 235
pottedplant 0.0015 118 150 179 194
diningtable 0.0153 434 115 501 349
diningtable 0.0010 398 97 499 267
