person 0.1966 13 218 30 257
person 0.1345 0 207 15 278
person 0.1024 0 243 6 281
person 0.0239 17 224 35 260
person 0.0230 9 213 37 264
person 0.0198 0 233 12 277
person 0.0178 82 132 156 187
person 0.0176 185 120 248 180
person 0.0162 28 204 42 242
person 0.0139 17 202 41 251
person 0.0131 0 215 7 275
person 0.0091 193 131 280 181
person 0.0084 0 10 363 326
person 0.0076 71 120 135 172
person 0.0064 13 215 28 238
person 0.0039 62 111 158 215
person 0.0028 71 134 122 185
person 0.0026 342 150 373 185
person 0.0025 338 152 373 210
person 0.0024 329 149 374 266
person 0.0020 1 199 15 235
person 0.0018 16 225 39 282
person 0.0017 28 222 48 251
person 0.0014 358 232 373 273
person 0.0014 32 234 48 252
person 0.0013 44 168 57 187
person 0.0012 -3 205 10 284
person 0.0011 25 208 49 265
person 0.0010 91 97 299 194
bicycle 0.0050 332 168 374 271
bicycle 0.0022 351 183 374 267
bicycle 0.0018 12 226 29 258
bicycle 0.0011 342 207 372 269
car 0.1551 332 168 374 271
car 0.0775 342 207 372 269
car 0.0355 351 183 374 267
car 0.0201 355 217 373 272
car 0.0164 332 204 356 246
car 0.0131 347 219 366 267
car 0.0115 334 216 352 235
car 0.0049 10 28 366 445
car 0.0033 330 201 364 270
car 0.0032 327 164 368 231
car 0.0029 342 150 373 185
car 0.0022 0 207 16 262
car 0.0022 326 172 351 230
car 0.0021 330 172 348 203
car 0.0017 338 152 373 210
car 0.0017 346 202 368 250
car 0.0015 349 237 361 269
car 0.0013 359 251 371 274
car 0.0010 331 166 358 210
motorbike 0.0092 332 168 374 271
motorbike 0.0023 351 183 374 267
motorbike 0.0016 342 207 372 269
bus 0.8855 9 25 364 425
bus 0.0037 25 42 334 202
bus 0.0024 331 165 374 272
train 0.0013 9 25 364 425
