person 0.7051 281 211 317 253
person 0.0217 239 202 278 249
person 0.0085 292 214 325 248
person 0.0070 276 218 322 310
person 0.0033 248 206 304 249
person 0.0031 327 212 354 248
person 0.0031 291 210 316 238
person 0.0031 341 210 378 244
person 0.0029 258 213 335 277
person 0.0028 353 218 387 244
person 0.0026 -10 184 520 317
person 0.0026 339 212 357 247
person 0.0025 212 197 379 336
person 0.0025 320 214 344 248
person 0.0023 208 197 276 248
person 0.0020 317 39 347 59
person 0.0017 272 208 352 252
person 0.0015 283 220 319 277
person 0.0015 93 2 133 54
person 0.0011 243 220 324 262
person 0.0010 354 231 385 246
person 0.0010 163 140 173 151
person 0.0010 304 207 368 248
car 0.7109 31 190 482 348
car 0.0045 212 197 379 336
car 0.0027 278 216 316 261
aeroplane 0.0083 34 189 510 348
aeroplane 0.0016 13 -5 496 326
bus 0.0377 31 189 482 348
