person 0.0067 374 65 380 73
person 0.0047 273 124 309 145
person 0.0037 260 119 306 159
person 0.0014 0 119 5 207
person 0.0010 0 43 7 208
bicycle 0.0011 0 77 7 211
car 0.9983 26 88 443 344
car 0.8407 390 68 430 83
car 0.4375 423 67 452 80
car 0.2349 425 63 468 77
car 0.0947 440 66 472 81
car 0.0573 445 64 470 76
car 0.0536 456 67 475 81
car 0.0157 413 68 441 80
car 0.0096 0 119 5 207
car 0.0088 0 132 3 194
car 0.0049 0 57 7 212
car 0.0045 374 65 380 73
car 0.0042 357 60 368 73
car 0.0040 391 65 427 76
car 0.0039 363 64 376 73
car 0.0038 0 76 13 237
car 0.0027 464 68 482 82
car 0.0024 405 64 429 75
car 0.0023 382 66 393 73
car 0.0022 381 63 486 87
car 0.0022 338 72 363 83
car 0.0021 494 63 500 90
car 0.0016 418 65 439 75
car 0.0016 388 70 432 96
car 0.0014 461 65 489 87
car 0.0013 471 62 499 92
car 0.0010 492 55 500 99
car 0.0010 355 73 365 83
bus 0.0013 425 63 468 77
pottedplant 0.0036 154 9 215 113
pottedplant 0.0011 82 43 139 131
