person 0.9894 259 107 495 331
person 0.4556 0 151 16 317
person 0.3310 0 155 16 236
person 0.0055 0 172 10 340
person 0.0025 0 154 12 207
person 0.0013 0 194 15 241
person 0.0010 0 155 7 185
car 0.0281 123 317 150 329
car 0.0200 112 302 142 325
car 0.0165 37 233 54 242
car 0.0151 139 302 155 313
car 0.0123 125 316 173 329
car 0.0109 116 300 139 315
car 0.0081 135 306 162 320
car 0.0042 123 310 155 323
car 0.0040 131 305 166 326
car 0.0012 141 291 153 302
car 0.0010 114 300 171 330
car 0.0010 73 251 94 262
car 0.0010 142 310 169 324
horse 0.0013 -1 151 16 305
sheep 0.0048 116 300 139 315
sheep 0.0024 139 302 155 313
sheep 0.0022 57 252 66 265
sheep 0.0020 109 302 137 325
sheep 0.0014 64 260 76 273
sheep 0.0011 85 278 98 294
