person 0.9872 353 56 405 180
person 0.0054 361 62 399 112
person 0.0042 42 76 58 98
person 0.0021 78 78 108 97
person 0.0020 365 92 412 175
person 0.0017 350 77 423 231
person 0.0016 77 77 92 96
person 0.0011 425 122 433 129
bicycle 0.0061 78 78 108 97
car 0.0014 411 122 483 153
boat 0.0014 0 47 5 55
boat 0.0014 10 45 36 56
boat 0.0012 232 38 239 44
boat 0.0010 268 37 276 43
bird 0.0034 242 83 248 89
bird 0.0017 252 6 257 13
bird 0.0016 180 86 188 93
bird 0.0011 180 89 188 97
bird 0.0010 188 168 200 194
bird 0.0010 193 74 198 79
dog 0.0012 42 76 58 98
horse 0.9817 340 93 418 237
horse 0.4636 81 78 115 98
horse 0.3964 42 76 58 98
horse 0.0437 101 79 114 96
horse 0.0418 77 77 92 96
horse 0.0348 78 70 98 84
horse 0.0050 351 58 406 188
horse 0.0043 86 73 112 87
horse 0.0035 68 72 116 102
horse 0.0031 43 88 58 99
horse 0.0025 22 72 117 102
horse 0.0024 78 82 107 104
horse 0.0019 78 69 117 91
horse 0.0017 42 76 102 97
horse 0.0012 102 86 112 100
horse 0.0011 35 44 67 101
horse 0.0010 27 68 73 106
cow 0.0121 42 76 58 98
cow 0.0041 78 78 108 97
