person 0.0084 117 0 138 17
person 0.0015 133 0 162 15
person 0.0014 0 -1 12 25
person 0.0012 492 -4 499 29
car 0.0137 117 0 138 16
car 0.0098 86 0 134 18
car 0.0092 7 1 35 19
car 0.0085 41 0 142 20
car 0.0059 126 0 153 16
car 0.0054 130 0 185 15
car 0.0032 -2 0 93 20
car 0.0019 492 0 500 35
bird 0.0048 12 33 19 38
dog 0.0091 495 24 499 54
dog 0.0029 493 2 499 54
dog 0.0013 494 18 500 75
horse 0.0012 495 24 499 54
sheep 0.9945 101 139 414 332
sheep 0.6669 178 65 323 168
sheep 0.1523 495 24 499 54
sheep 0.1184 244 76 321 170
sheep 0.1177 493 2 499 54
sheep 0.0188 492 -4 499 29
sheep 0.0158 494 18 500 75
sheep 0.0038 175 0 185 12
sheep 0.0037 226 1 248 18
sheep 0.0034 117 0 138 17
sheep 0.0025 494 17 500 136
sheep 0.0025 489 183 500 295
sheep 0.0024 179 0 188 13
sheep 0.0023 126 0 153 16
sheep 0.0022 489 234 500 285
sheep 0.0022 181 47 314 121
sheep 0.0021 489 0 500 56
sheep 0.0020 494 34 500 98
sheep 0.0016 150 0 184 14
sheep 0.0015 183 0 252 38
sheep 0.0014 163 67 307 105
sheep 0.0011 176 60 194 99
cow 0.0109 493 2 499 54
cow 0.0078 495 24 499 54
