person 0.9884 159 47 354 383
person 0.0259 54 126 68 138
person 0.0111 37 123 68 141
person 0.0086 0 115 8 153
person 0.0059 0 116 8 130
person 0.0051 25 135 40 148
person 0.0041 89 134 97 149
person 0.0039 31 121 92 145
person 0.0017 0 110 10 138
person 0.0016 0 108 8 125
person 0.0013 58 125 84 139
person 0.0013 0 117 25 152
person 0.0011 21 125 101 167
person 0.0010 15 136 33 150
bicycle 0.0023 57 210 460 375
car 0.9342 0 154 114 239
car 0.6683 8 135 94 169
car 0.0996 158 120 201 156
car 0.0651 21 122 99 158
car 0.0376 374 127 406 145
car 0.0196 126 146 150 155
car 0.0118 158 46 354 362
car 0.0113 374 130 390 143
car 0.0110 125 138 154 154
car 0.0109 389 128 408 142
car 0.0107 150 127 163 143
car 0.0092 0 140 9 167
car 0.0089 0 116 8 130
car 0.0082 89 134 97 149
car 0.0080 89 128 155 155
car 0.0075 9 121 78 147
car 0.0074 122 125 168 155
car 0.0074 373 135 390 146
car 0.0072 57 210 460 375
car 0.0068 0 139 29 168
car 0.0065 0 121 7 164
car 0.0060 25 135 40 148
car 0.0060 147 125 171 147
car 0.0057 12 132 57 153
car 0.0055 152 122 184 148
car 0.0055 364 123 398 146
car 0.0054 124 147 140 154
car 0.0052 0 121 61 162
car 0.0042 88 134 114 155
car 0.0040 391 135 405 147
car 0.0039 19 126 49 143
car 0.0039 46 124 162 157
car 0.0038 0 150 10 173
car 0.0037 350 119 408 150
car 0.0036 0 150 29 174
car 0.0034 0 116 22 165
car 0.0033 158 128 177 158
car 0.0033 321 139 359 170
car 0.0029 161 80 346 209
car 0.0028 60 123 99 146
car 0.0027 107 135 152 154
car 0.0023 319 117 360 163
car 0.0021 4 110 168 164
car 0.0020 143 128 175 155
car 0.0019 14 102 335 184
car 0.0018 0 110 10 138
car 0.0017 0 108 8 125
car 0.0017 357 131 404 151
car 0.0017 15 136 33 150
car 0.0017 4 129 42 159
car 0.0016 84 131 101 154
car 0.0015 153 116 288 156
car 0.0014 24 134 60 149
car 0.0013 17 186 122 233
car 0.0013 0 115 11 153
car 0.0012 78 122 104 149
car 0.0012 372 104 408 144
car 0.0011 321 142 342 165
car 0.0011 91 144 112 159
car 0.0011 73 130 110 156
car 0.0011 85 124 99 147
car 0.0010 0 154 9 189
car 0.0010 0 154 25 241
car 0.0010 132 145 162 156
motorbike 0.8600 74 137 447 375
motorbike 0.6119 150 53 360 376
motorbike 0.1782 281 136 463 373
motorbike 0.0068 63 230 270 374
motorbike 0.0025 64 228 120 312
motorbike 0.0024 0 159 118 239
motorbike 0.0020 68 307 257 375
bus 0.0466 5 123 96 164
bus 0.0140 18 119 87 149
bus 0.0077 24 119 78 135
bus 0.0053 60 123 99 146
bus 0.0052 25 121 143 155
bus 0.0032 48 118 77 134
bus 0.0014 78 122 104 149
bus 0.0011 4 110 168 164
boat 0.0019 57 210 460 375
