person 0.9277 113 -1 204 99
person 0.4204 348 1 391 111
person 0.0087 287 2 390 111
person 0.0068 353 1 384 53
person 0.0054 0 1 21 116
person 0.0053 0 1 7 54
person 0.0051 0 -2 9 98
person 0.0046 0 1 102 114
person 0.0036 12 -16 479 340
person 0.0032 2 1 44 85
person 0.0025 107 0 140 93
person 0.0019 0 0 29 38
person 0.0019 328 -6 377 105
person 0.0018 45 27 76 65
person 0.0015 493 -4 500 119
person 0.0013 -2 -8 55 177
person 0.0013 0 1 12 39
person 0.0013 53 0 223 129
person 0.0012 33 2 92 88
person 0.0011 78 3 421 80
person 0.0011 29 1 473 133
person 0.0011 0 21 8 151
person 0.0010 484 0 500 124
person 0.0010 88 -1 166 96
bicycle 0.0191 0 48 56 190
bicycle 0.0033 33 9 514 370
bicycle 0.0019 422 1 491 12
car 0.0034 442 1 488 12
motorbike 0.9894 21 4 468 370
motorbike 0.4268 0 25 55 191
motorbike 0.0302 0 103 55 201
motorbike 0.0076 -3 20 104 192
motorbike 0.0052 0 0 29 114
motorbike 0.0046 0 -2 9 117
motorbike 0.0043 0 1 102 114
motorbike 0.0038 0 47 23 188
motorbike 0.0035 3 82 174 195
motorbike 0.0019 0 78 47 171
motorbike 0.0018 0 80 11 188
motorbike 0.0015 0 4 7 70
motorbike 0.0013 0 71 56 279
motorbike 0.0012 406 142 501 370
motorbike 0.0010 1 -2 43 79
motorbike 0.0010 0 102 21 206
chair 0.0015 417 353 499 374
