person 0.0569 128 489 134 500
person 0.0233 196 473 204 495
person 0.0225 123 478 130 491
person 0.0182 176 478 183 497
person 0.0149 127 478 140 492
person 0.0145 161 475 168 492
person 0.0128 124 491 132 500
person 0.0120 99 475 107 494
person 0.0107 139 479 148 488
person 0.0093 193 471 210 495
person 0.0086 87 476 102 493
person 0.0058 163 473 182 498
person 0.0045 292 486 300 498
person 0.0042 101 467 113 488
person 0.0038 0 451 12 481
person 0.0037 86 478 93 492
person 0.0037 108 470 115 485
person 0.0026 157 473 167 485
person 0.0025 185 470 220 496
person 0.0023 40 493 75 499
person 0.0017 160 488 171 499
person 0.0017 200 472 218 494
person 0.0017 95 473 111 495
person 0.0015 172 474 189 498
person 0.0014 -26 473 228 500
person 0.0014 188 468 213 489
person 0.0014 163 483 182 501
person 0.0012 125 484 139 502
person 0.0012 84 464 109 489
person 0.0011 67 457 87 474
person 0.0011 92 463 119 491
person 0.0011 194 492 205 497
person 0.0010 337 464 354 488
person 0.0010 290 481 304 495
person 0.0010 64 470 293 500
person 0.0010 78 467 94 480
person 0.0010 151 472 178 497
car 0.0160 40 493 75 499
car 0.0093 16 492 97 500
car 0.0057 139 479 148 488
car 0.0033 14 493 61 499
car 0.0021 127 478 140 492
car 0.0013 123 478 130 491
car 0.0010 1 489 38 500
motorbike 0.0010 128 489 134 500
aeroplane 0.8967 219 327 378 499
aeroplane 0.3220 146 453 310 499
aeroplane 0.3068 3 376 217 496
aeroplane 0.1674 0 431 117 478
aeroplane 0.0664 19 424 182 481
aeroplane 0.0606 213 461 324 490
aeroplane 0.0488 0 323 369 500
aeroplane 0.0360 8 448 150 486
aeroplane 0.0275 1 448 82 495
aeroplane 0.0248 225 452 375 500
aeroplane 0.0235 45 440 127 473
aeroplane 0.0218 95 403 351 498
aeroplane 0.0198 0 395 79 428
aeroplane 0.0188 57 452 117 476
aeroplane 0.0185 0 431 60 468
aeroplane 0.0169 2 404 84 493
aeroplane 0.0154 0 372 131 447
aeroplane 0.0141 144 456 241 494
aeroplane 0.0126 36 430 136 465
aeroplane 0.0120 4 441 207 498
aeroplane 0.0119 61 449 134 485
aeroplane 0.0119 3 490 75 500
aeroplane 0.0109 0 399 55 419
aeroplane 0.0104 26 417 288 493
aeroplane 0.0097 0 451 12 481
aeroplane 0.0091 173 469 338 500
aeroplane 0.0089 0 379 84 421
aeroplane 0.0079 197 450 302 486
aeroplane 0.0076 140 423 294 491
aeroplane 0.0074 6 387 49 410
aeroplane 0.0069 -2 416 62 454
aeroplane 0.0067 10 392 45 403
aeroplane 0.0058 0 478 85 501
aeroplane 0.0055 63 451 109 466
aeroplane 0.0052 73 361 203 472
aeroplane 0.0045 249 411 376 499
aeroplane 0.0041 41 428 132 450
aeroplane 0.0039 246 472 348 498
aeroplane 0.0038 0 434 14 480
aeroplane 0.0036 182 457 279 491
aeroplane 0.0033 193 471 210 495
aeroplane 0.0031 185 470 220 496
aeroplane 0.0031 -4 344 210 451
aeroplane 0.0031 273 474 321 498
aeroplane 0.0026 156 467 227 498
aeroplane 0.0026 64 470 293 500
aeroplane 0.0024 33 450 100 480
aeroplane 0.0024 10 380 46 402
aeroplane 0.0023 1 489 38 500
aeroplane 0.0021 0 432 12 460
aeroplane 0.0020 -26 473 228 500
aeroplane 0.0019 0 433 6 458
aeroplane 0.0018 196 487 323 500
aeroplane 0.0018 -8 413 123 463
aeroplane 0.0017 156 471 189 499
aeroplane 0.0017 63 438 108 453
aeroplane 0.0017 22 493 73 499
aeroplane 0.0016 78 461 115 491
aeroplane 0.0015 0 434 7 479
aeroplane 0.0014 182 448 279 468
aeroplane 0.0014 233 465 284 487
aeroplane 0.0014 282 359 375 471
aeroplane 0.0013 290 481 304 495
aeroplane 0.0013 65 432 143 479
aeroplane 0.0013 117 476 148 496
aeroplane 0.0012 264 485 351 500
aeroplane 0.0012 0 407 96 446
aeroplane 0.0012 188 468 213 489
aeroplane 0.0011 42 385 76 413
aeroplane 0.0011 197 468 223 487
aeroplane 0.0011 172 474 189 498
aeroplane 0.0011 -4 378 64 449
aeroplane 0.0011 65 432 108 447
aeroplane 0.0010 196 473 204 495
aeroplane 0.0010 306 387 329 395
