person 0.3082 461 164 468 176
person 0.2646 475 163 480 178
person 0.2351 482 165 487 182
person 0.1063 472 158 479 173
person 0.0740 481 174 488 183
person 0.0624 457 162 462 177
person 0.0536 461 159 470 173
person 0.0305 489 159 500 171
person 0.0299 481 157 491 171
person 0.0172 488 163 500 177
person 0.0171 456 159 462 172
person 0.0168 493 145 500 163
person 0.0093 480 159 490 185
person 0.0081 487 190 499 208
person 0.0055 487 161 501 204
person 0.0047 77 128 92 144
person 0.0043 443 164 451 178
person 0.0036 469 157 485 183
person 0.0033 425 164 433 182
person 0.0031 457 160 472 180
person 0.0030 446 146 499 202
person 0.0029 486 158 501 184
person 0.0026 444 156 452 171
person 0.0021 455 154 476 176
person 0.0021 474 151 496 178
person 0.0021 430 164 444 179
person 0.0020 481 148 500 210
person 0.0019 458 156 495 185
person 0.0015 452 159 465 180
person 0.0012 422 172 433 190
person 0.0011 493 130 500 160
person 0.0010 406 138 497 229
person 0.0010 185 126 202 141
person 0.0010 445 152 487 177
bicycle 0.0010 481 174 488 183
car 0.0487 489 159 500 171
car 0.0191 488 163 500 177
car 0.0053 481 157 491 171
car 0.0050 487 190 499 208
car 0.0038 486 158 501 184
car 0.0035 481 174 488 183
car 0.0030 482 165 487 182
car 0.0021 486 176 500 209
car 0.0017 493 145 500 163
car 0.0011 464 151 506 178
aeroplane 0.0012 442 138 499 178
aeroplane 0.0011 493 145 500 163
aeroplane 0.0010 489 159 500 171
bus 0.0040 489 159 500 171
bus 0.0024 488 163 500 177
bus 0.0013 493 145 500 163
bus 0.0013 486 158 501 184
train 0.9924 63 40 457 338
train 0.7155 0 103 105 281
train 0.0217 0 84 103 202
train 0.0067 481 148 500 210
train 0.0052 -3 151 89 214
train 0.0044 442 138 499 178
train 0.0043 0 214 24 295
train 0.0033 0 142 24 289
train 0.0028 0 180 88 325
train 0.0024 446 146 499 202
train 0.0016 0 137 66 292
train 0.0015 486 176 500 209
train 0.0011 -9 86 177 304
train 0.0011 489 159 500 171
train 0.0010 487 190 499 208
train 0.0010 0 108 21 207
boat 0.0069 489 159 500 171
boat 0.0037 493 145 500 163
dog 0.0010 487 190 499 208
chair 0.0019 487 190 499 208
