person 0.9603 346 139 395 222
person 0.0025 344 161 379 223
person 0.0022 357 159 385 204
person 0.0015 104 119 110 126
person 0.0013 344 156 378 194
bicycle 0.9626 345 176 398 245
bicycle 0.0270 342 142 395 229
bicycle 0.0099 343 171 376 226
bicycle 0.0018 358 182 382 221
bicycle 0.0015 369 195 390 227
car 0.1334 111 166 129 175
car 0.0208 56 130 70 138
car 0.0188 142 130 155 139
car 0.0168 35 128 51 136
car 0.0165 64 124 82 131
car 0.0145 109 162 129 171
car 0.0134 65 127 78 136
car 0.0132 39 123 50 131
car 0.0109 54 123 69 131
car 0.0108 86 128 98 134
car 0.0106 92 160 130 172
car 0.0098 46 131 58 138
car 0.0096 74 124 90 131
car 0.0084 131 130 148 138
car 0.0076 74 127 89 135
car 0.0075 97 164 128 175
car 0.0059 29 124 40 131
car 0.0057 85 124 100 131
car 0.0054 51 123 59 130
car 0.0052 28 128 41 135
car 0.0050 159 129 175 135
car 0.0041 92 121 108 129
car 0.0038 92 128 106 135
car 0.0028 127 129 135 136
car 0.0019 121 166 132 174
car 0.0019 104 163 134 178
car 0.0018 145 129 171 138
car 0.0018 167 148 174 155
car 0.0015 104 119 110 126
car 0.0013 173 129 181 134
car 0.0011 30 126 56 139
car 0.0010 0 115 7 130
motorbike 0.0013 344 164 398 243
bus 0.0023 111 166 129 175
boat 0.0074 111 166 129 175
boat 0.0023 92 160 130 172
boat 0.0020 167 148 174 155
boat 0.0013 109 162 129 171
horse 0.0012 346 175 397 247
