bottle 0.0311 483 227 501 286
bottle 0.0121 311 39 325 78
bottle 0.0111 253 49 263 80
bottle 0.0102 354 94 371 117
bottle 0.0080 237 49 247 78
bottle 0.0077 175 49 193 83
bottle 0.0055 348 92 374 145
bottle 0.0039 88 54 114 85
bottle 0.0029 0 318 14 377
bottle 0.0029 354 85 367 105
bottle 0.0019 355 98 380 117
bottle 0.0018 486 250 500 285
bottle 0.0012 359 82 366 96
bottle 0.0012 270 44 282 76
bottle 0.0012 0 320 44 376
bottle 0.0010 256 48 265 72
chair 0.9841 305 108 499 368
chair 0.0254 0 228 45 372
chair 0.0055 0 247 22 375
chair 0.0026 0 139 55 375
chair 0.0025 0 140 26 371
chair 0.0024 0 227 10 369
chair 0.0018 0 293 16 373
chair 0.0014 481 223 499 285
chair 0.0012 1 321 45 374
chair 0.0012 484 130 500 298
chair 0.0011 1 207 88 378
sofa 0.0010 299 105 502 377
pottedplant 0.0032 481 223 499 285
pottedplant 0.0014 87 54 115 85
diningtable 0.0029 184 167 311 211
tvmonitor 0.9712 248 80 324 162
tvmonitor 0.9454 168 85 249 167
tvmonitor 0.0063 210 84 355 184
tvmonitor 0.0059 123 66 375 172
tvmonitor 0.0019 190 0 227 80
tvmonitor 0.0010 97 54 465 240
tvmonitor 0.0010 126 80 298 206
