person 0.0640 49 331 71 360
person 0.0564 240 176 278 242
person 0.0258 30 332 58 361
person 0.0200 26 335 41 360
person 0.0187 43 345 60 362
person 0.0168 295 336 307 350
person 0.0162 55 332 67 343
person 0.0097 21 331 45 363
person 0.0094 294 329 306 348
person 0.0094 22 342 83 370
person 0.0086 46 333 59 344
person 0.0080 241 190 266 247
person 0.0077 40 333 50 344
person 0.0076 239 176 285 287
person 0.0075 210 182 224 204
person 0.0061 249 172 277 211
person 0.0059 385 287 395 308
person 0.0059 46 325 75 351
person 0.0059 373 291 382 309
person 0.0058 191 161 320 293
person 0.0053 55 334 89 359
person 0.0051 239 200 341 315
person 0.0050 366 360 372 374
person 0.0049 139 202 156 235
person 0.0046 255 172 268 194
person 0.0044 471 291 483 305
person 0.0042 153 198 164 228
person 0.0039 3 329 50 369
person 0.0038 35 343 53 363
person 0.0038 0 325 101 374
person 0.0032 90 175 418 349
person 0.0030 197 182 218 204
person 0.0028 52 343 70 362
person 0.0028 289 325 303 348
person 0.0025 232 183 259 243
person 0.0025 38 321 82 355
person 0.0024 221 178 305 328
person 0.0023 153 198 161 208
person 0.0021 240 189 255 235
person 0.0020 22 321 65 355
person 0.0019 14 45 400 388
person 0.0019 230 162 296 242
person 0.0019 243 177 268 227
person 0.0018 246 171 267 197
person 0.0012 247 187 297 252
person 0.0011 10 312 75 363
person 0.0011 10 253 492 354
person 0.0011 287 272 300 281
person 0.0011 289 312 312 345
person 0.0011 409 294 425 307
person 0.0010 240 186 253 215
person 0.0010 279 222 293 241
person 0.0010 60 343 85 362
person 0.0010 268 222 299 260
car 0.0071 18 339 88 372
car 0.0039 438 285 452 294
car 0.0034 -2 356 108 374
car 0.0019 397 294 417 305
car 0.0016 430 287 445 295
car 0.0016 491 277 500 319
car 0.0016 475 289 497 309
car 0.0016 48 331 72 361
car 0.0012 436 292 460 306
car 0.0011 443 294 468 307
car 0.0011 385 287 415 308
bus 0.0010 491 277 500 319
train 0.0014 250 267 357 311
boat 0.9171 0 1 407 359
boat 0.1566 0 307 105 373
boat 0.0599 0 238 103 374
boat 0.0505 -2 356 108 374
boat 0.0455 243 268 356 316
boat 0.0387 0 8 109 374
boat 0.0256 18 339 88 372
boat 0.0216 440 246 500 301
boat 0.0166 239 283 350 341
boat 0.0165 491 290 500 321
boat 0.0141 488 292 500 342
boat 0.0135 241 264 499 342
boat 0.0124 239 200 341 315
boat 0.0123 482 250 500 336
boat 0.0110 438 285 452 294
boat 0.0106 438 271 500 308
boat 0.0100 489 266 500 311
boat 0.0093 487 312 500 359
boat 0.0092 436 292 460 306
boat 0.0092 376 256 498 333
boat 0.0090 376 277 486 311
boat 0.0084 443 294 468 307
boat 0.0076 475 271 499 304
boat 0.0074 437 278 496 298
boat 0.0073 396 291 461 309
boat 0.0064 420 291 455 303
boat 0.0063 262 240 371 308
boat 0.0062 242 289 324 326
boat 0.0061 450 298 465 310
boat 0.0060 430 287 445 295
boat 0.0060 333 271 421 308
boat 0.0055 397 294 417 305
boat 0.0048 435 298 463 310
boat 0.0047 385 287 415 308
boat 0.0044 41 332 67 361
boat 0.0043 28 330 60 363
boat 0.0040 10 312 75 363
boat 0.0038 0 99 16 373
boat 0.0037 475 283 499 313
boat 0.0036 280 266 431 310
boat 0.0036 10 253 492 354
boat 0.0035 492 247 500 292
boat 0.0035 409 294 425 307
boat 0.0034 375 295 481 315
boat 0.0034 436 290 474 308
boat 0.0033 3 78 263 367
boat 0.0032 436 282 456 296
boat 0.0031 272 308 316 348
boat 0.0030 472 239 500 311
boat 0.0030 244 228 495 322
boat 0.0027 182 3 459 365
boat 0.0026 439 249 500 348
boat 0.0026 237 293 286 334
boat 0.0025 226 256 339 333
boat 0.0025 3 307 263 367
boat 0.0024 385 287 395 308
boat 0.0024 0 305 24 364
boat 0.0022 350 268 390 308
boat 0.0021 471 291 483 305
boat 0.0021 483 259 500 299
boat 0.0020 451 291 480 306
boat 0.0019 330 241 493 313
boat 0.0019 237 305 323 348
boat 0.0019 385 282 412 298
boat 0.0019 56 189 361 342
boat 0.0019 241 284 307 314
boat 0.0018 356 287 382 310
boat 0.0017 463 287 489 308
boat 0.0017 236 324 248 335
boat 0.0017 22 321 65 355
boat 0.0016 -2 248 267 364
boat 0.0016 243 299 269 311
boat 0.0016 0 101 17 219
boat 0.0015 373 146 489 241
boat 0.0015 2 328 53 369
boat 0.0015 407 278 467 300
boat 0.0014 478 149 499 319
boat 0.0014 0 291 10 344
boat 0.0014 441 192 500 317
boat 0.0013 178 122 403 340
boat 0.0013 384 282 395 298
boat 0.0013 247 314 497 370
boat 0.0013 489 342 500 372
boat 0.0013 363 252 465 306
boat 0.0013 343 289 490 333
boat 0.0012 0 314 9 339
boat 0.0012 474 259 500 364
boat 0.0012 235 328 249 337
boat 0.0012 0 6 58 313
boat 0.0012 369 287 388 311
boat 0.0012 0 340 25 367
boat 0.0012 246 287 280 312
boat 0.0012 0 303 8 333
boat 0.0012 373 291 382 309
boat 0.0011 365 273 413 305
boat 0.0011 382 270 434 306
boat 0.0011 361 285 397 311
boat 0.0011 489 214 499 306
boat 0.0011 377 285 401 309
boat 0.0011 38 321 82 355
bird 0.0127 0 136 15 154
bird 0.0065 -1 141 15 163
bird 0.0035 0 1 370 361
bird 0.0022 252 364 261 373
bird 0.0021 0 122 12 150
bird 0.0016 295 336 307 350
bird 0.0013 0 63 4 88
bird 0.0013 0 143 14 180
bird 0.0011 3 129 20 145
bird 0.0010 209 371 217 375
