person 0.9953 201 40 355 289
person 0.0084 0 237 19 312
person 0.0044 0 222 26 287
person 0.0026 0 233 49 305
person 0.0025 0 288 21 309
person 0.0013 393 252 407 274
aeroplane 0.0017 432 1 454 19
boat 0.3362 0 176 479 331
boat 0.1794 172 36 357 294
boat 0.0193 99 143 330 283
boat 0.0148 181 217 461 331
boat 0.0056 0 225 48 282
boat 0.0045 151 117 446 319
boat 0.0033 0 -15 428 357
boat 0.0028 172 191 424 287
boat 0.0020 0 195 269 317
boat 0.0019 138 87 293 262
boat 0.0012 166 162 268 236
boat 0.0011 -11 282 502 336
boat 0.0011 81 260 445 328
bird 0.0997 430 2 451 18
bird 0.0019 431 -1 446 11
dog 0.0011 0 288 21 309
bottle 0.0288 0 288 22 309
chair 0.0025 164 211 240 254
chair 0.0023 164 180 268 292
chair 0.0017 0 225 48 282
