person 0.0872 396 157 501 371
person 0.0086 276 160 504 369
person 0.0026 394 85 499 301
person 0.0010 190 66 199 91
bird 0.0033 393 98 409 116
bird 0.0012 190 66 199 91
bird 0.0011 309 158 330 183
cat 0.0010 396 157 501 371
dog 0.0019 395 155 501 373
bottle 0.0247 105 124 120 152
bottle 0.0182 68 2 82 32
bottle 0.0164 72 133 85 153
bottle 0.0148 58 135 71 154
bottle 0.0082 16 0 32 16
bottle 0.0067 94 4 108 32
bottle 0.0058 84 133 104 154
bottle 0.0046 61 134 84 153
bottle 0.0042 46 0 61 26
bottle 0.0035 43 131 56 162
bottle 0.0027 112 103 123 149
bottle 0.0024 117 31 124 46
bottle 0.0022 447 139 463 153
bottle 0.0019 97 128 107 141
bottle 0.0019 74 177 89 194
bottle 0.0011 355 167 365 203
bottle 0.0011 106 113 121 143
bottle 0.0010 109 131 123 156
chair 0.9671 361 166 415 224
chair 0.9661 0 163 112 371
chair 0.9438 139 161 260 369
chair 0.8539 261 155 364 270
chair 0.3422 255 131 300 186
chair 0.2813 238 296 439 376
chair 0.2107 73 172 179 261
chair 0.0936 105 156 157 192
chair 0.0931 239 156 501 374
chair 0.0831 72 163 183 357
chair 0.0749 74 190 137 272
chair 0.0507 58 154 105 192
chair 0.0485 395 151 500 370
chair 0.0310 57 153 159 193
chair 0.0259 73 176 90 195
chair 0.0171 265 155 296 192
chair 0.0164 307 155 331 198
chair 0.0162 20 163 156 266
chair 0.0102 261 152 334 207
chair 0.0100 297 183 328 199
chair 0.0089 82 203 137 215
chair 0.0083 276 180 348 224
chair 0.0078 74 242 134 277
chair 0.0070 65 178 147 225
chair 0.0070 258 146 304 244
chair 0.0059 67 220 171 279
chair 0.0058 330 185 355 203
chair 0.0055 341 157 443 236
chair 0.0054 343 167 397 220
chair 0.0052 0 171 19 368
chair 0.0048 273 192 370 232
chair 0.0041 80 190 178 233
chair 0.0040 107 165 223 281
chair 0.0038 52 164 126 233
chair 0.0029 262 201 364 258
chair 0.0025 90 141 319 325
chair 0.0023 292 189 350 215
chair 0.0023 79 174 98 191
chair 0.0021 262 150 288 181
chair 0.0021 141 173 186 258
chair 0.0020 299 174 330 195
chair 0.0018 327 186 359 217
chair 0.0018 372 174 407 213
chair 0.0017 355 168 366 202
chair 0.0017 245 121 325 206
chair 0.0016 272 177 315 247
chair 0.0016 205 132 392 270
chair 0.0016 307 205 335 215
chair 0.0015 296 197 330 207
chair 0.0015 304 180 335 202
chair 0.0015 303 199 338 210
chair 0.0014 -1 163 65 296
chair 0.0013 351 172 371 211
chair 0.0013 245 167 262 259
chair 0.0012 86 203 151 259
chair 0.0012 74 179 86 201
chair 0.0012 23 150 481 377
chair 0.0012 123 180 175 261
chair 0.0011 291 187 319 200
chair 0.0011 0 173 4 367
chair 0.0011 0 220 7 376
chair 0.0011 335 204 362 219
chair 0.0011 358 165 402 205
chair 0.0011 292 197 351 225
chair 0.0010 78 196 141 212
chair 0.0010 57 180 124 329
chair 0.0010 360 176 376 207
chair 0.0010 283 199 305 225
sofa 0.2875 235 295 434 373
sofa 0.2815 239 156 501 374
sofa 0.0985 261 155 364 270
sofa 0.0450 395 152 500 369
sofa 0.0080 254 130 299 183
sofa 0.0020 361 166 416 225
sofa 0.0020 57 153 159 193
sofa 0.0019 106 156 157 192
sofa 0.0014 69 164 180 237
sofa 0.0012 280 188 362 216
pottedplant 0.6534 309 158 330 183
pottedplant 0.0226 299 154 337 202
pottedplant 0.0215 89 97 113 118
pottedplant 0.0079 308 165 332 199
pottedplant 0.0055 268 147 363 218
pottedplant 0.0047 453 78 479 111
pottedplant 0.0041 91 105 109 121
pottedplant 0.0041 87 96 121 149
pottedplant 0.0016 86 87 120 126
diningtable 0.6251 71 167 185 366
diningtable 0.1251 72 171 180 261
diningtable 0.0231 -1 157 108 367
diningtable 0.0114 29 158 175 287
diningtable 0.0081 124 165 252 370
diningtable 0.0079 0 191 198 385
diningtable 0.0073 51 150 165 211
diningtable 0.0059 58 176 157 228
diningtable 0.0044 250 155 360 273
diningtable 0.0031 0 164 137 265
diningtable 0.0031 71 205 143 303
diningtable 0.0026 78 196 141 212
diningtable 0.0023 330 186 355 202
diningtable 0.0018 66 226 153 360
diningtable 0.0016 82 203 137 215
diningtable 0.0016 335 204 362 219
diningtable 0.0015 80 190 178 233
diningtable 0.0015 326 185 371 220
diningtable 0.0014 79 189 122 202
diningtable 0.0012 106 156 157 192
diningtable 0.0010 349 166 414 225
diningtable 0.0010 280 188 362 216
tvmonitor 0.0352 103 156 160 190
tvmonitor 0.0174 56 153 159 193
tvmonitor 0.0114 254 130 299 183
tvmonitor 0.0024 57 154 108 191
