person 0.8973 9 115 498 386
person 0.0056 289 2 500 365
person 0.0035 480 55 499 376
person 0.0029 7 112 281 360
person 0.0029 484 178 500 372
person 0.0021 380 0 500 300
person 0.0020 441 -24 499 383
person 0.0019 235 168 501 370
person 0.0016 383 230 500 368
person 0.0013 74 330 205 375
dog 0.9609 231 172 498 353
dog 0.0022 232 203 327 306
dog 0.0017 383 174 500 363
dog 0.0016 50 123 505 383
dog 0.0010 482 136 500 372
dog 0.0010 237 -1 508 370
bottle 0.0110 74 330 201 374
bottle 0.0017 287 0 333 74
bottle 0.0013 488 233 500 364
chair 0.1415 2 4 183 296
chair 0.0109 285 2 333 72
chair 0.0078 151 2 501 380
chair 0.0041 287 4 499 299
chair 0.0035 63 331 199 376
chair 0.0021 4 117 436 381
sofa 0.7677 0 4 184 362
sofa 0.2134 -4 91 510 382
sofa 0.1014 240 0 502 369
sofa 0.0218 289 0 499 230
sofa 0.0095 5 23 501 273
sofa 0.0082 229 166 499 317
sofa 0.0050 235 64 400 151
sofa 0.0045 118 144 445 366
sofa 0.0038 16 223 494 377
sofa 0.0029 0 -17 186 186
sofa 0.0028 384 3 501 367
sofa 0.0021 100 39 415 182
sofa 0.0017 3 298 511 373
sofa 0.0010 38 29 217 263
pottedplant 0.0071 176 73 220 118
pottedplant 0.0014 170 74 237 132
