person 0.8492 -4 0 214 412
person 0.7607 124 86 472 409
person 0.0046 435 46 499 424
person 0.0046 -4 227 190 417
person 0.0043 292 22 428 137
person 0.0040 469 18 500 379
person 0.0040 0 0 429 357
person 0.0037 0 14 96 389
person 0.0034 279 25 470 335
person 0.0030 473 140 500 300
person 0.0022 0 81 17 202
person 0.0022 366 37 501 434
person 0.0021 0 120 17 283
person 0.0020 480 14 500 271
person 0.0017 492 13 500 107
person 0.0014 287 8 504 205
person 0.0013 0 114 9 197
person 0.0012 493 169 500 318
person 0.0011 485 3 500 168
person 0.0011 0 160 10 211
person 0.0010 193 9 448 155
bicycle 0.0326 299 4 498 421
bicycle 0.0085 435 22 499 409
car 0.0021 435 22 499 409
motorbike 0.0016 299 4 498 421
motorbike 0.0011 435 22 499 409
boat 0.0011 0 8 481 398
chair 0.0166 427 301 501 414
chair 0.0114 433 161 500 418
chair 0.0045 399 38 502 431
chair 0.0028 -2 7 483 399
chair 0.0021 480 156 500 362
chair 0.0017 447 98 500 341
chair 0.0016 139 124 497 426
sofa 0.0012 -2 7 483 399
pottedplant 0.0529 299 5 499 420
pottedplant 0.0041 435 22 499 409
pottedplant 0.0016 298 14 501 171
pottedplant 0.0014 303 26 432 132
pottedplant 0.0010 0 81 17 202
diningtable 0.0012 435 46 499 424
