person 0.9724 104 157 368 497
person 0.0011 205 0 216 17
bottle 0.0105 310 0 325 32
bottle 0.0052 317 0 332 33
bottle 0.0049 304 0 316 31
bottle 0.0039 225 2 236 21
bottle 0.0033 196 0 208 16
bottle 0.0025 216 0 228 21
bottle 0.0025 205 0 216 17
bottle 0.0015 186 0 198 15
bottle 0.0015 253 4 268 24
bottle 0.0014 231 5 246 22
bottle 0.0012 243 2 257 23
bottle 0.0012 176 0 188 14
bottle 0.0010 290 0 307 31
chair 0.8608 4 77 317 489
chair 0.1326 284 213 375 378
chair 0.0194 289 215 375 302
chair 0.0180 6 333 295 498
chair 0.0050 95 204 373 506
chair 0.0028 282 259 374 447
chair 0.0025 289 84 377 349
chair 0.0010 251 159 378 425
sofa 0.2112 -13 81 377 489
sofa 0.1542 287 210 373 380
sofa 0.0211 289 215 375 302
sofa 0.0152 21 80 289 355
sofa 0.0097 5 328 365 499
sofa 0.0045 0 332 166 499
sofa 0.0025 95 204 373 506
sofa 0.0016 289 84 377 349
sofa 0.0013 251 159 378 425
pottedplant 0.0116 352 3 376 84
pottedplant 0.0047 354 41 375 82
pottedplant 0.0013 350 7 377 160
pottedplant 0.0011 0 71 40 182
tvmonitor 0.0061 36 0 135 28
tvmonitor 0.0019 6 0 143 49
tvmonitor 0.0011 43 0 129 10
tvmonitor 0.0011 0 0 40 54
tvmonitor 0.0010 0 0 56 9
