person 0.0262 208 156 222 168
person 0.0154 203 156 214 169
person 0.0150 187 197 202 243
person 0.0124 158 176 180 208
person 0.0119 191 154 202 169
person 0.0097 209 177 226 210
person 0.0088 187 189 203 215
person 0.0066 110 235 116 245
person 0.0059 121 44 405 292
person 0.0050 200 163 237 208
person 0.0048 183 183 211 232
person 0.0044 187 181 203 205
person 0.0043 212 148 223 165
person 0.0040 214 178 233 209
person 0.0037 163 170 193 210
person 0.0036 174 198 203 247
person 0.0036 218 153 231 170
person 0.0034 161 166 172 173
person 0.0034 228 156 239 171
person 0.0029 184 180 195 204
person 0.0028 160 163 171 171
person 0.0026 259 210 270 230
person 0.0023 154 158 165 171
person 0.0020 328 169 335 177
person 0.0019 183 200 197 223
person 0.0018 218 147 227 166
person 0.0018 113 236 120 246
person 0.0017 183 184 197 217
person 0.0016 208 161 223 203
person 0.0013 227 176 246 209
person 0.0013 299 168 308 180
person 0.0013 177 159 231 212
person 0.0013 184 153 194 170
person 0.0012 171 179 226 237
person 0.0011 290 176 298 188
person 0.0011 205 155 275 220
person 0.0011 333 224 342 233
person 0.0010 235 176 252 211
person 0.0010 168 183 203 228
person 0.0010 178 178 199 209
boat 0.8903 109 34 408 290
boat 0.0099 105 169 409 289
boat 0.0084 367 52 372 58
boat 0.0045 0 186 10 192
boat 0.0045 0 181 13 190
boat 0.0029 1 186 22 192
boat 0.0022 404 183 412 197
boat 0.0011 414 164 425 168
bird 0.0765 367 52 372 58
bird 0.0056 404 183 412 197
bird 0.0032 368 49 373 55
bird 0.0029 144 141 155 149
bird 0.0020 473 160 481 165
bird 0.0020 378 164 385 169
bird 0.0014 454 171 461 177
bird 0.0012 328 169 335 177
bird 0.0011 462 169 470 176
bird 0.0010 441 171 449 177
bird 0.0010 381 165 395 169
