person 0.0187 205 293 227 316
person 0.0064 195 291 215 319
person 0.0057 214 292 232 316
person 0.0027 216 289 234 307
person 0.0019 196 289 212 305
person 0.0015 208 292 225 306
person 0.0014 41 224 101 324
person 0.0013 188 283 250 331
person 0.0012 71 227 100 275
person 0.0011 81 230 103 270
bird 0.8834 252 31 367 333
bird 0.0033 396 6 443 82
bird 0.0029 101 16 398 342
bird 0.0014 115 46 282 181
cat 0.0013 244 26 365 334
tvmonitor 0.0286 6 170 404 333
tvmonitor 0.0207 155 246 269 328
tvmonitor 0.0094 0 55 44 333
tvmonitor 0.0068 369 174 503 326
tvmonitor 0.0033 115 46 282 181
tvmonitor 0.0019 17 210 268 329
tvmonitor 0.0013 181 225 388 326
