person 0.9873 9 0 491 374
person 0.0043 479 176 500 250
person 0.0013 306 1 501 373
person 0.0012 475 157 500 313
car 0.0058 10 -18 486 343
car 0.0042 449 231 500 319
car 0.0038 439 136 499 331
car 0.0026 449 287 500 331
car 0.0014 432 9 501 357
train 0.0015 10 -20 485 346
chair 0.0363 12 24 490 402
chair 0.0064 449 287 500 331
chair 0.0058 477 292 500 374
chair 0.0042 451 231 500 324
chair 0.0033 473 296 500 334
chair 0.0030 449 288 499 374
chair 0.0020 488 317 500 375
chair 0.0013 485 302 500 328
chair 0.0010 487 297 500 357
sofa 0.0261 12 24 490 402
diningtable 0.0076 450 232 500 318
diningtable 0.0068 449 287 500 331
diningtable 0.0032 449 288 499 374
diningtable 0.0021 477 292 500 374
diningtable 0.0019 12 24 490 402
diningtable 0.0013 470 284 500 340
diningtable 0.0011 444 172 499 334
tvmonitor 0.0773 437 0 500 120
tvmonitor 0.0079 432 61 501 310
tvmonitor 0.0065 430 2 502 218
tvmonitor 0.0032 10 -18 486 343
tvmonitor 0.0031 398 17 502 351
tvmonitor 0.0029 439 126 499 268
tvmonitor 0.0019 318 2 504 147
tvmonitor 0.0012 306 1 501 373
