person 0.9956 34 108 96 248
person 0.9955 113 103 189 265
person 0.8387 185 101 311 335
person 0.8206 313 127 328 165
person 0.1103 38 120 50 149
person 0.0776 269 129 278 143
person 0.0321 207 104 284 174
person 0.0268 42 119 50 135
person 0.0252 340 137 344 145
person 0.0241 35 123 50 163
person 0.0238 207 110 310 248
person 0.0188 31 123 55 189
person 0.0168 97 127 106 143
person 0.0139 269 132 279 149
person 0.0079 378 125 386 139
person 0.0077 33 124 40 147
person 0.0068 93 134 108 151
person 0.0068 383 124 391 141
person 0.0062 32 124 40 164
person 0.0053 276 138 285 149
person 0.0049 266 127 280 146
person 0.0042 305 138 320 164
person 0.0038 315 127 328 145
person 0.0031 258 129 273 143
person 0.0028 10 161 23 168
person 0.0028 42 122 56 144
person 0.0026 85 133 98 152
person 0.0026 87 130 96 142
person 0.0024 20 124 47 193
person 0.0024 39 118 61 149
person 0.0024 31 111 97 168
person 0.0024 219 140 289 175
person 0.0023 0 131 6 142
person 0.0022 45 120 53 133
person 0.0019 28 121 45 167
person 0.0019 377 120 386 135
person 0.0018 43 133 90 185
person 0.0018 153 177 294 342
person 0.0017 112 79 385 245
person 0.0016 393 124 401 143
person 0.0016 325 136 333 150
person 0.0016 12 130 19 142
person 0.0015 0 135 6 148
person 0.0015 27 163 44 188
person 0.0015 275 137 286 170
person 0.0014 257 135 273 147
person 0.0014 30 153 52 194
person 0.0013 388 138 395 146
person 0.0013 235 134 318 295
person 0.0012 96 119 105 134
person 0.0012 21 146 47 181
person 0.0011 265 129 285 155
person 0.0011 265 134 285 171
person 0.0011 114 122 183 197
person 0.0010 119 107 195 159
person 0.0010 37 120 67 166
person 0.0010 325 130 331 143
person 0.0010 198 138 212 146
person 0.0010 382 121 391 135
car 0.0022 188 138 203 146
car 0.0018 400 138 415 148
car 0.0014 180 136 192 151
chair 0.0073 292 176 444 358
chair 0.0031 186 175 308 336
chair 0.0019 125 169 452 364
