person 0.9323 65 79 297 451
person 0.0351 124 78 240 276
person 0.0211 360 339 374 362
person 0.0052 359 340 374 380
person 0.0029 340 352 374 397
person 0.0028 316 349 373 469
person 0.0015 93 135 271 293
person 0.0013 338 336 374 384
bicycle 0.0018 319 349 374 480
bottle 0.0788 74 284 83 306
bottle 0.0518 72 292 82 309
bottle 0.0323 70 280 86 310
bottle 0.0311 78 283 90 302
bottle 0.0097 80 295 89 307
bottle 0.0064 63 284 90 316
bottle 0.0050 86 278 100 308
bottle 0.0048 57 296 77 310
bottle 0.0038 73 277 96 309
bottle 0.0037 61 278 74 308
bottle 0.0034 70 277 85 294
bottle 0.0029 62 266 71 301
bottle 0.0023 84 273 106 312
bottle 0.0023 74 278 95 294
bottle 0.0020 88 256 121 309
bottle 0.0018 54 286 79 317
bottle 0.0015 88 264 101 281
bottle 0.0014 88 271 103 299
bottle 0.0013 66 271 90 300
bottle 0.0012 60 257 69 291
bottle 0.0010 46 261 67 305
chair 0.9538 0 138 23 238
chair 0.8833 37 222 127 374
chair 0.2556 319 349 374 479
chair 0.0510 340 352 374 397
chair 0.0398 61 217 126 310
chair 0.0385 348 351 375 482
chair 0.0213 63 223 128 264
chair 0.0158 360 339 374 362
chair 0.0106 -1 137 22 182
chair 0.0066 0 138 21 162
chair 0.0042 44 114 280 442
chair 0.0031 42 271 91 371
chair 0.0029 359 340 374 380
chair 0.0028 349 355 375 421
chair 0.0025 324 328 374 428
chair 0.0025 338 336 374 384
chair 0.0024 351 381 376 416
chair 0.0018 -7 140 13 235
chair 0.0015 0 190 22 241
chair 0.0013 0 138 17 145
chair 0.0013 47 211 186 380
chair 0.0011 354 400 374 492
chair 0.0011 46 301 87 361
pottedplant 0.0384 0 254 51 349
pottedplant 0.0142 231 233 274 286
pottedplant 0.0052 142 194 300 311
pottedplant 0.0026 12 263 64 365
pottedplant 0.0020 209 206 270 281
pottedplant 0.0013 34 262 66 303
diningtable 0.0856 59 88 303 458
diningtable 0.0058 319 349 374 479
diningtable 0.0014 0 143 23 244
diningtable 0.0011 339 350 374 386
diningtable 0.0010 93 135 271 293
