person 0.9831 194 93 358 504
person 0.9596 63 0 250 505
person 0.3611 240 160 323 435
person 0.1074 25 11 145 484
person 0.0060 254 240 294 384
person 0.0044 8 83 104 488
person 0.0011 73 384 105 487
aeroplane 0.0037 55 0 339 503
train 0.0046 55 0 339 503
chair 0.0105 333 321 401 495
chair 0.0061 0 86 48 211
chair 0.0047 358 441 401 499
chair 0.0031 353 253 378 310
chair 0.0027 335 405 399 499
chair 0.0018 3 349 87 478
chair 0.0017 227 443 404 499
chair 0.0013 350 251 386 339
chair 0.0013 1 377 75 446
chair 0.0011 25 11 145 484
chair 0.0010 1 176 98 480
chair 0.0010 357 307 399 335
diningtable 0.0894 333 321 401 495
diningtable 0.0029 340 305 401 355
diningtable 0.0019 359 310 397 332
diningtable 0.0010 352 313 402 447
tvmonitor 0.0034 0 206 46 363
tvmonitor 0.0015 0 86 48 211
