bird 0.0062 111 23 124 28
bird 0.0038 67 153 117 195
bird 0.0022 0 110 15 155
bird 0.0016 142 235 233 315
bird 0.0011 143 242 175 312
bird 0.0011 82 156 118 174
bird 0.0011 337 18 346 24
dog 0.0098 67 153 116 197
dog 0.0024 0 110 15 155
dog 0.0016 55 225 147 306
dog 0.0016 142 235 233 315
dog 0.0015 354 210 400 305
horse 0.0637 67 153 116 196
horse 0.0615 141 237 233 305
horse 0.0286 357 214 399 304
horse 0.0215 235 225 355 305
horse 0.0211 56 225 147 306
horse 0.0035 221 207 335 269
horse 0.0035 0 110 15 155
horse 0.0034 142 241 176 313
horse 0.0028 219 210 348 236
horse 0.0017 279 211 344 235
horse 0.0016 82 156 118 174
horse 0.0016 217 212 294 295
horse 0.0015 318 231 382 305
horse 0.0014 206 202 383 311
horse 0.0011 195 243 236 301
sheep 0.6378 0 110 15 155
sheep 0.4092 67 153 116 196
sheep 0.1898 57 222 147 302
sheep 0.1690 142 235 233 315
sheep 0.0513 243 232 358 309
sheep 0.0276 143 242 175 312
sheep 0.0217 82 156 118 174
sheep 0.0202 0 107 15 205
sheep 0.0197 221 207 335 269
sheep 0.0196 353 209 400 305
sheep 0.0144 66 153 83 191
sheep 0.0096 195 243 236 301
sheep 0.0083 217 212 294 295
sheep 0.0072 318 231 381 305
sheep 0.0059 111 23 124 28
sheep 0.0046 0 99 14 135
sheep 0.0039 0 121 12 184
sheep 0.0037 223 209 338 238
sheep 0.0033 68 152 91 177
sheep 0.0033 0 66 118 236
sheep 0.0028 206 229 240 288
sheep 0.0024 0 101 8 243
sheep 0.0023 15 1 489 299
sheep 0.0022 174 232 236 288
sheep 0.0022 0 99 15 296
sheep 0.0020 5 49 252 314
sheep 0.0016 217 209 269 264
sheep 0.0014 282 210 346 234
sheep 0.0013 206 202 383 311
sheep 0.0013 0 43 18 161
sheep 0.0012 3 27 256 192
sheep 0.0011 0 84 8 127
sheep 0.0010 175 258 231 315
cow 0.8558 56 223 145 305
cow 0.8327 356 212 400 305
cow 0.7533 235 225 355 305
cow 0.6210 142 235 233 314
cow 0.3702 67 153 116 196
cow 0.2532 219 208 341 270
cow 0.1378 282 210 346 234
cow 0.1346 320 229 380 292
cow 0.0918 143 242 175 312
cow 0.0896 180 237 233 302
cow 0.0744 223 209 338 238
cow 0.0703 217 212 294 295
cow 0.0622 0 110 15 155
cow 0.0524 206 202 383 311
cow 0.0354 320 211 347 229
cow 0.0271 217 209 269 264
cow 0.0252 199 256 232 301
cow 0.0209 82 156 118 174
cow 0.0184 206 229 240 288
cow 0.0139 320 223 348 238
cow 0.0115 279 211 351 252
cow 0.0076 217 209 268 237
cow 0.0072 314 220 359 256
cow 0.0071 0 107 15 205
cow 0.0071 240 213 307 245
cow 0.0067 294 232 369 286
cow 0.0064 223 244 248 290
cow 0.0060 96 195 415 328
cow 0.0058 67 153 94 192
cow 0.0048 152 259 203 315
cow 0.0048 63 227 140 274
cow 0.0044 227 225 300 272
cow 0.0044 54 233 86 305
cow 0.0041 95 223 144 298
cow 0.0038 219 211 250 245
cow 0.0037 141 247 193 326
cow 0.0035 258 218 290 237
cow 0.0032 273 213 313 232
cow 0.0032 252 212 294 234
cow 0.0032 0 101 8 243
cow 0.0032 183 220 255 296
cow 0.0031 0 99 15 296
cow 0.0031 297 217 344 238
cow 0.0031 132 227 149 253
cow 0.0031 316 229 350 248
cow 0.0030 360 210 395 228
cow 0.0029 217 241 258 299
cow 0.0025 309 209 353 236
cow 0.0025 236 235 279 305
cow 0.0024 130 230 157 286
cow 0.0023 318 218 379 265
cow 0.0023 248 234 321 286
cow 0.0021 280 218 328 237
cow 0.0021 213 242 235 297
cow 0.0020 201 234 230 251
cow 0.0019 32 26 462 346
cow 0.0018 0 121 12 184
cow 0.0017 117 234 179 316
cow 0.0016 290 227 353 254
cow 0.0016 252 229 353 274
cow 0.0016 200 235 234 262
cow 0.0014 144 241 169 280
cow 0.0012 356 210 399 253
cow 0.0011 137 231 187 292
cow 0.0010 165 259 229 312
cow 0.0010 16 133 178 322
cow 0.0010 277 200 391 281
