person 0.0121 279 184 288 199
person 0.0092 257 189 270 210
person 0.0069 228 193 242 208
person 0.0021 191 193 204 209
person 0.0021 250 143 259 159
person 0.0014 192 224 224 248
person 0.0013 230 214 257 240
person 0.0010 257 183 271 198
car 0.0226 285 226 304 238
car 0.0203 490 220 500 231
car 0.0167 489 217 500 226
car 0.0127 351 232 371 242
car 0.0105 286 230 303 240
car 0.0056 475 217 497 226
car 0.0054 402 232 418 243
car 0.0047 257 231 275 240
car 0.0046 259 231 285 240
car 0.0043 306 223 340 237
car 0.0037 463 214 488 227
car 0.0036 193 213 258 247
car 0.0035 335 232 349 242
car 0.0033 441 232 457 243
car 0.0031 475 221 497 232
car 0.0030 375 223 404 237
car 0.0028 309 231 337 241
car 0.0022 351 224 373 238
car 0.0021 373 229 406 244
car 0.0020 455 215 480 227
car 0.0019 447 233 461 242
car 0.0018 259 227 284 238
car 0.0018 338 233 365 242
car 0.0018 457 220 495 237
car 0.0017 455 222 478 233
car 0.0015 200 189 231 208
car 0.0014 493 226 500 249
car 0.0012 228 193 242 208
car 0.0011 286 223 314 238
car 0.0011 330 224 349 236
car 0.0010 487 211 500 229
car 0.0010 270 233 295 240
car 0.0010 193 225 238 248
car 0.0010 357 231 377 242
car 0.0010 487 218 500 238
aeroplane 0.8398 1 96 357 206
aeroplane 0.0289 192 214 257 248
aeroplane 0.0203 0 211 207 246
aeroplane 0.0150 296 154 374 192
aeroplane 0.0094 489 217 500 226
aeroplane 0.0057 129 208 376 254
aeroplane 0.0045 122 93 281 189
aeroplane 0.0033 460 212 491 228
aeroplane 0.0030 125 216 249 246
aeroplane 0.0028 472 211 499 229
aeroplane 0.0026 154 221 240 238
aeroplane 0.0026 491 190 500 228
aeroplane 0.0026 -2 163 211 252
aeroplane 0.0024 475 217 497 226
aeroplane 0.0023 206 142 375 201
aeroplane 0.0023 131 96 192 152
aeroplane 0.0022 396 159 495 240
aeroplane 0.0022 487 211 500 229
aeroplane 0.0022 490 220 500 231
aeroplane 0.0020 63 138 376 209
aeroplane 0.0020 178 204 262 240
aeroplane 0.0020 310 223 349 237
aeroplane 0.0017 446 220 500 249
aeroplane 0.0017 119 199 281 241
aeroplane 0.0014 450 191 500 239
aeroplane 0.0014 469 185 500 231
aeroplane 0.0014 286 223 339 238
aeroplane 0.0014 67 209 283 251
aeroplane 0.0013 278 217 391 244
aeroplane 0.0013 144 95 175 154
aeroplane 0.0012 402 168 433 177
aeroplane 0.0012 351 166 438 195
aeroplane 0.0012 353 174 425 190
aeroplane 0.0012 393 164 436 193
aeroplane 0.0011 0 128 90 185
aeroplane 0.0010 -8 84 503 243
aeroplane 0.0010 402 219 461 244
aeroplane 0.0010 400 171 435 188
aeroplane 0.0010 39 71 324 177
bus 0.0021 363 207 412 229
bus 0.0017 373 229 406 244
bus 0.0017 -3 226 166 247
bus 0.0016 191 214 257 248
bus 0.0010 0 211 207 246
boat 0.0084 402 168 433 177
boat 0.0080 0 211 207 246
boat 0.0045 490 220 500 231
boat 0.0045 453 229 499 244
boat 0.0044 489 217 500 226
boat 0.0040 446 220 500 249
boat 0.0023 400 172 434 187
boat 0.0021 491 190 500 228
boat 0.0020 493 226 500 249
boat 0.0016 450 191 500 239
boat 0.0016 449 121 499 236
boat 0.0014 393 164 436 193
boat 0.0013 472 164 500 229
boat 0.0013 396 159 495 240
boat 0.0011 457 220 495 237
boat 0.0011 408 217 498 247
