person 0.9522 0 81 304 482
person 0.9286 16 0 164 283
person 0.3569 181 -2 333 377
person 0.0205 0 -3 79 170
person 0.0141 -5 9 339 338
person 0.0129 113 135 296 427
person 0.0118 275 19 334 382
person 0.0093 0 -1 45 96
person 0.0060 5 314 162 488
person 0.0044 28 77 233 350
person 0.0035 0 0 116 95
person 0.0032 27 122 67 159
person 0.0018 150 0 193 14
person 0.0016 106 0 197 14
person 0.0014 17 66 68 180
person 0.0012 17 260 245 465
person 0.0011 84 0 228 22
person 0.0010 219 -3 334 196
person 0.0010 -18 -9 205 437
bird 0.0054 19 314 162 414
