person 0.0168 54 225 63 234
person 0.0044 399 212 416 234
person 0.0039 226 235 232 243
person 0.0033 167 258 361 337
person 0.0028 470 228 483 238
person 0.0027 227 233 238 244
person 0.0019 151 216 166 230
person 0.0017 363 225 375 237
person 0.0012 182 295 229 321
person 0.0010 491 225 500 239
car 0.0376 114 216 131 230
car 0.0152 491 225 500 239
car 0.0053 151 216 166 230
car 0.0045 114 222 129 232
car 0.0045 434 221 460 240
car 0.0028 416 219 460 240
car 0.0023 116 212 160 231
car 0.0021 320 213 344 228
car 0.0019 399 219 417 235
car 0.0017 471 223 499 240
car 0.0017 307 223 319 232
car 0.0016 492 231 500 242
car 0.0011 388 221 413 235
car 0.0011 363 225 375 237
car 0.0011 51 225 60 235
car 0.0011 470 228 483 238
car 0.0010 446 224 460 239
car 0.0010 322 211 377 235
bus 0.0010 491 225 500 239
boat 0.0093 168 257 358 335
boat 0.0012 434 221 460 240
bird 0.0050 279 318 287 330
bird 0.0011 298 246 312 272
dog 0.0011 298 246 312 272
dog 0.0010 227 233 238 244
horse 0.9897 222 199 289 268
horse 0.0383 227 233 238 244
horse 0.0198 168 257 358 335
horse 0.0052 54 225 63 234
horse 0.0046 242 220 268 257
horse 0.0043 226 235 232 243
horse 0.0035 225 230 242 249
horse 0.0022 252 207 293 265
horse 0.0016 235 226 256 253
horse 0.0013 248 234 261 266
horse 0.0012 234 227 278 271
sheep 0.0017 54 225 63 234
cow 0.0235 54 225 63 234
cow 0.0038 114 216 131 230
cow 0.0014 227 233 238 244
cow 0.0012 491 225 500 239
cow 0.0010 114 222 129 232
cow 0.0010 220 198 290 267
bottle 0.0011 279 318 287 330
chair 0.0023 169 257 357 335
chair 0.0014 491 225 500 239
pottedplant 0.0015 298 246 312 272
