person 0.9640 368 1 502 224
person 0.0050 0 263 127 370
person 0.0042 0 -2 112 371
person 0.0024 483 3 500 231
person 0.0016 253 36 365 206
bird 0.0018 -1 261 130 375
cat 0.0022 -1 261 130 375
cat 0.0017 0 304 54 373
dog 0.9946 248 37 353 208
dog 0.0938 0 263 127 370
dog 0.0494 0 304 54 373
dog 0.0032 0 74 118 372
dog 0.0021 0 204 57 380
dog 0.0012 -6 163 519 372
dog 0.0010 233 6 393 267
horse 0.0037 -1 261 130 375
sheep 0.0026 0 301 54 374
sheep 0.0024 -1 260 130 375
cow 0.0022 -1 260 130 375
chair 0.0015 483 3 500 231
pottedplant 0.0020 387 315 497 369
diningtable 0.0585 -2 165 514 370
