person 0.9890 0 17 113 357
person 0.9526 192 89 404 374
person 0.7597 295 -7 500 378
person 0.0521 366 146 427 214
person 0.0451 350 139 442 245
person 0.0332 294 94 523 296
person 0.0276 172 132 178 140
person 0.0247 213 118 424 250
person 0.0118 148 231 226 302
person 0.0074 0 58 113 161
person 0.0057 388 138 487 227
person 0.0047 363 77 505 242
person 0.0043 292 135 454 224
person 0.0043 392 152 424 208
person 0.0033 9 91 87 151
person 0.0031 0 41 14 353
person 0.0028 296 166 378 299
person 0.0024 189 138 206 150
person 0.0021 240 148 494 375
person 0.0021 269 140 445 288
person 0.0021 0 163 4 179
person 0.0021 0 151 5 176
person 0.0020 154 141 181 160
person 0.0018 0 -41 62 402
person 0.0018 306 188 371 246
person 0.0017 165 28 493 292
person 0.0017 134 142 164 160
person 0.0014 413 120 457 151
person 0.0014 206 137 226 151
person 0.0014 261 144 268 156
person 0.0013 134 144 147 159
person 0.0013 181 137 192 151
person 0.0013 222 146 333 244
person 0.0012 94 145 108 164
person 0.0012 292 157 317 194
person 0.0012 451 142 479 163
person 0.0012 265 63 561 221
person 0.0011 185 135 226 153
person 0.0011 0 -4 27 365
person 0.0010 1 137 7 172
bicycle 0.0020 235 151 255 173
bicycle 0.0019 237 144 253 166
car 0.8212 415 121 455 149
car 0.6791 179 136 230 172
car 0.5005 137 133 185 159
car 0.3712 134 144 147 159
car 0.1240 154 141 181 160
car 0.0875 134 142 164 160
car 0.0675 259 139 267 152
car 0.0152 424 138 485 166
car 0.0126 165 135 185 157
car 0.0115 259 136 290 155
car 0.0100 241 136 267 154
car 0.0081 261 144 268 156
car 0.0075 238 140 267 165
car 0.0068 256 136 269 154
car 0.0062 399 140 488 230
car 0.0058 260 141 290 162
car 0.0048 237 144 253 166
car 0.0045 102 143 138 162
car 0.0038 283 144 289 161
car 0.0034 281 140 289 153
car 0.0032 103 144 115 163
car 0.0030 0 163 4 179
car 0.0029 414 124 481 157
car 0.0029 183 135 227 157
car 0.0025 172 132 178 140
car 0.0023 97 156 108 166
car 0.0022 102 156 115 167
car 0.0018 383 88 499 228
car 0.0017 235 132 287 160
car 0.0016 0 151 5 176
car 0.0016 299 -3 500 375
car 0.0016 127 134 242 171
car 0.0015 94 145 108 164
car 0.0015 131 138 150 156
car 0.0014 249 134 276 155
car 0.0014 251 140 276 164
car 0.0013 284 136 301 172
car 0.0012 252 137 300 175
car 0.0012 372 148 383 158
car 0.0012 284 132 300 157
car 0.0012 276 138 293 171
car 0.0012 229 139 261 173
car 0.0011 206 137 226 151
car 0.0011 164 133 176 140
car 0.0010 106 137 133 156
car 0.0010 492 127 499 143
car 0.0010 76 110 432 195
bus 0.0086 415 121 456 148
bus 0.0018 137 133 185 159
bus 0.0010 179 136 230 173
cat 0.0018 71 208 134 355
dog 0.9929 70 215 135 361
dog 0.0218 131 232 239 274
dog 0.0037 130 228 240 330
dog 0.0027 137 232 231 251
dog 0.0025 0 58 113 161
dog 0.0024 9 91 87 151
dog 0.0014 144 260 209 315
bottle 0.0033 180 313 200 343
bottle 0.0019 433 166 478 232
chair 0.7009 374 150 420 203
chair 0.2534 296 157 315 190
chair 0.2472 399 140 488 230
chair 0.2017 240 147 495 375
chair 0.1126 395 132 498 329
chair 0.1080 396 152 421 209
chair 0.0856 132 232 238 345
chair 0.0740 255 258 500 374
chair 0.0707 235 335 313 374
chair 0.0651 234 324 410 374
chair 0.0618 253 59 483 308
chair 0.0575 178 120 412 380
chair 0.0394 424 138 485 166
chair 0.0335 295 141 410 217
chair 0.0300 350 139 442 245
chair 0.0282 313 189 364 221
chair 0.0200 369 285 499 375
chair 0.0165 213 118 424 250
chair 0.0164 112 234 471 372
chair 0.0140 298 162 323 196
chair 0.0124 431 151 502 377
chair 0.0093 446 287 499 375
chair 0.0088 430 151 500 243
chair 0.0072 318 110 502 249
chair 0.0068 336 187 490 323
chair 0.0055 383 88 499 228
chair 0.0051 267 255 402 327
chair 0.0048 410 117 491 203
chair 0.0046 378 221 435 240
chair 0.0045 433 166 479 233
chair 0.0043 371 207 446 255
chair 0.0041 354 198 467 265
chair 0.0040 312 159 326 190
chair 0.0039 331 154 421 231
chair 0.0037 288 135 317 191
chair 0.0034 130 231 240 279
chair 0.0033 279 293 431 373
chair 0.0032 269 140 445 288
chair 0.0031 296 166 378 299
chair 0.0025 266 263 404 293
chair 0.0023 283 152 342 200
chair 0.0022 479 284 499 376
chair 0.0020 274 220 475 333
chair 0.0017 267 314 512 376
chair 0.0017 480 165 500 344
chair 0.0017 299 150 319 180
chair 0.0017 109 197 400 333
chair 0.0017 414 121 456 149
chair 0.0015 229 236 412 349
chair 0.0015 304 157 378 207
chair 0.0013 491 258 500 376
chair 0.0013 397 148 421 177
chair 0.0012 269 270 400 307
chair 0.0012 108 88 412 283
chair 0.0011 471 326 500 373
chair 0.0011 492 243 500 313
chair 0.0011 311 164 326 218
chair 0.0011 452 249 500 307
chair 0.0010 308 186 397 238
chair 0.0010 245 344 379 379
diningtable 0.1777 132 233 238 345
diningtable 0.1255 181 120 411 379
diningtable 0.0327 118 233 464 375
diningtable 0.0105 256 212 497 377
diningtable 0.0085 109 197 400 333
diningtable 0.0071 123 226 322 360
diningtable 0.0047 267 255 402 327
diningtable 0.0042 131 232 239 274
diningtable 0.0030 241 261 429 372
diningtable 0.0025 266 263 404 293
diningtable 0.0024 254 156 418 348
diningtable 0.0020 296 157 315 190
diningtable 0.0014 234 324 410 374
diningtable 0.0014 154 214 363 293
diningtable 0.0012 310 99 498 358
diningtable 0.0011 296 166 378 299
diningtable 0.0010 276 203 437 308
