person 0.9827 55 161 75 226
person 0.9796 18 165 43 227
person 0.9688 253 162 269 206
person 0.9474 368 171 384 203
person 0.7611 0 166 6 227
person 0.4837 108 170 125 210
person 0.2622 106 169 121 198
person 0.2425 131 165 141 195
person 0.0707 107 184 130 215
person 0.0465 237 182 250 201
person 0.0357 -1 121 339 210
person 0.0336 105 171 136 221
person 0.0291 129 167 142 212
person 0.0282 14 151 478 242
person 0.0277 -1 161 13 231
person 0.0275 129 109 321 204
person 0.0237 16 176 35 219
person 0.0224 452 172 465 187
person 0.0195 213 184 218 200
person 0.0178 458 172 473 187
person 0.0165 0 156 279 228
person 0.0162 419 184 433 198
person 0.0145 0 159 119 231
person 0.0134 0 163 6 181
person 0.0132 30 163 62 225
person 0.0123 103 185 123 210
person 0.0115 241 158 275 206
person 0.0099 101 177 124 219
person 0.0098 230 182 243 199
person 0.0086 0 169 6 190
person 0.0083 468 172 483 188
person 0.0080 116 186 143 218
person 0.0067 113 168 122 179
person 0.0067 452 170 477 189
person 0.0066 37 171 55 208
person 0.0065 76 75 418 254
person 0.0061 33 174 52 223
person 0.0059 0 188 4 227
person 0.0057 16 181 30 202
person 0.0054 -1 144 189 211
person 0.0047 128 186 145 217
person 0.0045 29 165 40 176
person 0.0041 81 96 402 190
person 0.0037 103 164 116 175
person 0.0036 132 165 141 181
person 0.0035 140 148 335 200
person 0.0035 0 162 7 199
person 0.0034 285 167 303 175
person 0.0032 74 164 90 174
person 0.0032 46 168 55 176
person 0.0031 41 175 58 199
person 0.0030 476 171 494 189
person 0.0027 0 154 63 241
person 0.0026 461 169 490 190
person 0.0026 75 162 108 175
person 0.0025 -7 -9 499 200
person 0.0024 38 179 48 221
person 0.0023 252 164 260 180
person 0.0023 6 175 26 208
person 0.0022 -1 174 30 223
person 0.0021 469 157 486 165
person 0.0020 420 184 433 211
person 0.0019 227 161 265 203
person 0.0019 373 166 388 173
person 0.0018 98 202 120 220
person 0.0018 -15 119 444 294
person 0.0017 17 170 47 195
person 0.0016 157 164 176 174
person 0.0016 447 168 469 191
person 0.0016 37 173 56 189
person 0.0015 237 166 255 199
person 0.0015 452 165 463 179
person 0.0014 53 162 73 179
person 0.0013 256 165 269 177
person 0.0013 37 169 51 176
person 0.0013 89 164 109 176
person 0.0012 51 166 349 215
person 0.0012 445 172 454 189
person 0.0012 63 163 79 174
person 0.0012 24 197 40 223
person 0.0011 61 179 77 217
person 0.0011 252 189 262 206
person 0.0011 458 165 473 180
person 0.0011 6 53 272 205
person 0.0011 77 153 167 212
person 0.0010 30 153 98 207
person 0.0010 107 171 167 224
person 0.0010 40 176 59 218
person 0.0010 293 167 314 175
person 0.0010 218 171 228 192
person 0.0010 0 204 3 231
bicycle 0.0749 128 194 149 221
bicycle 0.0479 102 194 152 221
bicycle 0.0036 237 182 250 201
bicycle 0.0022 0 166 6 227
bicycle 0.0016 106 172 129 219
bicycle 0.0016 116 186 143 218
bicycle 0.0010 250 168 265 206
car 0.9290 419 159 499 259
car 0.5326 40 173 59 190
car 0.0333 373 166 388 173
car 0.0309 474 158 491 165
car 0.0280 399 168 419 174
car 0.0275 390 167 407 173
car 0.0256 381 166 398 173
car 0.0252 408 168 425 173
car 0.0181 469 157 486 165
car 0.0170 363 169 375 174
car 0.0152 343 167 352 173
car 0.0136 293 167 314 175
car 0.0125 420 167 438 174
car 0.0113 34 170 57 211
car 0.0107 30 163 62 225
car 0.0102 488 156 500 163
car 0.0093 298 165 323 174
car 0.0084 18 165 43 227
car 0.0065 338 166 350 173
car 0.0056 17 170 48 196
car 0.0054 419 184 433 198
car 0.0053 313 165 327 172
car 0.0042 184 168 206 175
car 0.0039 451 158 483 164
car 0.0038 430 168 438 173
car 0.0037 0 169 6 190
car 0.0033 74 164 90 174
car 0.0033 3 157 88 203
car 0.0030 42 188 58 208
car 0.0028 53 162 75 200
car 0.0027 354 166 365 175
car 0.0027 486 147 500 161
car 0.0026 0 164 6 223
car 0.0026 265 167 283 174
car 0.0024 5 176 24 187
car 0.0020 -13 160 102 231
car 0.0019 37 169 51 176
car 0.0016 378 164 437 176
car 0.0014 -1 161 13 231
car 0.0014 471 156 496 166
car 0.0013 89 164 109 176
car 0.0013 11 183 24 199
car 0.0012 16 181 27 202
car 0.0010 103 164 116 175
car 0.0010 446 158 468 165
motorbike 0.1815 100 195 149 221
motorbike 0.0490 128 194 149 221
motorbike 0.0375 106 172 129 219
motorbike 0.0139 116 186 143 218
motorbike 0.0037 97 201 122 220
motorbike 0.0014 0 166 6 227
motorbike 0.0011 71 160 182 228
aeroplane 0.8519 145 109 330 202
aeroplane 0.0605 81 96 402 190
aeroplane 0.0203 76 75 418 254
aeroplane 0.0166 -1 121 339 210
aeroplane 0.0094 486 147 500 161
aeroplane 0.0084 250 160 269 206
aeroplane 0.0072 474 158 491 165
aeroplane 0.0063 66 85 74 89
aeroplane 0.0048 488 156 500 163
aeroplane 0.0045 176 150 303 199
aeroplane 0.0044 -7 -9 499 200
aeroplane 0.0043 251 163 334 176
aeroplane 0.0041 150 133 491 201
aeroplane 0.0039 458 147 495 160
aeroplane 0.0035 293 167 314 175
aeroplane 0.0034 469 157 486 165
aeroplane 0.0032 449 138 501 170
aeroplane 0.0028 470 144 500 163
aeroplane 0.0026 298 165 323 174
aeroplane 0.0025 182 113 267 190
aeroplane 0.0023 204 159 389 185
aeroplane 0.0022 57 149 122 175
aeroplane 0.0019 223 139 367 181
aeroplane 0.0018 441 156 494 166
aeroplane 0.0018 91 141 313 209
aeroplane 0.0018 449 109 500 167
aeroplane 0.0018 257 152 329 174
aeroplane 0.0018 290 164 332 175
aeroplane 0.0017 285 167 303 175
aeroplane 0.0016 471 156 496 166
aeroplane 0.0015 123 110 281 177
aeroplane 0.0013 470 133 500 175
aeroplane 0.0013 22 143 470 262
aeroplane 0.0012 66 155 116 171
aeroplane 0.0011 151 72 494 195
aeroplane 0.0010 0 145 118 212
aeroplane 0.0010 6 137 123 183
bus 0.0047 66 155 116 171
bus 0.0023 419 161 499 258
bus 0.0017 469 157 486 165
bus 0.0014 488 156 500 163
bus 0.0013 474 158 491 165
bus 0.0013 75 162 108 175
bus 0.0012 74 164 90 174
bus 0.0010 486 147 500 161
boat 0.0047 390 167 407 173
boat 0.0044 399 168 419 174
boat 0.0039 381 166 398 173
boat 0.0035 373 166 388 173
boat 0.0021 408 168 425 173
boat 0.0020 66 85 74 89
boat 0.0011 486 147 500 161
bird 0.0134 66 85 74 89
bird 0.0082 386 107 390 112
bird 0.0054 386 105 391 110
bird 0.0037 27 85 33 90
bird 0.0034 242 89 248 94
bird 0.0032 107 79 112 83
dog 0.0011 98 202 120 220
chair 0.0033 100 195 149 221
chair 0.0030 98 202 120 220
