person 0.0017 0 237 8 259
person 0.0012 370 121 500 357
cat 0.0012 0 340 14 374
dog 0.0015 148 29 175 61
dog 0.0013 0 340 14 374
bottle 0.3549 230 147 246 181
bottle 0.1529 26 196 46 232
bottle 0.0229 0 340 14 374
bottle 0.0209 233 159 249 183
bottle 0.0149 47 204 64 224
bottle 0.0137 275 162 286 186
bottle 0.0045 48 202 73 225
bottle 0.0038 297 166 311 185
bottle 0.0036 231 147 245 159
bottle 0.0036 292 169 313 189
bottle 0.0028 27 195 44 212
bottle 0.0027 35 224 56 239
bottle 0.0025 26 181 39 198
bottle 0.0021 46 184 55 204
bottle 0.0019 39 185 49 202
bottle 0.0015 0 338 18 394
bottle 0.0012 54 191 69 209
bottle 0.0012 25 194 65 242
chair 0.9830 367 150 501 375
chair 0.0247 121 126 165 202
chair 0.0083 0 251 18 377
chair 0.0071 148 149 242 221
chair 0.0067 0 331 18 375
chair 0.0053 374 141 500 258
chair 0.0047 236 142 326 180
chair 0.0044 0 250 9 365
chair 0.0036 -1 247 97 371
chair 0.0031 478 166 500 379
chair 0.0023 453 255 497 281
chair 0.0021 0 191 65 361
chair 0.0020 450 169 499 377
chair 0.0019 0 294 13 380
chair 0.0019 0 194 22 360
chair 0.0018 0 266 4 308
chair 0.0016 144 146 195 215
chair 0.0014 0 255 7 303
chair 0.0014 -1 330 60 375
chair 0.0013 0 282 64 376
chair 0.0011 489 264 500 369
chair 0.0011 469 264 500 369
chair 0.0010 0 196 117 329
chair 0.0010 482 278 500 377
chair 0.0010 71 116 207 210
sofa 0.0229 -2 160 348 372
sofa 0.0017 368 135 499 377
pottedplant 0.0267 327 133 387 227
pottedplant 0.0219 319 130 388 305
pottedplant 0.0102 324 137 361 214
pottedplant 0.0036 286 140 377 230
diningtable 0.0018 151 154 244 223
diningtable 0.0015 23 178 304 374
diningtable 0.0013 384 163 505 377
tvmonitor 0.0730 148 151 230 218
tvmonitor 0.0048 87 173 138 222
tvmonitor 0.0029 236 1 327 34
