person 0.0084 52 368 68 390
person 0.0069 63 336 74 347
person 0.0043 80 331 106 390
person 0.0041 45 336 55 347
person 0.0032 172 0 192 4
person 0.0027 89 331 104 369
person 0.0023 166 372 195 401
person 0.0016 154 368 196 410
person 0.0013 376 235 393 257
person 0.0011 49 337 58 347
bicycle 0.0756 38 399 76 422
bicycle 0.0623 -3 389 78 450
bicycle 0.0295 17 396 78 425
bicycle 0.0079 0 394 42 456
bicycle 0.0045 27 400 83 453
bicycle 0.0038 1 386 34 416
bicycle 0.0035 43 401 84 431
bicycle 0.0024 372 210 403 259
bicycle 0.0021 26 380 86 419
bicycle 0.0017 0 388 22 450
bicycle 0.0017 87 145 116 187
bicycle 0.0016 30 402 67 429
bicycle 0.0014 1 386 52 433
bicycle 0.0014 51 368 68 391
bicycle 0.0012 25 399 50 419
bicycle 0.0010 111 152 140 188
bicycle 0.0010 358 208 385 258
car 0.9982 35 359 366 492
motorbike 0.4480 0 396 76 455
motorbike 0.1974 0 393 38 457
motorbike 0.0812 33 398 78 431
motorbike 0.0242 0 389 37 428
motorbike 0.0213 0 388 22 450
motorbike 0.0055 48 399 78 421
motorbike 0.0051 10 373 108 456
motorbike 0.0049 1 420 32 454
motorbike 0.0034 19 370 104 420
motorbike 0.0029 0 386 21 416
motorbike 0.0027 1 418 16 456
motorbike 0.0025 25 404 48 430
motorbike 0.0024 25 411 48 444
motorbike 0.0016 1 379 80 421
motorbike 0.0016 38 398 93 457
motorbike 0.0015 13 414 59 455
motorbike 0.0014 51 368 68 391
motorbike 0.0013 0 354 82 444
motorbike 0.0010 8 361 353 491
motorbike 0.0010 1 432 12 458
bird 0.0015 377 199 405 216
bottle 0.0010 52 368 68 390
chair 0.1038 76 362 98 377
chair 0.0608 76 357 97 369
chair 0.0601 75 344 101 378
chair 0.0501 80 331 106 390
chair 0.0481 75 357 100 386
chair 0.0172 90 331 103 368
chair 0.0097 81 364 103 389
chair 0.0050 96 331 107 389
chair 0.0043 64 351 105 393
chair 0.0040 77 340 97 363
chair 0.0026 55 368 71 390
chair 0.0014 387 353 399 369
chair 0.0012 90 146 116 189
chair 0.0011 86 384 102 391
pottedplant 0.1360 90 146 116 189
pottedplant 0.0603 91 147 143 188
pottedplant 0.0536 55 368 71 390
pottedplant 0.0408 142 153 173 197
pottedplant 0.0314 111 152 140 188
pottedplant 0.0200 367 197 405 255
pottedplant 0.0134 377 199 405 216
pottedplant 0.0096 135 155 151 195
pottedplant 0.0094 100 150 128 185
pottedplant 0.0092 92 164 115 187
pottedplant 0.0085 119 155 153 194
pottedplant 0.0081 94 144 115 171
pottedplant 0.0070 365 200 403 227
pottedplant 0.0064 97 144 132 173
pottedplant 0.0059 61 141 91 182
pottedplant 0.0057 86 144 103 174
pottedplant 0.0057 111 149 138 168
pottedplant 0.0048 30 136 95 183
pottedplant 0.0045 157 152 193 198
pottedplant 0.0042 357 202 390 253
pottedplant 0.0041 361 208 372 224
pottedplant 0.0040 365 328 402 370
pottedplant 0.0034 63 336 74 347
pottedplant 0.0033 161 156 180 196
pottedplant 0.0032 171 157 191 197
pottedplant 0.0031 88 167 103 187
pottedplant 0.0031 362 205 384 225
pottedplant 0.0029 360 206 373 248
pottedplant 0.0028 51 356 78 387
pottedplant 0.0027 199 40 221 64
pottedplant 0.0027 57 383 73 392
pottedplant 0.0026 332 327 355 371
pottedplant 0.0026 79 147 97 186
pottedplant 0.0024 35 356 90 392
pottedplant 0.0024 55 361 72 383
pottedplant 0.0024 51 363 67 382
pottedplant 0.0022 370 354 396 368
pottedplant 0.0022 192 29 236 69
pottedplant 0.0021 365 363 382 371
pottedplant 0.0020 333 349 355 372
pottedplant 0.0019 374 215 398 255
pottedplant 0.0019 358 362 373 373
pottedplant 0.0019 387 353 399 369
pottedplant 0.0018 62 138 202 197
pottedplant 0.0017 45 336 55 347
pottedplant 0.0017 107 161 126 189
pottedplant 0.0016 364 353 382 370
pottedplant 0.0016 360 349 372 371
pottedplant 0.0016 337 362 355 374
pottedplant 0.0016 346 362 360 373
pottedplant 0.0015 369 327 397 355
pottedplant 0.0015 33 368 63 392
pottedplant 0.0015 57 141 79 176
pottedplant 0.0014 363 248 384 257
pottedplant 0.0014 47 382 69 392
pottedplant 0.0013 35 332 96 387
pottedplant 0.0013 31 377 81 398
pottedplant 0.0012 361 342 369 359
pottedplant 0.0012 357 299 375 322
pottedplant 0.0012 376 235 395 257
pottedplant 0.0012 314 242 335 254
pottedplant 0.0012 76 364 99 389
pottedplant 0.0011 208 41 229 62
pottedplant 0.0011 69 384 84 392
pottedplant 0.0011 50 365 101 391
pottedplant 0.0011 40 138 72 178
pottedplant 0.0010 146 177 161 195
pottedplant 0.0010 368 67 407 102
pottedplant 0.0010 49 337 58 347
pottedplant 0.0010 362 330 387 351
pottedplant 0.0010 363 318 387 346
pottedplant 0.0010 37 382 55 392
diningtable 0.0225 76 362 98 377
diningtable 0.0041 75 357 100 386
diningtable 0.0039 76 357 97 369
diningtable 0.0012 75 344 101 378
diningtable 0.0012 35 356 90 392
