person 0.8053 4 -5 477 379
person 0.0825 -10 176 309 368
person 0.0025 305 4 503 372
person 0.0022 431 5 500 364
person 0.0015 493 -9 500 87
person 0.0011 257 44 405 332
person 0.0010 483 -13 500 215
car 0.1024 7 -6 475 379
car 0.0047 307 3 502 373
car 0.0014 -1 -3 340 227
train 0.0020 4 -5 477 379
boat 0.0020 7 -6 475 379
cat 0.0017 -10 176 309 368
dog 0.9276 -1 180 321 370
dog 0.0022 100 227 396 370
chair 0.1163 305 4 503 372
chair 0.0181 -8 -9 453 383
chair 0.0123 410 -14 501 373
chair 0.0021 435 102 500 348
chair 0.0019 -5 162 304 359
chair 0.0018 331 302 502 371
chair 0.0016 480 8 500 347
sofa 0.0533 -8 -9 453 383
sofa 0.0104 305 4 503 372
sofa 0.0019 6 162 315 360
sofa 0.0018 410 -14 501 373
