person 0.6950 356 182 375 246
person 0.0287 164 35 297 476
person 0.0276 328 218 347 229
person 0.0163 355 177 374 215
person 0.0122 337 182 374 246
person 0.0093 322 217 351 233
person 0.0063 36 75 334 487
person 0.0043 313 207 354 245
person 0.0025 366 193 376 238
person 0.0022 154 228 221 338
person 0.0017 360 202 373 263
person 0.0016 59 178 69 194
person 0.0014 326 214 346 225
person 0.0010 267 188 285 227
person 0.0010 60 184 71 207
person 0.0010 321 195 369 238
car 0.0056 52 177 99 199
car 0.0043 41 164 95 204
car 0.0038 80 186 98 206
car 0.0030 79 177 98 200
car 0.0025 86 180 99 198
car 0.0020 0 93 165 306
car 0.0010 66 164 133 206
bottle 0.0089 292 167 306 191
bottle 0.0057 40 209 51 241
chair 0.0062 112 218 139 237
chair 0.0015 315 227 354 243
chair 0.0011 328 218 347 229
chair 0.0010 105 454 271 500
pottedplant 0.3272 22 3 183 333
pottedplant 0.2670 55 233 160 329
pottedplant 0.2351 3 238 75 310
pottedplant 0.2192 286 137 351 235
pottedplant 0.1778 55 21 305 475
pottedplant 0.1363 154 228 221 338
pottedplant 0.1056 0 244 40 310
pottedplant 0.0523 8 234 131 316
pottedplant 0.0440 1 238 35 256
pottedplant 0.0361 46 118 160 323
pottedplant 0.0265 162 79 306 482
pottedplant 0.0260 1 264 31 306
pottedplant 0.0215 -3 0 201 173
pottedplant 0.0212 299 139 354 195
pottedplant 0.0175 280 239 375 283
pottedplant 0.0154 68 160 229 345
pottedplant 0.0154 289 297 374 347
pottedplant 0.0153 1 236 18 257
pottedplant 0.0149 78 191 152 262
pottedplant 0.0147 5 0 186 57
pottedplant 0.0125 0 60 70 208
pottedplant 0.0124 2 235 72 260
pottedplant 0.0113 156 231 190 253
pottedplant 0.0112 0 134 49 196
pottedplant 0.0104 151 220 200 305
pottedplant 0.0103 30 271 69 311
pottedplant 0.0101 132 190 157 203
pottedplant 0.0089 40 208 51 240
pottedplant 0.0081 23 235 71 273
pottedplant 0.0080 0 239 21 267
pottedplant 0.0072 164 256 216 327
pottedplant 0.0070 336 240 373 281
pottedplant 0.0070 0 258 18 269
pottedplant 0.0068 355 177 374 214
pottedplant 0.0061 34 20 272 230
pottedplant 0.0060 280 245 374 331
pottedplant 0.0054 140 243 182 312
pottedplant 0.0054 45 188 69 206
pottedplant 0.0049 130 139 256 384
pottedplant 0.0046 39 233 77 257
pottedplant 0.0042 31 248 78 315
pottedplant 0.0041 5 253 30 274
pottedplant 0.0040 8 239 47 266
pottedplant 0.0038 80 186 98 206
pottedplant 0.0037 0 250 23 276
pottedplant 0.0037 0 116 68 309
pottedplant 0.0037 -2 -21 124 269
pottedplant 0.0036 46 199 71 212
pottedplant 0.0031 328 218 347 229
pottedplant 0.0030 7 195 159 292
pottedplant 0.0029 26 207 47 242
pottedplant 0.0028 -1 233 26 287
pottedplant 0.0026 30 241 63 266
pottedplant 0.0025 26 225 36 243
pottedplant 0.0025 16 228 103 263
pottedplant 0.0025 153 231 193 277
pottedplant 0.0024 320 172 336 202
pottedplant 0.0024 322 217 351 233
pottedplant 0.0024 -1 94 23 158
pottedplant 0.0023 28 193 138 254
pottedplant 0.0023 1 190 15 242
pottedplant 0.0023 130 235 158 255
pottedplant 0.0021 60 184 71 207
pottedplant 0.0021 79 207 191 317
pottedplant 0.0021 14 114 114 284
pottedplant 0.0021 -1 75 49 176
pottedplant 0.0020 0 0 44 29
pottedplant 0.0020 41 164 95 204
pottedplant 0.0020 1 151 45 245
pottedplant 0.0020 61 200 71 209
pottedplant 0.0019 317 145 351 228
pottedplant 0.0019 299 147 337 245
pottedplant 0.0019 170 235 195 254
pottedplant 0.0019 19 188 34 208
pottedplant 0.0018 0 5 79 164
pottedplant 0.0018 -7 192 85 295
pottedplant 0.0017 169 228 191 243
pottedplant 0.0017 55 181 74 209
pottedplant 0.0017 41 175 89 219
pottedplant 0.0017 26 206 45 227
pottedplant 0.0016 44 189 56 204
pottedplant 0.0016 0 232 5 257
pottedplant 0.0016 80 200 97 214
pottedplant 0.0016 38 203 85 241
pottedplant 0.0015 113 228 211 324
pottedplant 0.0015 335 171 373 245
pottedplant 0.0015 0 121 21 156
pottedplant 0.0015 1 221 11 251
pottedplant 0.0015 32 191 43 207
pottedplant 0.0015 281 278 337 324
pottedplant 0.0014 14 193 23 218
pottedplant 0.0014 49 199 117 247
pottedplant 0.0014 154 253 192 314
pottedplant 0.0013 0 0 16 31
pottedplant 0.0013 0 139 20 156
pottedplant 0.0013 27 82 135 243
pottedplant 0.0013 284 243 312 280
pottedplant 0.0013 -1 213 24 268
pottedplant 0.0012 131 217 193 267
pottedplant 0.0012 277 164 312 242
diningtable 0.0166 94 217 139 237
diningtable 0.0080 222 377 373 500
diningtable 0.0023 315 227 354 243
diningtable 0.0016 328 218 347 229
diningtable 0.0014 93 211 138 224
diningtable 0.0011 243 320 377 471
diningtable 0.0011 105 454 271 500
diningtable 0.0010 85 213 124 238
