person 0.4648 203 288 230 311
person 0.0819 347 254 354 266
person 0.0679 356 253 365 263
person 0.0185 177 286 237 314
person 0.0156 236 278 274 306
person 0.0121 377 253 383 261
person 0.0117 196 284 235 328
person 0.0101 367 245 373 254
person 0.0099 404 257 410 263
person 0.0083 137 238 269 335
person 0.0072 299 270 328 313
person 0.0065 46 252 59 268
person 0.0063 343 263 355 271
person 0.0062 303 276 323 299
person 0.0059 169 251 184 267
person 0.0059 346 246 352 253
person 0.0058 239 279 265 291
person 0.0054 48 250 75 268
person 0.0052 346 236 354 244
person 0.0050 358 234 365 243
person 0.0049 339 262 346 272
person 0.0049 338 255 346 263
person 0.0047 0 238 10 358
person 0.0046 141 258 402 368
person 0.0046 163 252 175 267
person 0.0044 356 248 365 255
person 0.0041 163 283 248 329
person 0.0038 77 252 104 284
person 0.0032 376 248 384 255
person 0.0031 67 264 76 272
person 0.0029 204 273 309 313
person 0.0029 365 253 373 259
person 0.0028 312 278 327 300
person 0.0028 128 263 146 294
person 0.0025 68 271 79 286
person 0.0024 107 248 115 255
person 0.0023 389 235 394 240
person 0.0022 399 257 404 264
person 0.0022 223 279 270 314
person 0.0022 365 235 373 246
person 0.0021 38 249 50 267
person 0.0020 264 48 268 54
person 0.0020 279 267 320 312
person 0.0020 310 283 330 311
person 0.0020 339 246 345 252
person 0.0019 231 277 263 295
person 0.0017 41 250 65 269
person 0.0015 280 298 292 313
person 0.0015 394 234 398 239
person 0.0015 232 274 262 288
person 0.0015 352 264 366 272
person 0.0015 89 253 113 284
person 0.0014 0 250 6 266
person 0.0014 235 282 289 313
person 0.0013 36 244 49 254
person 0.0013 168 295 226 317
person 0.0013 289 284 315 312
person 0.0012 52 261 73 271
person 0.0012 76 254 88 267
person 0.0012 320 228 381 272
person 0.0012 390 293 405 321
person 0.0012 65 252 77 268
person 0.0012 99 259 122 301
person 0.0011 115 266 139 296
person 0.0011 168 300 190 316
person 0.0011 0 291 7 360
person 0.0011 0 261 6 316
person 0.0011 339 237 346 245
person 0.0010 172 299 200 316
person 0.0010 278 285 293 313
person 0.0010 0 266 34 358
car 0.9845 131 257 385 373
car 0.9286 0 266 34 358
car 0.9198 133 233 273 321
car 0.7760 77 251 105 306
car 0.6800 87 254 124 302
car 0.5950 21 248 94 331
car 0.3084 111 263 132 298
car 0.2678 346 236 354 244
car 0.2180 117 271 137 298
car 0.1879 128 263 146 294
car 0.1871 358 234 365 243
car 0.1633 356 253 365 263
car 0.1446 365 235 373 246
car 0.1375 339 237 346 245
car 0.1248 347 254 354 266
car 0.1115 329 238 337 246
car 0.0966 422 234 432 242
car 0.0859 343 263 355 271
car 0.0724 404 257 410 263
car 0.0592 377 253 383 261
car 0.0543 338 255 346 263
car 0.0522 367 245 373 254
car 0.0502 328 227 335 234
car 0.0493 361 217 366 224
car 0.0475 111 249 144 272
car 0.0448 338 228 344 234
car 0.0445 294 255 304 262
car 0.0423 339 246 345 252
car 0.0418 330 243 338 252
car 0.0412 109 252 142 298
car 0.0404 140 281 158 317
car 0.0377 376 248 384 255
car 0.0367 347 230 354 235
car 0.0366 110 254 133 281
car 0.0364 339 217 346 225
car 0.0309 357 229 363 235
car 0.0303 36 244 49 254
car 0.0297 48 172 451 279
car 0.0278 432 248 439 254
car 0.0277 356 248 365 255
car 0.0268 100 266 121 304
car 0.0267 346 246 352 253
car 0.0248 0 263 11 355
car 0.0236 322 262 335 273
car 0.0219 315 205 419 270
car 0.0214 70 220 435 324
car 0.0212 404 280 436 319
car 0.0200 389 235 394 240
car 0.0193 80 245 99 253
car 0.0186 322 228 327 235
car 0.0184 394 234 398 239
car 0.0180 322 236 327 245
car 0.0172 344 217 356 225
car 0.0160 130 259 145 283
car 0.0159 2 234 39 271
car 0.0156 352 264 366 272
car 0.0152 374 239 384 246
car 0.0147 360 307 375 327
car 0.0147 407 236 412 241
car 0.0145 116 301 144 332
car 0.0135 197 282 232 315
car 0.0133 30 85 468 288
car 0.0123 366 227 373 232
car 0.0121 304 254 317 262
car 0.0119 117 247 136 256
car 0.0117 -11 226 281 320
car 0.0113 279 208 388 265
car 0.0112 431 235 438 242
car 0.0108 423 230 433 238
car 0.0107 365 253 373 259
car 0.0106 339 262 346 272
car 0.0102 73 256 95 316
car 0.0102 1 235 359 358
car 0.0099 394 231 399 237
car 0.0082 401 280 411 295
car 0.0081 442 244 447 250
car 0.0079 107 248 115 255
car 0.0076 4 242 40 335
car 0.0074 327 255 336 264
car 0.0073 408 281 429 297
car 0.0071 318 254 325 261
car 0.0070 368 218 374 225
car 0.0069 0 291 7 360
car 0.0068 142 235 268 279
car 0.0065 305 241 315 258
car 0.0062 383 247 390 255
car 0.0061 321 244 326 255
car 0.0060 100 257 121 283
car 0.0059 334 249 368 271
car 0.0059 0 250 6 266
car 0.0057 308 236 314 243
car 0.0056 340 250 360 270
car 0.0055 67 245 133 306
car 0.0055 94 248 106 254
car 0.0055 375 224 380 229
car 0.0053 0 293 19 357
car 0.0051 1 246 31 273
car 0.0051 406 230 412 237
car 0.0050 375 219 380 227
car 0.0047 389 231 394 236
motorbike 0.0486 356 253 365 263
motorbike 0.0265 347 254 354 266
motorbike 0.0195 343 263 355 271
motorbike 0.0065 377 253 383 261
motorbike 0.0050 141 291 155 321
motorbike 0.0040 367 245 373 254
motorbike 0.0037 404 257 410 263
motorbike 0.0037 358 234 365 243
motorbike 0.0030 346 236 354 244
motorbike 0.0029 352 264 366 272
motorbike 0.0025 389 235 394 240
motorbike 0.0024 394 234 398 239
motorbike 0.0020 117 271 137 299
motorbike 0.0019 132 287 148 329
motorbike 0.0019 356 248 365 255
motorbike 0.0018 376 248 384 255
motorbike 0.0016 338 255 346 263
motorbike 0.0015 375 219 380 227
motorbike 0.0014 346 246 352 253
motorbike 0.0014 365 253 373 259
motorbike 0.0013 365 235 373 246
motorbike 0.0011 334 249 368 271
motorbike 0.0010 116 301 144 332
motorbike 0.0010 339 246 345 252
aeroplane 0.0073 444 91 449 96
bus 0.0070 111 249 144 272
bus 0.0066 138 234 269 320
bus 0.0044 0 70 12 283
bus 0.0039 422 234 432 242
bus 0.0028 28 247 92 332
bus 0.0027 158 235 254 249
bus 0.0025 8 233 37 267
bus 0.0023 110 254 136 296
bus 0.0013 358 234 365 243
bus 0.0011 347 254 354 266
bus 0.0011 346 236 354 244
train 0.0011 0 70 12 283
boat 0.0015 343 263 355 271
boat 0.0014 356 253 365 263
boat 0.0010 347 254 354 266
bird 0.0894 444 91 449 96
bird 0.0138 264 48 268 54
bird 0.0081 281 49 288 53
bird 0.0047 258 26 263 31
bird 0.0042 264 50 268 57
bird 0.0036 183 167 190 172
bird 0.0032 256 26 260 32
bird 0.0031 301 52 306 58
bird 0.0026 254 47 259 53
sheep 0.0020 401 280 411 295
cow 0.0010 356 253 365 263
cow 0.0010 401 280 411 295
