person 0.9939 87 164 137 297
person 0.9899 27 167 73 289
person 0.8743 2 180 39 280
person 0.0095 1 181 31 245
person 0.0074 0 194 7 247
person 0.0067 0 191 6 211
person 0.0055 92 166 125 229
person 0.0051 100 164 120 186
person 0.0043 11 173 56 270
person 0.0039 0 229 7 250
person 0.0039 93 165 128 198
person 0.0038 0 217 6 247
person 0.0033 99 178 138 253
person 0.0028 83 231 95 254
person 0.0023 0 181 5 205
person 0.0018 86 171 119 273
person 0.0014 7 182 37 223
person 0.0013 84 225 132 289
person 0.0010 13 180 33 201
person 0.0010 0 183 8 221
bicycle 0.9023 100 246 140 327
bicycle 0.8878 40 236 65 313
bicycle 0.8176 13 235 38 303
bicycle 0.3185 84 231 95 254
bicycle 0.0483 75 235 93 260
bicycle 0.0397 52 250 70 305
bicycle 0.0370 27 229 74 315
bicycle 0.0300 0 229 7 250
bicycle 0.0291 23 250 39 304
bicycle 0.0290 88 232 135 308
bicycle 0.0269 78 228 101 284
bicycle 0.0267 43 233 60 287
bicycle 0.0204 3 179 39 296
bicycle 0.0174 31 231 58 307
bicycle 0.0168 7 233 27 301
bicycle 0.0145 8 215 37 287
bicycle 0.0143 84 230 116 292
bicycle 0.0111 37 253 52 305
bicycle 0.0107 3 230 50 313
bicycle 0.0094 31 171 73 305
bicycle 0.0086 39 214 66 287
bicycle 0.0075 14 231 34 271
bicycle 0.0075 117 265 140 327
bicycle 0.0067 73 239 106 299
bicycle 0.0062 26 229 38 272
bicycle 0.0051 109 244 131 295
bicycle 0.0047 0 233 7 263
bicycle 0.0043 101 243 120 295
bicycle 0.0039 105 286 138 326
bicycle 0.0037 5 230 24 272
bicycle 0.0030 13 210 92 313
bicycle 0.0025 38 237 51 282
bicycle 0.0025 17 227 32 253
bicycle 0.0025 49 230 76 293
bicycle 0.0024 0 217 6 247
bicycle 0.0021 45 252 73 319
bicycle 0.0021 52 243 143 339
bicycle 0.0020 63 277 73 298
bicycle 0.0019 4 228 23 252
bicycle 0.0017 108 256 132 317
bicycle 0.0017 119 261 137 298
bicycle 0.0014 63 260 74 297
bicycle 0.0012 52 239 69 282
bicycle 0.0012 123 285 139 326
bicycle 0.0012 102 265 118 309
bicycle 0.0011 44 280 61 313
bicycle 0.0011 43 224 60 256
bicycle 0.0010 11 255 23 300
bicycle 0.0010 73 240 94 272
bicycle 0.0010 57 240 81 298
car 0.0011 0 229 7 250
