person 0.9958 193 160 260 283
person 0.9867 193 51 223 121
person 0.0130 208 51 218 67
person 0.0086 224 52 230 66
person 0.0068 164 41 174 56
person 0.0062 190 44 202 54
person 0.0053 206 51 221 85
person 0.0043 203 52 216 66
person 0.0039 67 78 75 90
person 0.0037 204 43 212 52
person 0.0026 162 22 177 56
person 0.0023 149 39 165 56
person 0.0016 67 68 79 88
person 0.0015 242 47 247 68
person 0.0015 147 40 156 55
person 0.0015 171 43 178 53
person 0.0013 223 43 231 54
person 0.0012 210 43 219 53
person 0.0012 200 55 215 79
person 0.0011 199 62 217 92
person 0.0011 241 62 246 68
person 0.0010 186 43 193 54
