person 0.9614 198 33 234 61
person 0.9389 19 37 47 92
person 0.9324 128 30 165 62
person 0.9212 261 0 293 81
person 0.9172 45 42 82 95
person 0.4769 145 74 216 118
person 0.3736 0 43 12 76
person 0.3498 139 75 180 120
person 0.2565 1 42 21 78
person 0.2371 173 76 218 114
person 0.1453 445 99 481 145
person 0.1013 98 49 127 68
person 0.0722 2 12 498 119
person 0.0703 90 41 128 73
person 0.0602 100 56 122 71
person 0.0547 96 37 120 59
person 0.0436 0 41 9 59
person 0.0415 317 10 396 69
person 0.0333 6 43 16 56
person 0.0305 231 28 254 66
person 0.0303 109 69 220 128
person 0.0288 66 43 80 68
person 0.0236 0 50 10 98
person 0.0227 340 13 372 66
person 0.0178 -7 17 507 281
person 0.0177 13 39 84 96
person 0.0169 197 32 235 91
person 0.0169 13 37 37 81
person 0.0164 8 58 54 103
person 0.0155 93 41 113 70
person 0.0141 281 0 471 80
person 0.0132 0 43 21 109
person 0.0131 -4 37 341 109
person 0.0126 82 29 135 71
person 0.0114 78 55 91 81
person 0.0107 429 102 481 162
person 0.0102 0 35 11 65
person 0.0101 229 38 246 59
person 0.0093 117 44 173 116
person 0.0087 324 97 420 150
person 0.0085 147 68 250 126
person 0.0083 268 106 320 137
person 0.0079 -3 29 59 102
person 0.0079 166 56 231 117
person 0.0072 193 51 236 111
person 0.0066 114 40 129 59
person 0.0065 22 38 31 58
person 0.0062 121 40 131 55
person 0.0058 49 37 125 87
person 0.0056 184 77 211 97
person 0.0050 377 94 492 154
person 0.0049 278 52 464 169
person 0.0046 120 87 159 123
person 0.0044 48 54 286 165
person 0.0043 442 114 475 153
person 0.0043 87 53 241 118
person 0.0040 187 68 222 108
person 0.0039 70 28 251 63
person 0.0039 80 55 122 78
person 0.0037 77 42 102 75
person 0.0036 3 39 21 61
person 0.0036 72 53 94 84
person 0.0036 0 10 20 83
person 0.0034 448 123 481 145
person 0.0033 17 51 28 82
person 0.0033 353 110 432 161
person 0.0033 1 59 23 89
person 0.0032 418 45 431 63
person 0.0029 54 41 70 58
person 0.0029 0 14 6 62
person 0.0029 60 45 82 87
person 0.0029 157 43 502 174
person 0.0028 217 26 264 67
person 0.0028 29 56 54 97
person 0.0027 108 38 131 63
person 0.0027 29 39 54 76
person 0.0026 94 77 158 123
person 0.0026 37 42 51 72
person 0.0026 87 34 97 60
person 0.0024 20 37 44 62
person 0.0023 203 5 320 78
person 0.0023 15 64 30 86
person 0.0023 109 39 179 80
person 0.0022 38 40 50 59
person 0.0022 340 90 377 124
person 0.0022 388 81 495 195
person 0.0022 123 43 160 68
person 0.0022 382 27 395 49
person 0.0021 144 69 190 108
person 0.0021 38 62 51 91
person 0.0020 492 67 500 86
person 0.0020 227 44 244 65
person 0.0019 264 10 286 63
person 0.0019 173 35 201 60
person 0.0019 71 44 90 73
person 0.0019 123 47 134 64
person 0.0019 403 43 450 67
person 0.0018 315 60 499 218
person 0.0018 260 0 290 39
person 0.0018 82 38 160 77
bicycle 0.0045 48 76 74 98
bicycle 0.0024 39 73 67 103
bicycle 0.0021 69 67 91 85
bicycle 0.0017 68 70 81 85
bicycle 0.0016 45 45 81 101
bicycle 0.0016 8 58 54 103
bicycle 0.0014 17 73 50 101
bicycle 0.0013 41 85 64 105
bicycle 0.0011 0 46 11 83
car 0.9759 -4 56 288 240
car 0.9645 6 58 498 374
car 0.0973 8 58 54 103
car 0.0662 0 59 93 143
car 0.0368 97 47 127 69
car 0.0362 0 70 63 124
car 0.0270 17 71 50 102
car 0.0227 0 41 96 258
car 0.0212 335 0 500 87
car 0.0143 18 37 48 93
car 0.0142 86 39 119 72
car 0.0140 5 52 86 105
car 0.0117 0 40 57 168
car 0.0107 44 45 81 102
car 0.0104 92 39 193 82
car 0.0099 97 40 138 75
car 0.0094 125 29 166 63
car 0.0092 367 28 500 130
car 0.0088 87 62 208 139
car 0.0087 99 55 125 73
car 0.0063 104 44 185 118
car 0.0061 34 36 137 87
car 0.0061 0 43 21 109
car 0.0056 76 53 127 81
car 0.0051 142 71 219 121
car 0.0051 0 46 11 83
car 0.0049 0 61 20 176
car 0.0048 78 54 100 81
car 0.0047 1 47 22 81
car 0.0046 48 54 286 165
car 0.0045 121 40 131 55
car 0.0045 29 23 223 97
car 0.0042 138 75 181 120
car 0.0041 378 60 494 157
car 0.0039 -3 47 202 161
car 0.0037 0 87 24 264
car 0.0037 52 40 272 87
car 0.0033 396 51 500 110
car 0.0030 121 43 162 68
car 0.0029 0 64 8 106
car 0.0028 0 71 30 101
car 0.0026 60 26 187 70
car 0.0023 112 45 144 66
car 0.0020 432 52 500 139
car 0.0020 295 7 497 151
car 0.0019 96 36 122 64
car 0.0018 435 61 501 103
car 0.0018 -4 37 341 109
car 0.0017 315 60 499 218
car 0.0017 481 67 500 135
car 0.0016 77 40 103 75
car 0.0016 24 51 182 102
car 0.0016 0 41 9 59
car 0.0016 4 2 498 87
car 0.0015 119 39 136 59
car 0.0015 1 59 23 89
car 0.0014 0 24 505 188
car 0.0014 63 42 82 72
car 0.0014 8 81 75 109
car 0.0014 82 29 135 71
car 0.0013 29 56 54 97
car 0.0013 38 72 69 103
car 0.0013 317 10 396 69
car 0.0013 123 47 134 64
car 0.0012 0 24 29 214
car 0.0012 69 66 92 86
car 0.0011 0 56 13 114
car 0.0011 445 99 482 146
car 0.0011 490 75 500 135
car 0.0011 63 37 100 79
car 0.0010 108 38 131 63
car 0.0010 133 48 161 61
car 0.0010 0 72 56 293
car 0.0010 0 73 10 139
car 0.0010 15 64 30 86
car 0.0010 377 51 498 84
car 0.0010 121 34 174 99
motorbike 0.0959 45 47 81 100
motorbike 0.0323 46 75 75 100
motorbike 0.0295 11 53 81 105
motorbike 0.0184 68 70 81 85
motorbike 0.0166 69 66 92 86
motorbike 0.0159 0 63 86 134
motorbike 0.0112 39 73 67 103
motorbike 0.0102 62 63 83 90
motorbike 0.0082 19 69 64 103
motorbike 0.0080 38 53 134 101
motorbike 0.0076 41 85 64 105
motorbike 0.0073 78 55 91 81
motorbike 0.0048 18 46 50 102
motorbike 0.0043 72 53 94 84
motorbike 0.0036 4 77 79 113
motorbike 0.0033 -13 54 298 256
motorbike 0.0032 18 74 49 100
motorbike 0.0031 80 65 98 84
motorbike 0.0029 32 70 54 102
motorbike 0.0024 -2 40 107 111
motorbike 0.0022 50 58 75 92
motorbike 0.0021 0 46 11 83
motorbike 0.0020 0 38 21 88
motorbike 0.0018 74 62 104 86
motorbike 0.0018 49 37 125 87
motorbike 0.0017 100 56 122 71
motorbike 0.0013 14 68 153 129
motorbike 0.0012 31 86 57 105
motorbike 0.0011 90 41 128 73
motorbike 0.0011 38 62 51 91
motorbike 0.0010 0 36 502 366
bus 0.0304 316 0 503 86
bus 0.0217 4 2 498 87
bus 0.0118 248 1 500 137
bus 0.0028 316 22 500 182
bus 0.0015 1 38 502 365
train 0.0101 4 2 498 87
