person 0.9765 355 146 447 348
person 0.4455 471 154 500 232
person 0.1324 358 171 428 300
person 0.0664 484 134 500 230
person 0.0321 477 131 500 185
person 0.0160 468 130 500 296
person 0.0104 480 161 500 348
person 0.0097 487 175 500 245
person 0.0062 458 136 498 226
person 0.0041 490 150 500 193
person 0.0038 489 134 500 174
person 0.0036 231 132 325 288
person 0.0032 489 203 500 238
person 0.0031 491 214 500 283
person 0.0026 448 196 500 238
person 0.0023 488 223 500 334
person 0.0021 463 199 490 224
person 0.0018 446 159 499 267
person 0.0018 238 106 358 212
person 0.0017 470 198 499 226
person 0.0012 474 181 498 221
person 0.0012 271 154 476 347
person 0.0011 334 146 399 272
person 0.0010 443 209 500 258
bicycle 0.0242 476 130 499 178
bicycle 0.0065 488 132 500 175
bicycle 0.0021 490 124 500 165
bicycle 0.0017 473 133 500 227
motorbike 0.0026 477 131 500 185
boat 0.0011 270 271 334 300
bird 0.0013 290 169 300 177
dog 0.0040 471 154 500 232
dog 0.0016 490 207 500 235
dog 0.0016 477 131 500 185
horse 0.0010 304 134 326 168
bottle 0.0181 425 180 435 200
bottle 0.0058 482 264 500 329
bottle 0.0029 430 182 438 200
bottle 0.0028 420 171 435 197
bottle 0.0027 362 253 380 279
bottle 0.0025 408 171 424 191
bottle 0.0024 305 133 325 174
bottle 0.0024 248 126 259 138
bottle 0.0019 488 223 500 334
bottle 0.0019 490 207 500 235
bottle 0.0016 353 141 446 342
bottle 0.0010 288 137 298 168
bottle 0.0010 493 253 499 281
chair 0.9586 229 134 324 285
chair 0.9154 319 127 393 269
chair 0.4377 216 122 272 276
chair 0.2760 332 121 374 157
chair 0.2056 0 169 156 369
chair 0.1486 389 128 408 154
chair 0.1429 204 128 241 267
chair 0.0765 252 126 274 139
chair 0.0751 219 128 255 174
chair 0.0533 382 128 407 190
chair 0.0436 352 126 403 237
chair 0.0405 305 133 325 174
chair 0.0320 380 122 409 158
chair 0.0301 308 125 374 234
chair 0.0285 329 120 377 196
chair 0.0255 373 115 391 132
chair 0.0237 476 130 499 178
chair 0.0215 471 154 500 232
chair 0.0207 221 124 247 261
chair 0.0195 248 126 259 138
chair 0.0189 217 137 344 216
chair 0.0165 389 118 407 132
chair 0.0162 223 131 290 175
chair 0.0157 283 136 347 260
chair 0.0148 371 124 391 141
chair 0.0145 348 118 370 125
chair 0.0135 245 118 351 199
chair 0.0129 489 134 500 174
chair 0.0115 363 129 396 158
chair 0.0111 374 138 408 208
chair 0.0107 218 129 234 174
chair 0.0101 286 171 340 212
chair 0.0100 472 204 499 234
chair 0.0097 288 144 344 204
chair 0.0094 282 126 305 160
chair 0.0088 326 137 358 245
chair 0.0086 463 199 489 223
chair 0.0084 348 121 402 155
chair 0.0077 360 117 382 126
chair 0.0074 284 178 322 224
chair 0.0073 355 139 386 260
chair 0.0069 313 163 350 260
chair 0.0068 273 133 296 175
chair 0.0068 485 156 500 243
chair 0.0067 279 170 330 195
chair 0.0066 372 121 406 146
chair 0.0066 366 120 394 147
chair 0.0064 364 132 396 212
chair 0.0062 212 126 261 219
chair 0.0062 247 125 280 162
chair 0.0058 245 120 403 273
chair 0.0057 285 123 395 194
chair 0.0053 354 141 446 341
chair 0.0052 290 167 352 198
chair 0.0050 359 127 400 179
chair 0.0049 206 137 243 209
chair 0.0049 289 192 315 212
chair 0.0048 285 132 302 174
chair 0.0046 448 196 500 238
chair 0.0042 335 120 368 129
chair 0.0042 267 89 338 186
chair 0.0041 382 149 398 194
chair 0.0040 229 129 258 255
chair 0.0037 379 132 402 173
chair 0.0037 288 137 298 168
chair 0.0034 489 203 500 238
chair 0.0033 293 129 311 157
chair 0.0033 344 136 377 247
chair 0.0032 229 126 259 141
chair 0.0031 218 131 231 155
chair 0.0031 367 114 391 121
chair 0.0030 225 162 244 278
chair 0.0029 446 220 499 236
chair 0.0029 414 125 493 195
chair 0.0028 219 125 254 147
chair 0.0028 292 198 310 220
chair 0.0026 230 143 314 200
chair 0.0026 415 115 441 154
chair 0.0025 285 184 320 198
chair 0.0025 247 122 306 165
chair 0.0023 305 109 377 173
chair 0.0023 414 141 426 165
chair 0.0023 246 163 301 241
chair 0.0023 273 91 298 135
chair 0.0023 186 145 260 278
chair 0.0022 339 138 446 252
chair 0.0021 257 160 330 205
chair 0.0021 416 133 437 173
chair 0.0021 352 116 390 130
chair 0.0020 399 128 414 155
chair 0.0020 290 169 300 177
chair 0.0019 478 141 500 329
chair 0.0018 361 115 381 121
chair 0.0018 263 126 279 137
chair 0.0017 288 179 334 201
chair 0.0017 490 150 500 193
chair 0.0017 443 210 500 260
chair 0.0017 297 129 332 180
chair 0.0017 364 150 418 247
chair 0.0017 368 135 392 169
sofa 0.9120 -1 167 150 375
sofa 0.0040 471 154 500 232
sofa 0.0012 484 134 500 230
sofa 0.0011 238 106 358 212
sofa 0.0010 448 196 500 238
pottedplant 0.1907 285 70 336 175
pottedplant 0.0386 477 131 500 185
pottedplant 0.0292 475 122 499 225
pottedplant 0.0137 295 98 332 170
pottedplant 0.0120 376 116 399 132
pottedplant 0.0112 304 124 327 166
pottedplant 0.0098 418 80 433 113
pottedplant 0.0072 490 136 500 184
pottedplant 0.0049 250 66 375 208
pottedplant 0.0046 261 89 343 188
pottedplant 0.0045 389 118 407 132
pottedplant 0.0037 477 131 499 159
pottedplant 0.0030 368 114 394 133
pottedplant 0.0030 225 118 362 184
pottedplant 0.0029 489 120 500 170
pottedplant 0.0016 483 203 499 344
pottedplant 0.0013 367 114 391 121
pottedplant 0.0011 273 85 297 145
pottedplant 0.0011 477 151 497 193
pottedplant 0.0011 274 79 311 168
diningtable 0.8473 229 134 331 286
diningtable 0.1843 280 149 366 285
diningtable 0.1170 288 168 343 268
diningtable 0.0932 312 127 371 267
diningtable 0.0654 226 132 363 217
diningtable 0.0398 245 120 403 273
diningtable 0.0230 440 221 495 234
diningtable 0.0153 284 169 340 197
diningtable 0.0149 288 144 344 204
diningtable 0.0146 290 163 349 220
diningtable 0.0140 215 132 292 192
diningtable 0.0120 238 107 401 195
diningtable 0.0109 305 133 325 174
diningtable 0.0099 297 129 332 180
diningtable 0.0094 334 146 399 272
diningtable 0.0071 443 209 500 258
diningtable 0.0061 354 141 446 341
diningtable 0.0047 222 131 266 210
diningtable 0.0046 221 124 247 261
diningtable 0.0043 448 196 500 238
diningtable 0.0042 221 135 263 284
diningtable 0.0040 238 131 290 176
diningtable 0.0039 398 207 494 320
diningtable 0.0039 475 122 499 225
diningtable 0.0037 286 175 337 190
diningtable 0.0036 301 156 337 186
diningtable 0.0035 389 125 408 146
diningtable 0.0035 476 131 500 176
diningtable 0.0034 230 143 314 200
diningtable 0.0032 450 159 500 282
diningtable 0.0031 446 197 499 327
diningtable 0.0031 394 241 501 364
diningtable 0.0030 204 154 238 271
diningtable 0.0028 282 176 325 206
diningtable 0.0027 389 118 407 132
diningtable 0.0026 331 121 375 158
diningtable 0.0026 300 123 381 193
diningtable 0.0025 296 150 365 193
diningtable 0.0023 489 134 500 174
diningtable 0.0023 291 141 443 290
diningtable 0.0021 376 116 399 132
diningtable 0.0020 261 89 343 188
diningtable 0.0020 315 186 352 272
diningtable 0.0019 371 124 391 141
diningtable 0.0017 285 184 320 198
diningtable 0.0017 367 114 391 121
diningtable 0.0016 372 121 406 146
diningtable 0.0016 473 166 500 256
diningtable 0.0015 366 120 394 147
diningtable 0.0014 414 125 493 195
diningtable 0.0014 247 125 280 162
diningtable 0.0013 368 114 394 133
diningtable 0.0013 314 147 350 236
diningtable 0.0013 480 161 500 348
diningtable 0.0013 340 116 399 153
diningtable 0.0013 490 150 500 193
diningtable 0.0012 362 127 396 159
diningtable 0.0012 472 204 499 234
diningtable 0.0012 373 129 407 154
diningtable 0.0011 414 118 492 160
diningtable 0.0011 257 160 330 205
diningtable 0.0011 287 181 319 221
diningtable 0.0010 398 296 498 370
diningtable 0.0010 331 123 373 200
diningtable 0.0010 406 277 491 338
tvmonitor 0.0012 308 33 410 122
