person 0.2359 182 111 210 142
person 0.0757 279 101 320 147
person 0.0641 31 169 42 191
person 0.0090 34 173 45 193
person 0.0071 487 172 500 249
person 0.0066 15 164 28 184
person 0.0056 174 105 202 127
person 0.0048 291 99 317 135
person 0.0047 0 181 4 202
person 0.0046 209 103 243 124
person 0.0041 238 105 277 143
person 0.0037 201 101 244 138
person 0.0037 168 111 209 152
person 0.0036 187 119 219 144
person 0.0035 16 172 28 189
person 0.0028 250 103 314 144
person 0.0024 290 113 319 150
person 0.0019 82 64 370 320
person 0.0017 212 100 267 143
person 0.0016 0 162 27 188
person 0.0015 0 168 10 192
person 0.0013 0 183 3 218
person 0.0013 264 125 285 145
person 0.0013 170 99 189 130
person 0.0012 34 167 45 183
person 0.0012 128 132 137 152
person 0.0011 345 112 358 151
person 0.0011 164 106 193 145
person 0.0011 489 211 500 248
person 0.0010 166 120 189 146
bicycle 0.0063 31 169 42 191
bicycle 0.0026 34 173 45 193
bicycle 0.0010 37 182 49 196
car 0.9546 109 66 362 328
car 0.7677 0 162 27 188
car 0.0568 31 169 42 191
car 0.0260 16 172 28 189
car 0.0175 0 168 10 192
car 0.0156 483 175 500 248
car 0.0122 15 164 28 184
car 0.0079 106 143 129 162
car 0.0066 446 155 499 243
car 0.0058 34 173 45 193
car 0.0043 9 168 34 191
car 0.0039 356 100 500 247
car 0.0031 0 181 4 202
car 0.0028 490 136 500 250
car 0.0020 475 151 500 246
car 0.0016 489 211 500 248
car 0.0015 1 162 25 171
car 0.0015 493 158 500 207
car 0.0012 496 145 500 163
car 0.0010 34 167 45 183
car 0.0010 1 161 45 193
car 0.0010 0 160 11 172
car 0.0010 24 165 45 186
motorbike 0.0025 31 169 42 191
bus 0.0077 0 162 27 188
bus 0.0040 107 59 365 308
bus 0.0032 356 101 500 246
train 0.0016 357 91 499 240
cow 0.0010 82 64 370 320
