person 0.1118 202 405 396 461
person 0.0051 199 384 505 469
person 0.0027 452 162 499 199
person 0.0021 197 414 448 482
person 0.0018 132 98 346 147
person 0.0012 452 127 499 201
person 0.0012 452 154 499 254
boat 0.0019 452 163 499 195
bird 0.0109 452 163 499 197
bird 0.0101 157 157 243 273
bird 0.0029 127 99 354 145
bird 0.0022 119 156 211 182
bird 0.0020 -1 104 169 302
bird 0.0010 451 127 499 202
bird 0.0010 202 406 399 462
bird 0.0010 -1 99 134 195
cat 0.8893 154 159 244 270
cat 0.1342 -1 95 141 308
cat 0.0718 -1 99 134 195
cat 0.0220 -9 106 264 298
cat 0.0157 97 139 262 273
cat 0.0057 266 188 397 340
cat 0.0035 127 99 354 145
cat 0.0024 51 69 370 322
cat 0.0021 119 156 211 182
cat 0.0020 452 163 499 197
cat 0.0015 144 212 258 277
dog 0.9686 266 189 396 340
dog 0.1049 157 157 243 273
dog 0.0645 132 98 346 147
dog 0.0589 452 163 499 197
dog 0.0564 -1 95 141 308
dog 0.0234 -1 99 134 195
dog 0.0131 452 156 499 249
dog 0.0083 -9 106 264 298
dog 0.0074 452 127 499 201
dog 0.0053 202 406 399 462
dog 0.0048 405 12 499 86
dog 0.0047 230 123 427 368
dog 0.0041 97 139 262 273
dog 0.0039 452 143 499 341
dog 0.0029 60 86 453 382
dog 0.0025 123 102 371 178
dog 0.0010 451 43 499 202
sheep 0.0046 202 406 399 462
sheep 0.0018 -1 99 134 195
sheep 0.0012 -1 95 141 308
cow 0.0011 407 10 499 88
bottle 0.0079 202 405 396 461
pottedplant 0.0024 407 10 499 88
