person 0.9787 243 54 502 369
person 0.9598 2 36 292 368
person 0.0049 -11 79 517 357
person 0.0010 415 124 495 248
person 0.0010 -1 113 116 278
car 0.0041 0 16 504 285
car 0.0028 4 44 310 374
aeroplane 0.0027 0 29 506 353
bus 0.0042 0 29 506 353
train 0.0033 0 29 506 353
boat 0.0012 0 29 506 353
chair 0.0576 0 134 115 236
chair 0.0284 -1 139 121 369
chair 0.0115 221 229 306 295
chair 0.0088 141 227 376 301
chair 0.0067 4 44 310 374
chair 0.0053 0 22 116 264
chair 0.0024 250 73 500 350
chair 0.0020 413 142 499 199
chair 0.0018 -17 221 515 372
chair 0.0011 0 191 56 346
sofa 0.0362 141 227 376 301
sofa 0.0296 -9 151 516 383
sofa 0.0055 2 176 314 357
sofa 0.0040 218 229 308 295
sofa 0.0016 245 165 497 365
sofa 0.0015 -7 283 503 373
diningtable 0.0076 0 138 121 218
diningtable 0.0026 0 126 125 308
tvmonitor 0.0194 0 16 504 281
