person 0.9368 371 101 499 277
person 0.6766 0 32 93 201
person 0.6731 204 34 263 91
person 0.6224 148 85 352 333
person 0.4553 228 15 264 63
person 0.3828 59 72 140 161
person 0.3286 142 31 181 86
person 0.3250 165 13 205 76
person 0.2624 191 13 218 70
person 0.0931 109 25 168 100
person 0.0563 257 10 290 69
person 0.0369 135 16 215 97
person 0.0323 47 5 133 157
person 0.0279 7 54 175 201
person 0.0276 -1 8 101 339
person 0.0275 166 13 185 42
person 0.0245 196 13 213 43
person 0.0240 121 53 166 101
person 0.0220 135 11 160 57
person 0.0196 178 19 223 90
person 0.0189 166 14 192 57
person 0.0173 251 2 277 51
person 0.0126 234 27 286 89
person 0.0118 144 27 173 68
person 0.0111 0 72 61 198
person 0.0110 143 13 270 90
person 0.0100 492 128 500 215
person 0.0090 202 10 277 78
person 0.0085 484 112 500 278
person 0.0074 68 90 183 185
person 0.0073 61 80 104 194
person 0.0069 -1 113 189 297
person 0.0065 4 296 176 337
person 0.0060 -1 123 354 343
person 0.0059 187 17 251 70
person 0.0057 58 64 126 125
person 0.0056 139 34 191 111
person 0.0049 97 88 137 154
person 0.0048 0 -4 55 171
person 0.0048 107 49 152 105
person 0.0047 277 14 288 38
person 0.0047 0 28 5 199
person 0.0046 226 14 249 55
person 0.0046 -1 166 188 253
person 0.0045 61 13 205 157
person 0.0044 47 4 76 75
person 0.0042 275 12 289 61
person 0.0039 10 311 158 332
person 0.0036 248 55 281 91
person 0.0036 236 1 270 55
person 0.0031 0 0 50 83
person 0.0031 0 23 18 367
person 0.0030 230 9 256 46
person 0.0029 23 2 111 120
person 0.0028 0 34 19 198
person 0.0028 107 22 140 65
person 0.0027 136 69 164 98
person 0.0027 492 162 500 257
person 0.0026 0 232 129 331
person 0.0026 493 145 500 198
person 0.0025 256 44 290 87
person 0.0025 271 15 292 77
person 0.0025 494 84 499 201
person 0.0024 -8 30 272 295
person 0.0024 183 7 217 46
person 0.0023 145 17 169 56
person 0.0022 444 94 499 338
person 0.0022 0 70 15 242
person 0.0021 192 29 243 86
person 0.0020 474 112 500 350
person 0.0019 250 16 298 94
person 0.0019 157 27 176 64
person 0.0019 136 4 163 31
person 0.0018 255 51 276 81
person 0.0018 308 155 506 331
person 0.0016 275 1 289 35
person 0.0016 14 294 315 332
person 0.0015 260 0 286 35
person 0.0015 493 164 500 216
person 0.0014 254 21 277 69
person 0.0014 72 97 133 187
person 0.0013 52 30 448 316
person 0.0013 52 93 89 178
person 0.0013 241 0 269 35
person 0.0013 484 73 500 209
person 0.0012 118 16 160 77
person 0.0012 16 1 78 76
person 0.0011 152 14 186 59
person 0.0011 234 1 257 34
person 0.0011 148 44 170 85
person 0.0011 189 126 469 282
person 0.0011 -1 115 91 275
person 0.0011 132 7 151 49
person 0.0011 109 2 309 101
person 0.0010 226 33 246 58
person 0.0010 0 12 6 119
person 0.0010 197 29 214 78
person 0.0010 239 0 254 15
person 0.0010 0 1 27 120
chair 0.5860 312 253 500 332
chair 0.1416 468 261 500 330
chair 0.0230 320 218 386 327
chair 0.0193 339 276 378 330
chair 0.0193 322 216 383 275
chair 0.0144 380 267 496 340
chair 0.0143 305 297 368 329
chair 0.0118 305 306 353 326
chair 0.0103 485 259 500 334
chair 0.0095 450 261 499 348
chair 0.0054 0 212 195 330
chair 0.0049 305 257 402 331
chair 0.0032 372 221 388 274
chair 0.0031 17 303 153 332
chair 0.0031 305 271 372 325
chair 0.0023 492 162 500 257
chair 0.0021 227 321 285 332
chair 0.0019 372 243 385 272
chair 0.0019 370 205 497 302
chair 0.0016 350 231 386 323
chair 0.0013 494 170 500 229
chair 0.0011 487 292 500 336
chair 0.0010 477 159 500 343
chair 0.0010 492 222 500 334
chair 0.0010 373 256 384 275
sofa 0.0024 322 216 383 276
sofa 0.0017 0 211 196 331
pottedplant 0.0020 309 169 334 216
diningtable 0.0212 -1 166 188 253
diningtable 0.0183 0 193 179 230
diningtable 0.0147 311 198 399 226
diningtable 0.0098 0 212 195 330
diningtable 0.0080 338 201 379 216
diningtable 0.0069 326 104 499 292
diningtable 0.0058 314 203 397 294
diningtable 0.0052 1 187 161 212
diningtable 0.0044 294 160 438 251
diningtable 0.0041 126 149 152 172
diningtable 0.0039 317 212 386 227
diningtable 0.0036 -1 113 189 297
diningtable 0.0033 101 146 176 195
diningtable 0.0028 301 191 441 231
diningtable 0.0025 11 287 497 341
diningtable 0.0020 305 176 408 221
diningtable 0.0020 81 118 177 195
diningtable 0.0019 135 94 367 363
diningtable 0.0018 492 146 500 254
diningtable 0.0016 321 215 360 224
diningtable 0.0015 120 125 159 181
diningtable 0.0013 0 188 87 209
diningtable 0.0012 494 170 500 229
diningtable 0.0012 322 181 469 244
diningtable 0.0012 8 175 193 217
diningtable 0.0012 189 126 469 282
diningtable 0.0011 -9 225 357 328
diningtable 0.0011 370 205 497 302
diningtable 0.0011 312 253 500 332
diningtable 0.0010 -14 88 278 330
diningtable 0.0010 341 194 409 276
tvmonitor 0.0056 68 90 183 185
tvmonitor 0.0030 59 72 140 161
tvmonitor 0.0025 7 54 175 201
tvmonitor 0.0021 69 12 268 152
tvmonitor 0.0016 -11 10 349 250
tvmonitor 0.0013 143 13 270 90
tvmonitor 0.0012 -1 32 96 201
tvmonitor 0.0010 135 16 215 97
