person 0.9916 262 114 451 322
person 0.0319 80 213 102 289
person 0.0015 321 121 415 185
bottle 0.9612 81 212 103 288
bottle 0.5213 222 13 242 43
bottle 0.4644 163 2 189 42
bottle 0.2567 43 121 63 158
bottle 0.2465 250 221 278 288
bottle 0.1445 216 203 235 274
bottle 0.1298 241 2 270 43
bottle 0.1118 45 234 59 260
bottle 0.0846 231 212 262 280
bottle 0.0500 357 31 367 47
bottle 0.0442 54 237 68 262
bottle 0.0429 189 2 217 41
bottle 0.0389 35 234 60 281
bottle 0.0359 34 233 49 262
bottle 0.0357 182 222 207 260
bottle 0.0349 184 -1 195 42
bottle 0.0190 139 20 161 40
bottle 0.0189 27 1 392 311
bottle 0.0168 219 238 234 276
bottle 0.0163 238 118 448 317
bottle 0.0135 0 0 5 38
bottle 0.0114 315 143 324 174
bottle 0.0113 270 1 303 44
bottle 0.0095 56 223 85 271
bottle 0.0078 25 204 147 293
bottle 0.0069 265 256 277 277
bottle 0.0063 62 230 80 266
bottle 0.0062 236 209 268 251
bottle 0.0062 90 208 112 272
bottle 0.0056 261 216 282 281
bottle 0.0050 231 214 244 262
bottle 0.0050 35 230 47 251
bottle 0.0049 254 219 276 256
bottle 0.0046 33 231 40 263
bottle 0.0045 39 256 60 285
bottle 0.0045 31 222 74 257
bottle 0.0043 166 1 188 18
bottle 0.0042 188 219 204 234
bottle 0.0039 232 207 286 291
bottle 0.0037 46 119 62 131
bottle 0.0037 52 236 70 276
bottle 0.0035 400 144 418 183
bottle 0.0034 148 252 168 284
bottle 0.0033 204 200 231 274
bottle 0.0026 265 216 281 259
bottle 0.0025 52 226 70 253
bottle 0.0025 264 239 279 278
bottle 0.0023 267 215 280 227
bottle 0.0023 151 198 352 299
bottle 0.0022 220 256 234 276
bottle 0.0021 227 214 248 277
bottle 0.0020 413 113 448 190
bottle 0.0020 180 255 206 293
bottle 0.0020 453 41 484 65
bottle 0.0018 188 204 203 233
bottle 0.0017 233 238 256 276
bottle 0.0017 430 47 459 67
bottle 0.0016 2 6 352 174
bottle 0.0016 377 118 401 165
bottle 0.0015 23 9 66 38
bottle 0.0014 249 233 264 280
bottle 0.0014 71 9 114 39
bottle 0.0014 450 31 495 64
bottle 0.0014 217 5 254 46
bottle 0.0014 83 166 408 319
bottle 0.0013 41 214 100 264
bottle 0.0013 186 216 206 241
bottle 0.0013 207 266 222 292
bottle 0.0013 166 21 185 44
bottle 0.0013 243 222 264 272
bottle 0.0012 250 216 307 289
bottle 0.0011 243 1 265 11
bottle 0.0010 145 220 172 256
bottle 0.0010 321 115 403 169
chair 0.0106 11 303 90 329
chair 0.0049 9 202 134 294
chair 0.0010 78 213 104 289
pottedplant 0.0182 34 230 56 286
pottedplant 0.0045 34 233 49 261
pottedplant 0.0024 44 234 60 259
diningtable 0.0045 4 247 269 324
diningtable 0.0036 105 219 255 325
diningtable 0.0030 12 170 312 333
diningtable 0.0023 14 285 128 306
diningtable 0.0022 175 257 204 292
diningtable 0.0019 261 121 452 330
diningtable 0.0015 102 287 252 329
diningtable 0.0012 133 273 243 321
tvmonitor 0.0174 9 203 134 293
tvmonitor 0.0069 410 113 445 190
tvmonitor 0.0011 78 213 104 289
