person 0.9655 117 77 363 331
person 0.7272 410 139 498 330
person 0.0689 443 55 499 340
person 0.0482 139 137 307 290
person 0.0243 467 131 500 333
person 0.0086 405 248 498 329
person 0.0076 311 219 367 251
person 0.0049 437 191 500 345
person 0.0026 242 137 362 241
person 0.0025 451 76 492 237
person 0.0023 393 147 476 285
person 0.0022 426 166 485 293
person 0.0021 455 149 500 272
person 0.0020 467 30 501 286
person 0.0016 390 71 482 323
person 0.0014 492 136 500 301
cat 0.0013 423 188 447 217
bottle 0.8170 263 153 360 201
bottle 0.0220 188 187 254 248
bottle 0.0208 139 137 307 290
bottle 0.0150 262 151 305 167
bottle 0.0065 118 74 362 327
bottle 0.0045 250 152 316 192
bottle 0.0023 174 155 264 238
bottle 0.0020 238 149 286 199
bottle 0.0017 263 148 345 175
bottle 0.0016 242 137 362 241
bottle 0.0016 295 148 310 158
bottle 0.0015 124 166 152 190
bottle 0.0014 293 166 366 207
bottle 0.0014 198 183 251 220
bottle 0.0011 240 149 317 173
bottle 0.0011 211 144 311 206
chair 0.0455 406 166 498 328
chair 0.0038 469 166 500 332
chair 0.0026 438 196 499 341
chair 0.0022 476 247 500 334
chair 0.0013 405 248 498 329
sofa 0.1580 406 166 498 328
sofa 0.0074 441 107 500 321
sofa 0.0065 469 166 500 332
sofa 0.0041 443 201 501 339
sofa 0.0023 403 247 499 330
sofa 0.0018 476 247 500 334
