person 0.8750 234 131 329 267
person 0.0260 181 127 384 319
person 0.0053 255 133 329 212
person 0.0040 473 330 501 374
person 0.0034 267 182 362 270
person 0.0024 143 162 452 381
person 0.0014 142 126 333 271
car 0.0023 303 5 502 291
bird 0.0011 473 340 500 375
cat 0.0041 473 340 500 375
dog 0.0024 473 330 501 374
bottle 0.0041 473 340 500 375
bottle 0.0022 160 144 199 178
chair 0.0015 128 130 426 371
chair 0.0011 304 5 501 292
sofa 0.0113 302 0 504 153
sofa 0.0075 304 5 501 292
sofa 0.0013 118 40 529 347
sofa 0.0010 310 93 396 156
tvmonitor 0.0088 131 135 346 342
tvmonitor 0.0074 131 140 244 334
tvmonitor 0.0036 216 127 355 312
