person 0.9868 82 67 319 372
person 0.9426 210 127 414 372
person 0.5590 368 0 499 373
person 0.1723 230 0 497 379
person 0.0030 76 164 87 183
cat 0.0027 1 194 57 238
dog 0.0024 1 194 57 238
horse 0.0024 1 194 57 238
bottle 0.0380 53 210 88 274
bottle 0.0100 131 11 144 61
bottle 0.0069 65 28 76 64
bottle 0.0044 84 18 97 62
bottle 0.0043 11 42 33 68
bottle 0.0033 164 19 178 58
bottle 0.0030 56 212 86 248
bottle 0.0027 76 164 87 183
bottle 0.0025 45 207 62 238
bottle 0.0024 56 238 86 276
bottle 0.0021 35 30 71 65
bottle 0.0021 83 207 106 248
bottle 0.0016 112 0 127 61
bottle 0.0013 42 209 67 267
bottle 0.0013 54 84 72 110
bottle 0.0013 86 167 95 183
bottle 0.0011 30 5 76 68
bottle 0.0010 61 218 83 265
bottle 0.0010 41 134 62 194
chair 0.1188 1 194 57 238
chair 0.0193 10 219 51 258
chair 0.0153 0 191 98 243
chair 0.0063 40 202 66 264
chair 0.0061 -1 183 60 282
chair 0.0051 24 199 79 268
chair 0.0046 0 190 19 243
chair 0.0017 0 13 15 64
chair 0.0014 69 78 304 378
chair 0.0012 0 217 55 376
sofa 0.0115 1 194 57 238
sofa 0.0087 1 196 109 264
sofa 0.0028 10 219 51 258
sofa 0.0023 0 181 64 278
sofa 0.0012 24 199 79 268
sofa 0.0010 69 78 304 378
pottedplant 0.1489 26 0 82 64
pottedplant 0.0442 32 27 74 64
pottedplant 0.0075 146 0 166 57
pottedplant 0.0069 163 20 178 57
pottedplant 0.0051 53 210 88 274
pottedplant 0.0023 10 4 184 66
pottedplant 0.0017 136 2 160 58
pottedplant 0.0014 85 204 110 242
pottedplant 0.0013 62 22 79 61
pottedplant 0.0013 10 219 51 258
pottedplant 0.0012 150 20 167 57
pottedplant 0.0010 83 18 97 62
diningtable 0.0021 8 230 53 267
diningtable 0.0014 -1 206 98 377
