person 0.9598 110 31 516 362
person 0.9383 217 155 369 372
person 0.8773 0 3 71 370
person 0.0115 162 160 473 368
person 0.0081 492 151 500 272
person 0.0076 488 119 500 312
person 0.0046 282 96 504 335
person 0.0026 0 83 48 146
person 0.0022 472 93 499 263
person 0.0021 489 108 500 141
person 0.0017 430 88 500 262
person 0.0014 0 19 61 201
person 0.0012 3 103 56 171
person 0.0011 -1 49 131 382
bottle 0.0078 127 327 153 374
bottle 0.0062 486 204 500 304
bottle 0.0037 492 202 500 275
bottle 0.0033 0 83 48 146
bottle 0.0031 488 119 500 312
bottle 0.0021 355 353 401 374
bottle 0.0016 489 0 500 24
chair 0.8674 33 111 232 368
chair 0.1734 418 85 499 260
chair 0.0113 126 326 152 377
chair 0.0109 45 72 458 366
chair 0.0076 0 84 47 146
chair 0.0070 492 198 500 264
chair 0.0069 2 61 80 375
chair 0.0058 469 93 500 262
chair 0.0044 217 155 369 372
chair 0.0034 486 204 500 304
chair 0.0023 381 79 499 369
chair 0.0021 488 119 500 312
chair 0.0016 15 120 53 151
chair 0.0014 3 103 56 171
sofa 0.0018 94 56 502 369
sofa 0.0016 99 109 266 366
sofa 0.0011 2 61 80 375
pottedplant 0.0012 486 204 500 304
pottedplant 0.0012 488 119 500 312
diningtable 0.4352 352 247 502 372
diningtable 0.0067 379 203 480 348
diningtable 0.0052 380 82 499 368
diningtable 0.0035 33 79 227 366
diningtable 0.0026 430 88 500 262
diningtable 0.0025 87 227 494 374
diningtable 0.0021 356 347 505 379
diningtable 0.0020 353 313 502 380
diningtable 0.0018 94 56 502 369
diningtable 0.0015 217 155 369 372
diningtable 0.0014 281 180 505 370
diningtable 0.0012 396 227 464 324
diningtable 0.0011 64 300 513 370
tvmonitor 0.0212 431 87 499 263
tvmonitor 0.0087 472 93 499 263
tvmonitor 0.0017 492 198 500 264
tvmonitor 0.0011 0 84 47 146
tvmonitor 0.0011 488 119 500 312
