person 0.9986 256 202 288 317
person 0.9939 189 198 226 308
person 0.9835 288 200 323 297
person 0.9785 438 186 487 312
person 0.9767 337 207 363 271
person 0.1001 302 183 319 213
person 0.0954 276 180 291 221
person 0.0630 286 186 297 218
person 0.0615 335 209 352 266
person 0.0384 276 179 291 201
person 0.0248 187 205 204 291
person 0.0226 237 211 315 299
person 0.0181 297 206 325 273
person 0.0146 228 210 243 231
person 0.0138 489 226 500 309
person 0.0136 286 185 296 201
person 0.0115 237 218 253 239
person 0.0108 189 248 201 285
person 0.0106 482 212 500 300
person 0.0098 225 213 243 244
person 0.0096 237 209 251 231
person 0.0092 243 205 263 231
person 0.0073 221 206 249 255
person 0.0070 158 205 354 296
person 0.0070 284 209 296 252
person 0.0067 298 189 310 209
person 0.0066 271 187 336 295
person 0.0061 285 206 297 233
person 0.0054 216 207 239 232
person 0.0054 307 204 322 239
person 0.0052 304 194 321 225
person 0.0051 336 215 347 248
person 0.0047 414 190 425 224
person 0.0047 158 251 174 285
person 0.0046 193 206 222 274
person 0.0045 277 202 291 233
person 0.0043 207 203 226 256
person 0.0041 295 203 310 217
person 0.0039 341 215 361 247
person 0.0038 278 206 293 255
person 0.0038 246 207 488 287
person 0.0036 192 191 203 228
person 0.0034 327 198 335 218
person 0.0032 247 202 307 266
person 0.0031 244 214 260 244
person 0.0030 317 202 326 219
person 0.0030 281 194 306 237
person 0.0030 338 221 450 279
person 0.0029 343 212 372 265
person 0.0029 299 183 312 203
person 0.0029 491 187 500 230
person 0.0029 493 230 500 267
person 0.0027 489 181 500 278
person 0.0027 283 195 338 243
person 0.0026 175 216 202 280
person 0.0026 296 184 314 215
person 0.0026 15 178 474 319
person 0.0024 422 193 432 222
person 0.0024 186 182 203 220
person 0.0023 233 204 255 232
person 0.0022 190 214 203 265
person 0.0021 283 182 297 204
person 0.0021 223 147 263 196
person 0.0021 226 226 260 256
person 0.0020 325 185 338 217
person 0.0018 172 177 479 250
person 0.0016 280 179 302 222
person 0.0016 278 175 291 191
person 0.0016 213 206 238 256
person 0.0015 278 204 309 289
person 0.0013 313 209 325 233
person 0.0013 404 200 415 222
person 0.0012 242 205 264 255
person 0.0012 313 223 326 248
person 0.0012 139 183 157 221
person 0.0012 258 204 287 234
person 0.0011 227 199 249 224
person 0.0011 136 212 145 226
person 0.0011 482 169 500 262
person 0.0010 341 209 359 231
person 0.0010 491 214 500 244
person 0.0010 468 173 502 329
person 0.0010 337 210 348 229
person 0.0010 189 200 204 237
person 0.0010 98 224 105 235
person 0.0010 211 206 225 230
car 0.0063 288 202 323 280
car 0.0056 284 221 296 254
car 0.0012 489 226 500 309
bottle 0.0015 405 228 415 250
chair 0.0063 489 226 500 309
chair 0.0029 225 225 261 256
chair 0.0024 284 221 296 254
chair 0.0024 474 226 500 310
chair 0.0019 359 223 436 276
chair 0.0018 247 225 261 255
chair 0.0018 244 214 260 244
chair 0.0016 243 205 263 231
chair 0.0013 242 205 264 255
chair 0.0010 237 209 251 231
pottedplant 0.0174 139 184 197 232
pottedplant 0.0159 237 209 251 231
pottedplant 0.0147 232 199 251 223
pottedplant 0.0099 226 208 245 231
pottedplant 0.0084 233 204 255 232
pottedplant 0.0033 324 184 339 217
pottedplant 0.0032 173 193 202 282
pottedplant 0.0027 139 183 158 220
pottedplant 0.0026 243 205 263 231
pottedplant 0.0023 361 224 434 275
pottedplant 0.0020 172 183 202 233
pottedplant 0.0017 216 206 238 232
pottedplant 0.0014 211 197 270 234
pottedplant 0.0012 224 217 260 258
pottedplant 0.0011 327 198 335 218
pottedplant 0.0010 491 187 500 230
pottedplant 0.0010 324 183 339 198
pottedplant 0.0010 157 189 180 228
pottedplant 0.0010 143 189 170 228
diningtable 0.0255 -2 233 185 319
diningtable 0.0091 226 226 260 256
diningtable 0.0082 4 230 172 276
diningtable 0.0039 237 218 253 239
diningtable 0.0026 359 223 436 276
diningtable 0.0018 0 212 181 263
diningtable 0.0017 84 247 176 286
diningtable 0.0016 225 213 243 244
diningtable 0.0014 220 205 251 257
diningtable 0.0013 490 230 500 305
