person 0.0036 51 135 91 177
person 0.0032 492 165 500 200
person 0.0032 44 112 498 318
person 0.0024 409 175 425 185
person 0.0021 149 137 176 177
person 0.0019 349 158 377 186
person 0.0018 55 136 72 152
person 0.0017 58 150 84 175
person 0.0014 62 137 80 151
person 0.0014 51 136 74 173
person 0.0013 105 139 135 176
person 0.0010 233 148 254 173
car 0.9659 17 109 483 317
car 0.0169 395 162 445 179
car 0.0143 397 162 421 170
car 0.0102 397 164 422 177
car 0.0017 404 162 447 171
car 0.0013 393 159 426 173
car 0.0012 409 175 425 185
car 0.0011 493 162 500 189
aeroplane 0.0025 395 162 445 179
bus 0.0014 19 97 481 309
bus 0.0012 376 140 493 174
boat 0.0010 401 163 450 178
pottedplant 0.0088 492 165 500 200
pottedplant 0.0053 487 172 500 208
