bird 0.9689 79 273 157 333
bird 0.8586 239 125 288 196
bird 0.1521 468 59 500 257
bird 0.0697 175 17 229 97
bird 0.0384 239 191 267 214
bird 0.0299 465 59 501 142
bird 0.0191 18 0 97 86
bird 0.0138 479 95 500 289
bird 0.0135 139 164 270 225
bird 0.0113 487 87 500 235
bird 0.0098 185 22 226 69
bird 0.0054 264 5 332 308
bird 0.0044 486 54 500 173
bird 0.0041 13 2 100 159
bird 0.0039 458 49 498 193
bird 0.0035 137 51 361 282
bird 0.0031 238 174 276 217
bird 0.0030 392 6 500 257
bird 0.0029 252 2 394 332
bird 0.0028 235 97 310 221
bird 0.0027 25 -1 78 38
bird 0.0026 451 98 499 286
bird 0.0026 191 30 222 58
bird 0.0025 0 1 51 42
bird 0.0025 466 49 500 105
bird 0.0024 0 300 28 331
bird 0.0023 141 115 293 235
bird 0.0020 0 124 8 180
bird 0.0020 237 27 248 47
bird 0.0016 92 3 406 331
bird 0.0016 283 42 315 309
bird 0.0013 0 4 26 77
bird 0.0013 223 285 246 330
bird 0.0013 155 280 256 332
bird 0.0012 0 0 55 82
bird 0.0011 304 6 501 318
bird 0.0010 237 28 248 65
bird 0.0010 486 46 500 104
