person 0.9634 229 102 498 372
person 0.9506 152 205 333 374
person 0.6415 3 37 259 365
person 0.0294 -3 71 502 366
person 0.0030 55 181 383 367
person 0.0015 433 1 502 79
bird 0.0152 434 1 501 80
cat 0.0044 433 1 502 79
dog 0.0082 433 1 502 79
horse 0.0023 434 1 501 80
chair 0.3357 320 1 497 374
chair 0.1727 1 56 265 367
chair 0.1489 322 2 497 142
chair 0.0927 148 75 266 205
chair 0.0290 138 17 499 367
chair 0.0282 12 63 273 212
chair 0.0047 -1 87 55 366
chair 0.0021 433 12 500 148
chair 0.0017 32 65 458 235
chair 0.0015 436 6 499 374
chair 0.0012 -2 69 179 289
chair 0.0012 236 117 509 379
chair 0.0011 481 42 500 386
chair 0.0011 144 193 345 367
chair 0.0011 0 73 114 371
chair 0.0010 14 130 195 225
sofa 0.3425 -7 70 506 366
sofa 0.1078 1 57 262 366
sofa 0.0625 12 63 273 212
sofa 0.0312 148 75 266 205
sofa 0.0170 321 2 497 372
sofa 0.0112 32 65 458 235
sofa 0.0102 144 193 345 367
sofa 0.0061 -1 87 55 366
sofa 0.0016 225 107 501 385
sofa 0.0014 139 10 498 303
sofa 0.0011 444 23 499 403
sofa 0.0010 481 42 500 386
sofa 0.0010 -1 80 49 236
sofa 0.0010 0 74 112 370
diningtable 0.0013 436 229 501 373
