car 0.0013 361 176 383 185
bird 0.0034 153 44 159 51
bird 0.0027 171 45 177 51
bird 0.0018 164 43 176 52
bird 0.0017 157 45 175 57
horse 0.0012 361 176 383 185
sheep 0.0355 361 176 383 185
sheep 0.0029 394 167 402 172
cow 0.9752 90 91 326 255
cow 0.5157 0 102 95 216
cow 0.3827 60 118 110 161
cow 0.3794 361 176 383 185
cow 0.3023 447 170 485 187
cow 0.1997 0 97 35 220
cow 0.0677 445 174 470 188
cow 0.0644 22 113 113 164
cow 0.0472 64 116 143 163
cow 0.0442 48 115 143 195
cow 0.0337 476 173 489 185
cow 0.0235 74 115 179 203
cow 0.0224 476 167 497 176
cow 0.0121 0 82 61 198
cow 0.0116 489 166 500 175
cow 0.0114 453 167 481 180
cow 0.0105 430 167 446 176
cow 0.0104 88 126 109 158
cow 0.0101 394 167 402 172
cow 0.0089 432 165 458 176
cow 0.0074 444 177 455 187
cow 0.0065 -4 104 90 160
cow 0.0064 71 120 108 197
cow 0.0062 44 117 102 183
cow 0.0061 414 168 424 174
cow 0.0061 372 164 384 170
cow 0.0060 81 109 246 233
cow 0.0059 58 120 86 160
cow 0.0056 445 180 487 190
cow 0.0052 0 92 33 116
cow 0.0047 78 123 121 175
cow 0.0047 442 163 496 190
cow 0.0046 87 138 128 201
cow 0.0043 0 82 128 160
cow 0.0038 0 108 8 230
cow 0.0038 1 94 178 216
cow 0.0038 -1 81 34 156
cow 0.0037 0 140 26 241
cow 0.0033 487 173 500 185
cow 0.0031 448 165 462 178
cow 0.0029 421 168 434 175
cow 0.0024 472 169 496 187
cow 0.0021 402 167 415 173
cow 0.0021 440 166 498 213
cow 0.0019 361 159 497 190
cow 0.0019 471 164 500 179
cow 0.0018 0 106 52 274
cow 0.0017 -1 73 34 114
cow 0.0016 19 110 86 191
cow 0.0015 477 183 491 187
cow 0.0014 365 165 379 172
cow 0.0013 90 127 129 155
cow 0.0012 485 162 500 178
cow 0.0012 95 147 194 233
cow 0.0012 383 166 396 171
cow 0.0011 78 130 106 166
cow 0.0011 91 126 108 140
cow 0.0011 0 69 51 125
cow 0.0011 85 116 152 151
cow 0.0010 428 170 469 190
cow 0.0010 460 182 491 188
