person 0.0074 0 18 68 255
person 0.0073 0 -4 14 95
person 0.0072 0 49 17 268
person 0.0036 0 -3 8 55
person 0.0033 0 -9 16 170
person 0.0028 0 6 8 102
person 0.0022 0 130 9 210
person 0.0019 -1 123 13 257
person 0.0017 40 89 334 254
person 0.0015 0 147 21 279
person 0.0014 0 0 71 48
person 0.0012 -1 143 108 285
person 0.0011 -1 0 87 86
person 0.0011 0 174 65 260
bicycle 0.0297 1 48 101 286
bicycle 0.0101 0 188 107 278
bicycle 0.0032 0 85 68 249
bicycle 0.0013 28 86 344 255
motorbike 0.0012 0 108 104 288
bus 0.0013 -6 -1 496 245
bird 0.0015 0 181 107 281
bird 0.0013 40 89 334 254
cat 0.0072 32 88 341 254
dog 0.9626 57 88 357 254
dog 0.0010 -6 57 494 274
horse 0.0022 40 89 334 254
sheep 0.0102 40 89 334 254
cow 0.0067 40 89 334 254
bottle 0.0151 354 18 367 53
bottle 0.0133 226 -1 251 49
bottle 0.0086 271 2 294 71
bottle 0.0083 348 17 359 51
bottle 0.0078 247 0 275 56
bottle 0.0059 289 26 298 65
bottle 0.0042 322 38 340 73
bottle 0.0039 337 24 347 48
bottle 0.0036 294 21 326 100
bottle 0.0034 318 11 350 111
bottle 0.0033 297 37 324 74
bottle 0.0026 316 5 327 30
bottle 0.0026 280 0 319 82
bottle 0.0024 339 54 369 104
bottle 0.0024 364 20 375 51
bottle 0.0022 335 38 345 74
bottle 0.0020 204 0 238 40
bottle 0.0019 293 43 318 85
bottle 0.0019 344 7 361 49
bottle 0.0019 326 26 339 45
bottle 0.0018 334 18 347 39
bottle 0.0017 306 5 321 29
bottle 0.0017 335 4 372 114
bottle 0.0016 274 7 291 51
bottle 0.0016 295 30 315 64
bottle 0.0016 325 18 339 37
bottle 0.0016 313 42 326 66
bottle 0.0014 336 27 346 64
bottle 0.0014 260 -1 338 86
bottle 0.0013 280 -1 301 58
bottle 0.0012 0 -3 7 97
bottle 0.0010 345 32 371 99
chair 0.1120 1 48 101 285
chair 0.0781 0 85 68 249
chair 0.0123 -1 -19 67 208
chair 0.0089 0 181 107 281
chair 0.0029 51 75 347 252
chair 0.0028 0 161 66 271
chair 0.0022 1 2 208 266
chair 0.0017 0 2 14 111
chair 0.0017 0 6 8 102
chair 0.0014 0 -11 17 211
chair 0.0010 1 83 67 161
chair 0.0010 -3 3 253 101
chair 0.0010 0 86 18 265
sofa 0.0023 51 75 347 252
diningtable 0.0040 0 64 68 255
diningtable 0.0011 2 4 256 251
diningtable 0.0011 0 108 104 288
