person 0.9951 48 75 153 285
person 0.9869 136 147 215 396
person 0.7100 153 156 171 181
person 0.6670 1 147 24 256
person 0.2304 8 175 30 237
person 0.0325 11 184 29 212
person 0.0276 150 156 173 198
person 0.0247 190 149 208 185
person 0.0197 0 147 20 211
person 0.0192 137 154 151 178
person 0.0184 160 154 177 181
person 0.0181 168 151 179 166
person 0.0141 168 149 205 185
person 0.0132 13 185 32 226
person 0.0118 170 148 185 166
person 0.0117 149 175 171 196
person 0.0107 31 91 236 271
person 0.0068 75 140 170 383
person 0.0066 138 112 153 176
person 0.0063 70 139 271 219
person 0.0061 192 148 207 166
person 0.0054 141 156 159 179
person 0.0050 143 148 188 191
person 0.0049 83 149 258 273
person 0.0044 10 76 264 197
person 0.0042 54 149 99 280
person 0.0041 142 164 161 191
person 0.0038 163 165 175 185
person 0.0036 170 146 186 157
person 0.0036 181 147 215 188
person 0.0035 11 176 26 201
person 0.0033 157 153 169 169
person 0.0031 77 81 149 159
person 0.0030 0 166 14 228
person 0.0027 144 112 153 129
person 0.0025 18 183 29 196
person 0.0024 137 130 160 195
person 0.0020 5 159 25 197
person 0.0020 143 171 157 186
person 0.0020 144 177 159 194
person 0.0019 167 143 230 192
person 0.0018 131 149 229 208
person 0.0017 163 148 183 171
person 0.0016 120 133 217 230
person 0.0015 1 147 14 169
person 0.0013 135 151 200 251
person 0.0012 137 144 166 215
person 0.0012 128 111 160 178
person 0.0012 3 186 33 281
person 0.0011 143 112 154 144
person 0.0010 153 153 208 197
person 0.0010 111 94 151 184
person 0.0010 193 145 206 159
car 0.0056 144 177 159 194
car 0.0024 143 171 157 186
horse 0.9752 67 135 154 389
horse 0.0289 129 147 216 385
horse 0.0045 5 179 31 269
horse 0.0044 44 102 165 307
horse 0.0036 53 138 240 388
horse 0.0029 190 149 208 185
horse 0.0021 113 158 177 323
horse 0.0020 168 149 205 185
horse 0.0016 0 163 17 267
horse 0.0011 0 147 27 257
horse 0.0010 10 186 29 227
chair 0.0046 144 177 159 194
chair 0.0017 143 171 157 186
chair 0.0013 149 175 171 196
pottedplant 0.0621 211 241 247 282
diningtable 0.0026 143 171 157 186
diningtable 0.0012 144 177 159 194
