person 0.4539 484 196 500 270
person 0.1420 205 143 226 213
person 0.1310 259 177 271 222
person 0.0425 383 179 414 251
person 0.0416 488 167 500 253
person 0.0260 486 123 500 268
person 0.0162 384 213 413 248
person 0.0160 0 178 5 197
person 0.0122 470 177 500 263
person 0.0105 485 221 500 290
person 0.0071 0 170 6 194
person 0.0069 258 174 290 225
person 0.0048 460 196 494 262
person 0.0046 17 171 25 192
person 0.0041 484 202 499 334
person 0.0039 275 174 291 227
person 0.0031 208 142 222 182
person 0.0027 492 112 500 249
person 0.0025 475 114 500 273
person 0.0022 300 187 322 231
person 0.0021 290 135 316 228
person 0.0019 241 176 272 222
person 0.0018 171 143 180 202
person 0.0018 208 181 221 215
person 0.0017 492 161 500 220
person 0.0016 298 140 308 164
person 0.0016 0 142 5 315
person 0.0016 9 170 22 192
person 0.0014 477 194 496 245
person 0.0014 274 172 313 230
person 0.0014 460 200 474 259
person 0.0013 387 201 412 238
person 0.0013 478 111 500 170
person 0.0013 18 182 24 192
person 0.0013 202 146 218 213
person 0.0011 293 186 313 231
person 0.0011 17 160 26 182
person 0.0010 0 174 3 224
person 0.0010 475 214 500 280
train 0.9873 35 -4 487 339
train 0.0020 0 151 24 198
train 0.0014 0 178 5 197
train 0.0012 0 170 6 194
chair 0.0018 484 196 500 270
chair 0.0017 383 212 414 250
