person 0.4130 266 125 283 142
person 0.2430 225 124 245 141
person 0.1878 275 125 291 143
person 0.0521 219 122 237 143
person 0.0381 232 124 255 141
person 0.0258 246 125 261 141
person 0.0130 258 125 274 142
person 0.0104 281 124 299 144
person 0.0028 211 121 224 144
person 0.0027 189 112 306 203
person 0.0023 263 128 286 148
person 0.0020 259 117 297 150
person 0.0018 219 118 262 150
car 0.8884 199 114 310 204
car 0.0035 299 127 311 136
bus 0.0018 199 114 310 204
pottedplant 0.0060 -1 126 64 200
