person 0.9931 224 33 319 261
person 0.9633 166 27 238 252
person 0.4371 352 129 375 168
person 0.2317 336 138 373 195
person 0.0137 340 142 370 171
person 0.0058 347 128 369 156
person 0.0054 367 135 375 163
person 0.0048 336 140 355 161
person 0.0043 367 131 375 150
person 0.0026 358 143 375 190
person 0.0021 332 137 364 178
person 0.0021 368 139 374 178
person 0.0015 64 112 177 393
person 0.0015 360 122 373 141
person 0.0014 366 131 376 186
person 0.0011 182 28 281 260
bird 0.9776 64 112 177 393
bird 0.0038 317 191 322 198
dog 0.0024 336 139 374 197
dog 0.0012 64 112 177 393
sheep 0.0013 64 112 177 393
chair 0.1969 336 139 374 197
chair 0.0102 340 142 370 171
chair 0.0070 343 151 368 184
chair 0.0023 335 145 357 166
chair 0.0018 353 130 375 184
chair 0.0017 333 138 363 177
chair 0.0012 337 143 352 159
