person 0.0099 56 243 65 252
bicycle 0.5677 256 233 285 260
bicycle 0.0217 276 228 287 255
bicycle 0.0156 251 236 264 259
bicycle 0.0109 295 233 304 253
bicycle 0.0055 271 234 291 259
bicycle 0.0047 243 234 270 260
bicycle 0.0036 283 230 303 256
bicycle 0.0028 253 233 262 253
bicycle 0.0017 294 234 308 262
car 0.0018 -1 226 15 249
bus 0.0015 -1 222 16 243
bird 0.0030 56 243 65 252
bird 0.0030 278 276 303 301
chair 0.0053 295 235 304 259
pottedplant 0.1741 93 260 130 301
pottedplant 0.0414 109 259 148 299
pottedplant 0.0134 331 287 350 303
pottedplant 0.0069 145 274 165 285
pottedplant 0.0057 36 269 99 310
pottedplant 0.0041 177 276 258 311
pottedplant 0.0028 118 258 146 284
pottedplant 0.0022 129 279 145 296
pottedplant 0.0021 0 263 97 313
pottedplant 0.0020 144 276 171 295
pottedplant 0.0020 38 283 89 313
pottedplant 0.0018 56 243 65 252
pottedplant 0.0018 134 255 147 264
pottedplant 0.0016 78 325 175 376
pottedplant 0.0014 9 311 168 369
pottedplant 0.0014 139 271 163 290
pottedplant 0.0013 89 262 115 298
pottedplant 0.0012 34 256 140 304
pottedplant 0.0011 176 284 202 310
pottedplant 0.0010 73 268 108 303
pottedplant 0.0010 96 262 126 280
