person 0.9969 148 178 213 358
person 0.9748 205 183 264 364
person 0.9579 246 194 299 366
person 0.0260 5 195 11 202
person 0.0240 8 195 13 201
person 0.0101 297 236 303 246
person 0.0061 2 191 10 198
person 0.0025 222 254 246 321
person 0.0022 252 226 291 279
person 0.0015 0 174 5 193
person 0.0014 283 219 300 298
person 0.0014 209 201 264 270
person 0.0012 284 226 301 250
person 0.0012 0 232 6 364
person 0.0011 81 185 97 197
person 0.0010 111 176 380 280
person 0.0010 0 231 17 357
car 0.0034 64 190 75 196
car 0.0014 81 185 97 197
car 0.0011 359 187 378 198
boat 0.1824 52 191 73 196
boat 0.1551 81 185 97 197
boat 0.1459 5 195 11 202
boat 0.0856 64 190 75 196
boat 0.0750 359 187 378 198
boat 0.0482 2 191 10 198
boat 0.0467 8 195 13 201
boat 0.0245 95 191 108 196
boat 0.0212 45 190 63 196
boat 0.0201 75 182 95 197
boat 0.0195 358 185 398 198
boat 0.0192 165 189 171 197
boat 0.0123 486 196 500 201
boat 0.0115 381 188 397 199
boat 0.0095 48 187 74 196
boat 0.0091 0 174 5 193
boat 0.0061 439 196 455 201
boat 0.0058 6 192 18 198
boat 0.0052 80 178 97 193
boat 0.0051 486 190 500 199
boat 0.0051 99 190 118 196
boat 0.0045 480 197 496 201
boat 0.0042 9 189 37 196
boat 0.0040 198 183 259 363
boat 0.0039 34 189 53 196
boat 0.0033 117 187 139 195
boat 0.0031 439 192 455 199
boat 0.0029 412 197 426 201
boat 0.0024 0 152 3 195
boat 0.0024 202 224 301 366
boat 0.0023 295 244 504 296
boat 0.0020 152 189 169 197
boat 0.0020 247 206 298 365
boat 0.0018 -3 184 68 198
boat 0.0018 32 186 76 197
boat 0.0018 411 186 444 198
boat 0.0018 -7 163 500 223
boat 0.0016 17 188 47 196
boat 0.0016 91 185 149 196
boat 0.0015 48 173 74 196
boat 0.0015 348 187 376 199
boat 0.0014 477 191 498 199
boat 0.0014 417 197 436 201
boat 0.0014 380 195 397 200
boat 0.0013 428 197 446 201
boat 0.0013 0 151 3 175
boat 0.0013 105 185 174 197
boat 0.0012 22 182 230 206
boat 0.0012 157 244 273 362
boat 0.0011 52 196 71 199
boat 0.0011 152 239 506 364
boat 0.0011 426 189 448 198
boat 0.0010 52 184 90 196
boat 0.0010 386 189 409 199
boat 0.0010 82 196 96 200
bird 0.0032 5 195 11 202
bird 0.0016 126 343 136 349
dog 0.0042 222 260 246 300
dog 0.0019 207 186 262 359
bottle 0.0711 222 260 246 300
bottle 0.0327 201 241 211 257
bottle 0.0118 200 240 211 279
bottle 0.0071 200 232 210 246
bottle 0.0067 199 235 213 263
bottle 0.0031 156 232 165 249
bottle 0.0023 188 242 208 253
bottle 0.0023 207 236 218 258
bottle 0.0021 187 231 209 248
bottle 0.0011 197 229 213 253
chair 0.0052 0 282 82 374
pottedplant 0.0013 207 186 262 359
pottedplant 0.0011 222 254 246 321
