person 0.0077 359 226 464 277
person 0.0072 161 112 174 127
person 0.0035 383 155 389 165
person 0.0021 402 234 432 256
person 0.0016 396 234 461 263
person 0.0013 334 219 403 270
bicycle 0.0012 339 217 461 276
motorbike 0.0255 332 218 465 276
motorbike 0.0017 394 234 463 277
aeroplane 0.9434 44 38 308 189
aeroplane 0.0174 339 217 461 276
aeroplane 0.0015 46 124 206 187
boat 0.0340 333 219 463 276
boat 0.0133 394 234 463 277
boat 0.0033 46 25 309 185
boat 0.0025 400 242 501 302
boat 0.0014 334 220 404 270
boat 0.0013 365 233 465 297
boat 0.0011 419 236 476 274
bird 0.0584 392 235 464 281
bird 0.0358 333 219 463 276
bird 0.0174 402 234 432 256
bird 0.0098 333 220 403 270
bird 0.0065 364 230 452 267
bird 0.0012 380 205 403 212
bird 0.0011 398 254 497 300
bird 0.0011 275 266 326 287
dog 0.0133 333 219 463 276
dog 0.0109 393 235 463 280
dog 0.0106 334 220 404 270
dog 0.0032 402 234 432 256
dog 0.0019 364 230 452 267
horse 0.0144 332 218 465 276
horse 0.0041 334 219 403 270
horse 0.0020 393 235 463 280
sheep 0.0168 332 219 392 270
sheep 0.0065 332 218 465 276
sheep 0.0010 392 235 464 281
cow 0.0274 333 219 463 276
cow 0.0159 334 220 404 270
cow 0.0028 402 234 432 256
cow 0.0018 395 234 462 263
cow 0.0018 373 234 465 279
chair 0.0100 339 217 461 276
chair 0.0011 394 234 463 277
chair 0.0011 402 234 432 256
