person 0.9508 412 67 498 195
person 0.9085 123 67 204 181
person 0.8636 351 63 430 194
person 0.5828 190 65 282 189
person 0.5301 7 61 109 198
person 0.5220 269 85 335 173
person 0.3375 7 61 76 137
person 0.2588 188 70 259 145
person 0.1323 270 83 357 217
person 0.0887 401 87 416 111
person 0.0637 117 71 184 145
person 0.0316 347 65 412 150
person 0.0312 416 64 477 153
person 0.0210 389 77 427 178
person 0.0180 397 88 422 143
person 0.0175 163 70 316 232
person 0.0078 0 82 5 114
person 0.0072 403 85 429 133
person 0.0062 493 131 500 239
person 0.0060 381 82 419 135
person 0.0057 150 69 203 148
person 0.0054 124 90 212 250
person 0.0051 391 85 410 109
person 0.0051 213 77 257 137
person 0.0046 15 72 149 246
person 0.0041 494 156 499 194
person 0.0039 357 79 441 272
person 0.0034 225 63 422 197
person 0.0032 203 96 273 246
person 0.0031 0 87 8 127
person 0.0029 388 80 413 116
person 0.0028 146 73 258 184
person 0.0027 372 90 424 218
person 0.0026 391 81 404 100
person 0.0025 428 101 500 290
person 0.0024 6 91 102 300
person 0.0023 91 22 406 224
person 0.0023 351 73 390 178
person 0.0021 484 113 500 269
person 0.0020 407 68 446 186
person 0.0019 24 77 100 158
person 0.0019 39 81 124 216
person 0.0019 7 64 40 131
person 0.0018 42 81 81 134
person 0.0017 425 106 490 184
person 0.0017 0 56 21 135
person 0.0017 377 63 445 170
person 0.0016 394 70 425 128
person 0.0016 401 90 434 200
person 0.0015 298 75 454 252
person 0.0015 220 76 268 160
person 0.0014 452 68 498 186
person 0.0013 56 76 230 238
person 0.0013 388 95 411 137
person 0.0013 494 131 499 183
person 0.0013 297 95 344 175
person 0.0012 120 81 159 151
person 0.0012 264 106 339 283
person 0.0012 0 56 7 123
person 0.0012 411 76 442 139
person 0.0011 0 64 19 195
person 0.0010 491 136 500 290
person 0.0010 50 79 74 118
car 0.0074 257 141 285 172
car 0.0058 494 146 499 187
car 0.0036 493 138 500 213
horse 0.9843 198 100 289 303
horse 0.9836 429 109 500 307
horse 0.9804 127 108 228 293
horse 0.9412 356 90 446 288
horse 0.9394 9 109 109 304
horse 0.8774 277 114 374 283
horse 0.1182 281 123 344 226
horse 0.1052 75 140 144 277
horse 0.0170 331 148 370 279
horse 0.0101 166 103 259 297
horse 0.0084 361 92 416 217
horse 0.0076 271 94 361 214
horse 0.0071 420 196 448 259
horse 0.0069 492 142 500 266
horse 0.0048 408 154 453 264
horse 0.0047 393 97 463 285
horse 0.0046 208 97 395 301
horse 0.0038 482 122 500 296
horse 0.0035 166 129 326 316
horse 0.0033 318 113 389 267
horse 0.0028 33 155 136 294
horse 0.0027 383 90 432 199
horse 0.0022 257 141 285 172
horse 0.0020 184 124 207 170
horse 0.0020 282 144 321 223
horse 0.0019 96 212 144 275
horse 0.0018 34 222 90 303
horse 0.0018 180 143 210 185
horse 0.0017 21 77 144 267
horse 0.0015 337 162 365 207
horse 0.0015 384 221 432 284
horse 0.0014 231 204 277 281
horse 0.0013 91 161 132 266
horse 0.0013 223 221 286 301
horse 0.0013 401 111 435 199
horse 0.0013 422 110 472 180
horse 0.0013 127 69 208 227
horse 0.0013 493 167 500 241
horse 0.0012 304 153 361 273
horse 0.0012 167 114 207 180
horse 0.0011 414 70 497 221
horse 0.0011 407 200 450 283
