person 0.8617 101 25 164 158
person 0.4359 471 82 500 134
person 0.2554 470 81 500 196
person 0.0647 490 71 500 204
person 0.0209 434 105 500 188
person 0.0145 247 147 264 166
person 0.0140 493 85 500 134
person 0.0120 13 61 284 235
person 0.0081 494 98 500 160
person 0.0074 313 174 328 185
person 0.0055 422 141 436 161
person 0.0035 73 21 193 175
person 0.0033 306 174 323 186
person 0.0029 435 79 498 161
person 0.0021 461 104 504 225
person 0.0020 430 147 445 163
person 0.0020 485 85 500 135
person 0.0018 226 169 262 230
person 0.0015 53 45 164 130
person 0.0014 332 130 354 163
person 0.0013 191 171 322 230
person 0.0012 21 29 480 231
person 0.0012 483 81 500 178
person 0.0012 425 119 494 230
person 0.0011 230 148 283 222
person 0.0011 411 150 422 162
bicycle 0.0030 -3 67 303 227
car 0.0023 8 76 289 239
car 0.0016 3 189 24 201
car 0.0013 2 192 27 218
car 0.0013 4 161 167 211
car 0.0012 6 122 119 228
car 0.0011 2 170 129 233
car 0.0010 91 180 114 192
bus 0.0019 5 61 105 216
bus 0.0011 11 63 286 233
bus 0.0010 5 119 496 232
train 0.0019 1 170 131 233
train 0.0016 5 170 79 205
train 0.0016 -7 171 133 203
train 0.0015 5 119 496 232
train 0.0010 11 63 286 233
boat 0.0039 2 192 27 218
boat 0.0025 18 165 485 234
boat 0.0018 3 189 24 201
boat 0.0012 1 195 30 234
horse 0.9678 431 112 499 229
horse 0.9608 11 78 307 240
horse 0.0070 470 104 501 224
horse 0.0067 432 108 496 169
horse 0.0057 492 88 499 226
horse 0.0032 451 98 498 199
horse 0.0014 14 72 114 139
horse 0.0013 15 121 157 230
horse 0.0013 455 183 495 227
horse 0.0013 447 144 464 169
horse 0.0012 5 119 496 232
horse 0.0010 14 61 169 211
pottedplant 0.0615 332 132 367 163
pottedplant 0.0319 368 134 388 163
pottedplant 0.0051 350 173 370 183
pottedplant 0.0030 298 148 320 165
pottedplant 0.0028 333 128 352 154
pottedplant 0.0025 330 132 371 188
pottedplant 0.0022 252 143 476 225
pottedplant 0.0017 331 134 422 191
pottedplant 0.0015 354 135 402 186
pottedplant 0.0015 353 129 398 166
pottedplant 0.0013 398 146 418 164
pottedplant 0.0013 351 149 368 164
pottedplant 0.0011 397 171 417 183
tvmonitor 0.0031 24 5 479 207
