person 0.9887 142 104 210 314
person 0.9845 70 95 142 312
person 0.9735 215 116 289 320
person 0.9206 212 118 237 168
person 0.8815 110 89 148 173
person 0.7824 270 132 296 194
person 0.7076 400 173 428 224
person 0.6649 429 166 460 223
person 0.6156 17 109 71 239
person 0.4576 445 219 491 320
person 0.4197 392 166 419 194
person 0.2215 316 162 333 177
person 0.0618 343 159 415 304
person 0.0494 374 245 488 323
person 0.0455 313 161 335 196
person 0.0410 51 139 73 210
person 0.0366 475 232 500 314
person 0.0358 315 162 359 199
person 0.0352 235 120 258 150
person 0.0335 348 159 399 239
person 0.0322 16 138 52 201
person 0.0315 273 134 308 205
person 0.0312 276 147 376 291
person 0.0311 395 168 423 209
person 0.0245 402 174 454 226
person 0.0235 361 170 414 246
person 0.0223 355 176 453 298
person 0.0215 384 201 495 301
person 0.0205 0 110 19 158
person 0.0196 92 107 168 218
person 0.0196 353 149 373 170
person 0.0182 18 106 49 182
person 0.0177 448 269 488 321
person 0.0174 336 157 377 197
person 0.0169 449 218 469 258
person 0.0162 398 164 416 183
person 0.0155 349 170 377 192
person 0.0155 338 148 467 260
person 0.0152 321 165 383 264
person 0.0149 156 128 428 301
person 0.0146 68 118 429 213
person 0.0143 492 192 500 286
person 0.0142 420 177 457 241
person 0.0137 352 157 383 192
person 0.0125 488 212 500 304
person 0.0123 0 117 11 148
person 0.0122 351 169 384 231
person 0.0113 191 136 462 207
person 0.0109 483 178 500 291
person 0.0108 67 111 140 212
person 0.0095 423 164 469 259
person 0.0092 449 213 483 265
person 0.0088 346 170 378 211
person 0.0081 386 132 500 281
person 0.0077 222 119 262 165
person 0.0067 332 165 350 176
person 0.0066 383 160 417 201
person 0.0066 414 218 489 292
person 0.0065 295 162 379 230
person 0.0065 284 136 297 163
person 0.0065 0 99 23 260
person 0.0063 325 170 374 207
person 0.0059 208 141 234 210
person 0.0058 236 122 268 158
person 0.0058 465 210 500 328
person 0.0057 370 158 453 233
person 0.0056 49 101 193 306
person 0.0055 0 105 54 276
person 0.0053 105 89 149 264
person 0.0052 466 276 488 316
person 0.0052 280 134 302 169
person 0.0051 0 111 10 132
person 0.0050 295 160 345 199
person 0.0047 176 114 265 316
person 0.0047 72 118 109 203
person 0.0045 54 136 72 167
person 0.0045 0 176 17 254
person 0.0044 8 98 118 250
person 0.0044 136 152 158 189
person 0.0044 274 133 294 155
person 0.0043 452 210 497 288
person 0.0042 322 161 359 182
person 0.0040 427 208 480 267
person 0.0038 214 135 236 183
person 0.0037 221 260 284 312
person 0.0037 33 127 71 218
person 0.0036 281 169 311 218
person 0.0036 389 173 409 202
person 0.0036 31 101 458 179
person 0.0033 202 122 276 185
person 0.0033 63 128 77 213
person 0.0033 223 149 291 243
person 0.0032 490 266 500 308
person 0.0031 231 132 242 153
person 0.0031 263 127 324 198
person 0.0030 429 171 512 301
person 0.0028 188 97 256 253
person 0.0028 174 128 229 300
person 0.0028 112 122 310 303
person 0.0027 24 104 315 237
car 0.0029 206 166 231 224
car 0.0028 204 138 286 318
car 0.0020 205 165 228 194
car 0.0017 208 141 234 210
car 0.0012 174 105 314 290
motorbike 0.8740 272 160 372 303
motorbike 0.0420 321 165 383 264
motorbike 0.0339 211 132 293 320
motorbike 0.0238 333 160 415 300
motorbike 0.0137 315 162 359 199
motorbike 0.0104 171 163 415 307
motorbike 0.0101 292 161 380 233
motorbike 0.0079 273 134 308 205
motorbike 0.0064 336 157 377 197
motorbike 0.0045 349 140 374 173
motorbike 0.0042 306 162 337 196
motorbike 0.0037 281 169 311 218
motorbike 0.0032 205 189 227 232
motorbike 0.0030 330 206 378 294
motorbike 0.0030 206 166 231 224
motorbike 0.0027 282 185 344 292
motorbike 0.0026 256 145 387 247
motorbike 0.0020 353 150 373 170
motorbike 0.0019 269 144 452 280
motorbike 0.0015 286 174 317 204
motorbike 0.0014 309 142 391 216
motorbike 0.0014 191 136 462 207
motorbike 0.0013 348 159 401 241
motorbike 0.0013 198 156 237 271
motorbike 0.0013 206 194 355 309
motorbike 0.0012 174 188 239 308
motorbike 0.0012 260 139 307 243
motorbike 0.0011 313 141 365 178
motorbike 0.0011 274 234 352 301
bird 0.0030 -1 249 37 289
bird 0.0011 5 245 39 271
cat 0.0733 -1 249 37 289
cat 0.0026 5 245 39 271
dog 0.2022 -1 247 37 288
dog 0.0118 5 245 39 271
dog 0.0022 487 285 500 309
dog 0.0015 0 183 24 279
dog 0.0013 470 279 499 313
dog 0.0010 -1 207 37 294
horse 0.0013 -1 249 37 289
sheep 0.0013 -1 248 36 289
bottle 0.3866 428 231 440 261
bottle 0.3228 414 228 426 262
bottle 0.2489 418 228 432 263
bottle 0.0787 423 225 434 255
bottle 0.0278 438 237 450 259
bottle 0.0140 407 233 416 260
bottle 0.0138 430 224 441 238
bottle 0.0124 449 217 469 259
bottle 0.0109 408 230 415 247
bottle 0.0106 424 223 433 238
bottle 0.0098 429 248 439 261
bottle 0.0096 437 226 451 251
bottle 0.0049 145 206 156 231
bottle 0.0048 418 247 430 263
bottle 0.0039 414 226 424 237
bottle 0.0038 400 231 421 262
bottle 0.0028 385 224 475 274
bottle 0.0026 427 220 445 242
bottle 0.0018 450 242 466 257
bottle 0.0017 146 202 156 219
bottle 0.0017 405 225 418 255
bottle 0.0017 406 214 458 263
bottle 0.0013 421 221 436 241
bottle 0.0011 412 247 427 263
bottle 0.0010 55 137 72 165
chair 0.0030 492 192 500 286
chair 0.0024 493 200 499 235
chair 0.0022 488 212 500 304
chair 0.0017 473 214 500 303
chair 0.0011 374 245 488 323
chair 0.0011 437 224 451 237
chair 0.0010 358 256 478 296
pottedplant 0.3498 389 29 500 122
pottedplant 0.0211 392 25 500 239
pottedplant 0.0143 478 30 500 135
pottedplant 0.0044 489 30 500 139
pottedplant 0.0042 444 31 498 126
pottedplant 0.0039 1 111 21 132
pottedplant 0.0024 0 112 22 153
pottedplant 0.0018 492 188 500 249
pottedplant 0.0016 0 111 10 132
pottedplant 0.0015 386 132 500 281
pottedplant 0.0015 488 28 500 83
pottedplant 0.0015 0 117 11 148
pottedplant 0.0011 493 200 499 235
pottedplant 0.0011 472 181 500 256
pottedplant 0.0010 475 28 499 83
diningtable 0.1997 357 254 476 319
diningtable 0.0264 361 226 474 280
diningtable 0.0247 356 252 480 286
diningtable 0.0059 406 243 446 270
diningtable 0.0055 381 240 458 274
diningtable 0.0025 384 201 495 301
diningtable 0.0022 392 211 472 266
diningtable 0.0018 355 176 453 298
diningtable 0.0015 413 228 428 262
diningtable 0.0011 418 228 434 262
diningtable 0.0010 421 239 472 274
tvmonitor 0.0014 490 86 500 139
