person 0.0406 191 289 286 368
person 0.0023 152 256 289 366
car 0.0011 111 26 456 370
bird 0.9774 104 35 384 366
bird 0.1325 191 286 286 372
bird 0.0128 416 135 498 370
bird 0.0121 178 252 312 368
bird 0.0023 250 256 276 286
bird 0.0021 195 21 294 111
bird 0.0020 246 29 279 103
bird 0.0017 185 289 379 366
bird 0.0012 146 149 503 366
bird 0.0011 122 129 362 296
bird 0.0010 439 -5 500 363
cat 0.0070 191 289 286 368
cat 0.0013 416 135 498 370
dog 0.0057 191 289 287 368
horse 0.0010 191 286 286 372
cow 0.0010 415 139 500 371
chair 0.0064 2 256 240 371
chair 0.0013 -2 296 104 365
diningtable 0.0038 -2 257 223 370
