person 0.0907 169 188 184 210
person 0.0144 138 189 158 217
person 0.0098 161 193 175 211
person 0.0097 198 182 211 204
person 0.0071 196 186 214 212
person 0.0050 211 190 224 209
person 0.0025 156 194 182 228
person 0.0022 166 190 185 228
person 0.0021 158 188 182 215
person 0.0020 191 190 208 211
person 0.0019 217 184 230 205
person 0.0019 142 187 171 217
person 0.0010 373 176 383 186
car 0.0205 413 320 444 330
car 0.0153 0 362 13 373
car 0.0115 379 369 396 374
car 0.0095 0 363 25 373
car 0.0082 427 351 444 363
car 0.0065 0 367 12 375
car 0.0047 237 351 253 361
car 0.0046 456 333 472 341
car 0.0036 372 363 387 370
car 0.0034 379 364 396 372
car 0.0034 391 331 410 342
car 0.0032 113 370 125 374
car 0.0032 376 314 401 323
car 0.0031 449 332 468 341
car 0.0029 225 338 249 353
car 0.0028 59 360 81 372
car 0.0028 0 350 11 361
car 0.0028 3 367 24 374
car 0.0027 408 314 447 326
car 0.0021 34 343 52 350
car 0.0020 229 352 242 364
car 0.0018 440 362 452 372
car 0.0017 318 368 345 374
car 0.0017 395 328 417 339
car 0.0017 330 368 351 374
car 0.0017 392 314 406 323
car 0.0017 405 312 433 324
car 0.0016 435 338 443 348
car 0.0016 433 335 443 343
car 0.0016 25 354 78 372
car 0.0015 316 364 345 373
car 0.0015 0 341 12 352
car 0.0015 438 352 449 360
car 0.0015 411 330 425 340
car 0.0013 253 344 274 352
car 0.0012 427 357 447 370
car 0.0012 414 370 424 374
car 0.0012 342 370 355 374
car 0.0012 364 368 397 374
car 0.0011 126 329 377 374
car 0.0011 369 343 388 349
car 0.0010 42 357 101 373
car 0.0010 401 359 410 368
car 0.0010 284 344 304 353
aeroplane 0.9944 15 108 484 262
aeroplane 0.0015 24 180 478 257
bus 0.0255 171 354 226 372
bus 0.0033 24 351 79 372
bus 0.0014 413 320 444 330
bus 0.0012 0 362 13 373
