person 0.9727 157 183 223 439
person 0.9576 225 174 375 502
person 0.6158 218 172 290 501
person 0.0804 352 216 376 453
person 0.0349 226 219 281 422
person 0.0294 340 229 371 440
person 0.0287 359 226 375 295
person 0.0220 343 281 369 388
person 0.0216 228 178 283 336
person 0.0194 221 188 258 245
person 0.0168 358 223 375 373
person 0.0111 325 197 350 232
person 0.0103 229 178 279 255
person 0.0054 358 201 374 269
person 0.0051 309 237 373 489
person 0.0044 226 203 254 229
person 0.0041 337 281 374 504
person 0.0041 221 329 283 494
person 0.0040 235 190 260 226
person 0.0040 226 299 255 373
person 0.0032 246 172 287 228
person 0.0029 74 89 369 500
person 0.0025 230 195 254 221
person 0.0023 285 171 311 180
person 0.0022 326 196 345 219
person 0.0020 228 170 372 339
person 0.0019 222 210 241 223
person 0.0019 0 186 20 261
person 0.0018 330 180 374 259
person 0.0017 217 211 247 241
person 0.0017 271 172 305 179
person 0.0015 367 237 375 387
person 0.0015 246 199 295 357
person 0.0014 193 199 235 247
person 0.0014 334 412 374 498
person 0.0014 254 172 282 183
person 0.0014 249 173 285 203
person 0.0013 207 183 265 256
person 0.0012 202 139 333 384
person 0.0011 175 184 227 251
person 0.0011 354 337 375 488
person 0.0011 152 168 301 422
person 0.0010 220 174 322 265
person 0.0010 297 171 313 180
person 0.0010 320 197 355 252
train 0.7484 0 98 250 384
train 0.1082 159 172 222 435
train 0.0761 -10 55 389 443
train 0.0122 102 150 278 351
train 0.0088 45 155 330 488
train 0.0017 193 171 288 494
train 0.0013 227 177 281 259
train 0.0011 331 164 374 241
pottedplant 0.0010 217 211 247 241
