person 0.4243 310 132 329 147
person 0.0827 291 132 313 148
person 0.0273 168 117 451 203
person 0.0223 286 132 305 147
person 0.0217 323 132 343 148
person 0.0100 304 129 324 143
person 0.0096 280 122 307 147
person 0.0079 329 133 350 149
person 0.0069 309 132 330 170
person 0.0052 288 126 316 145
person 0.0047 261 116 301 146
person 0.0040 16 71 49 115
person 0.0035 275 114 308 127
person 0.0020 334 108 364 122
person 0.0014 264 113 304 130
person 0.0013 266 135 279 146
person 0.0013 190 263 525 329
person 0.0012 260 138 271 145
car 0.9763 158 118 442 202
car 0.0016 369 117 499 193
car 0.0013 251 121 377 198
bus 0.0033 166 118 454 201
bottle 0.0076 16 71 49 115
bottle 0.0033 17 94 36 115
bottle 0.0021 53 96 84 116
bottle 0.0014 51 77 83 113
