person 0.9878 192 19 321 255
person 0.0454 0 135 27 210
person 0.0100 -1 109 31 242
person 0.0094 0 122 21 301
person 0.0080 0 71 23 204
person 0.0078 -1 132 67 214
person 0.0053 0 137 12 203
person 0.0037 334 8 362 25
person 0.0032 311 52 368 131
person 0.0031 420 10 433 19
person 0.0028 0 166 10 250
person 0.0027 369 5 424 22
person 0.0027 337 50 367 122
person 0.0021 452 4 465 21
person 0.0020 0 121 15 162
person 0.0018 129 61 365 323
person 0.0017 351 13 370 24
person 0.0016 0 120 25 184
person 0.0014 0 122 58 300
person 0.0012 230 68 346 226
person 0.0011 0 74 54 204
person 0.0010 363 2 371 12
person 0.0010 0 131 13 152
person 0.0010 468 4 483 23
bicycle 0.9780 0 123 161 294
bicycle 0.6315 118 86 449 346
bicycle 0.0780 252 176 428 357
bicycle 0.0483 -1 133 68 213
bicycle 0.0152 193 26 323 276
bicycle 0.0100 256 256 322 352
bicycle 0.0090 0 135 25 188
bicycle 0.0085 280 102 460 251
bicycle 0.0078 0 129 59 301
bicycle 0.0075 0 128 45 194
bicycle 0.0065 -2 129 143 220
bicycle 0.0059 298 77 363 197
bicycle 0.0053 0 97 27 185
bicycle 0.0051 0 121 15 162
bicycle 0.0045 0 122 21 301
bicycle 0.0042 111 105 299 310
bicycle 0.0041 20 132 46 171
bicycle 0.0037 27 135 40 167
bicycle 0.0036 0 131 13 152
bicycle 0.0033 -1 133 30 223
bicycle 0.0032 182 65 409 286
bicycle 0.0031 0 74 54 204
bicycle 0.0027 230 68 346 226
bicycle 0.0023 0 163 9 273
bicycle 0.0023 291 138 383 211
bicycle 0.0018 309 143 365 203
bicycle 0.0017 1 127 20 156
bicycle 0.0016 332 146 467 303
bicycle 0.0014 14 132 86 189
bicycle 0.0013 0 190 25 283
bicycle 0.0013 341 137 454 239
bicycle 0.0013 24 150 77 191
bicycle 0.0013 248 86 389 263
bicycle 0.0012 374 199 454 274
bicycle 0.0012 0 206 8 287
car 0.6080 451 2 483 23
car 0.5791 360 5 422 23
car 0.4407 333 9 354 24
car 0.4125 420 10 433 19
car 0.1196 360 11 380 23
car 0.1013 452 4 465 21
car 0.0882 351 13 370 24
car 0.0762 431 10 444 18
car 0.0385 407 9 432 20
car 0.0233 391 9 425 21
car 0.0141 468 4 483 23
car 0.0137 316 10 347 24
car 0.0090 462 0 485 19
car 0.0082 448 0 469 19
car 0.0081 345 10 376 24
car 0.0072 314 11 333 25
car 0.0064 255 1 311 28
car 0.0060 431 6 464 21
car 0.0057 372 2 423 16
car 0.0048 426 8 446 20
car 0.0042 281 2 307 12
car 0.0036 0 120 68 240
car 0.0035 480 6 488 23
car 0.0033 413 8 441 21
car 0.0033 306 8 340 25
car 0.0029 351 17 364 26
car 0.0028 257 1 309 16
car 0.0025 340 17 362 26
car 0.0022 256 0 273 13
car 0.0021 431 1 444 16
car 0.0019 260 3 372 30
car 0.0018 248 19 308 68
car 0.0015 306 3 405 27
car 0.0015 472 16 482 29
car 0.0015 348 4 469 25
car 0.0014 279 7 344 26
car 0.0014 286 45 353 80
car 0.0012 330 3 373 27
car 0.0012 421 3 431 16
car 0.0012 313 18 333 26
car 0.0012 248 9 352 78
car 0.0011 317 17 343 28
car 0.0010 427 1 469 19
car 0.0010 296 9 329 25
car 0.0010 257 1 289 13
motorbike 0.0047 0 120 68 240
motorbike 0.0020 -2 120 150 275
motorbike 0.0014 0 135 27 210
bus 0.0054 369 5 424 22
bus 0.0034 334 8 362 25
bus 0.0010 451 0 483 20
bottle 0.0365 404 201 452 234
bottle 0.0141 198 236 219 260
bottle 0.0112 199 245 216 262
bottle 0.0099 354 97 367 124
bottle 0.0052 197 225 215 243
bottle 0.0049 0 132 29 224
bottle 0.0029 196 220 219 239
bottle 0.0024 0 156 12 222
bottle 0.0024 4 151 79 205
bottle 0.0024 27 164 75 194
bottle 0.0023 275 227 295 266
bottle 0.0020 44 176 80 200
bottle 0.0018 284 228 297 262
bottle 0.0018 193 112 243 169
bottle 0.0017 0 170 26 206
bottle 0.0016 45 179 81 219
bottle 0.0014 422 199 453 223
bottle 0.0013 378 199 452 273
bottle 0.0013 -1 140 70 237
bottle 0.0012 263 223 300 279
bottle 0.0011 198 23 317 224
bottle 0.0011 287 218 300 233
bottle 0.0010 -3 121 152 275
chair 0.0866 311 76 359 158
chair 0.0548 298 77 363 197
chair 0.0139 230 68 346 226
chair 0.0139 311 52 368 131
chair 0.0111 316 51 344 78
chair 0.0041 187 27 359 243
chair 0.0022 136 71 427 321
chair 0.0014 289 90 450 222
chair 0.0013 270 42 368 123
chair 0.0012 286 45 353 80
chair 0.0011 314 95 351 187
