person 0.0687 175 141 185 168
person 0.0138 68 135 112 154
person 0.0060 490 182 500 223
person 0.0056 185 139 207 170
person 0.0055 273 150 290 179
person 0.0049 476 180 499 224
person 0.0046 173 141 188 182
person 0.0046 117 135 126 150
person 0.0043 479 181 493 200
person 0.0041 104 135 116 152
person 0.0040 295 155 308 177
person 0.0036 179 138 193 168
person 0.0031 429 351 499 376
person 0.0031 273 153 310 178
person 0.0030 491 180 500 263
person 0.0030 103 119 116 152
person 0.0030 125 138 134 151
person 0.0028 112 119 125 151
person 0.0024 469 162 501 277
person 0.0021 152 139 162 151
person 0.0019 468 207 500 298
person 0.0017 125 138 156 152
person 0.0016 73 129 90 141
person 0.0015 90 133 127 154
person 0.0014 184 137 193 154
person 0.0014 299 141 309 163
person 0.0012 480 177 493 192
bicycle 0.0035 468 204 500 296
bicycle 0.0020 432 352 497 375
car 0.0830 67 136 95 154
car 0.0726 66 138 81 153
car 0.0698 468 178 501 293
car 0.0313 274 153 309 178
car 0.0293 333 155 403 186
car 0.0199 68 132 115 157
car 0.0065 474 171 500 232
car 0.0044 69 148 203 210
car 0.0026 492 192 500 229
car 0.0026 72 153 142 206
car 0.0025 134 140 161 152
car 0.0022 293 154 310 177
car 0.0021 491 180 500 263
car 0.0017 268 148 298 180
car 0.0014 125 149 191 196
car 0.0013 90 133 127 154
car 0.0011 133 152 164 176
car 0.0010 136 150 180 180
car 0.0010 202 166 306 236
car 0.0010 323 160 382 184
car 0.0010 295 159 345 182
motorbike 0.9889 102 163 333 340
motorbike 0.0287 469 176 500 296
motorbike 0.0063 295 165 426 233
motorbike 0.0053 338 176 447 256
motorbike 0.0020 453 178 501 353
motorbike 0.0015 178 185 261 287
aeroplane 0.0015 469 176 500 296
bus 0.0010 468 178 501 293
boat 0.0648 468 178 501 293
boat 0.0033 474 171 500 232
boat 0.0031 411 163 449 184
boat 0.0015 467 217 500 339
boat 0.0012 490 182 500 223
boat 0.0012 333 155 403 186
boat 0.0010 304 170 449 260
bird 0.0013 431 351 486 375
horse 0.0041 468 204 500 296
horse 0.0022 304 170 381 232
horse 0.0014 303 168 449 262
horse 0.0010 100 151 337 332
chair 0.0050 431 351 486 375
chair 0.0010 468 207 500 298
