person 0.8859 109 -2 385 329
person 0.0058 58 214 267 311
person 0.0056 139 52 327 281
person 0.0019 288 0 390 207
person 0.0018 339 2 389 197
person 0.0016 370 33 390 195
person 0.0016 70 290 276 333
person 0.0013 343 47 390 301
person 0.0010 383 64 390 172
car 0.0033 5 4 383 142
car 0.0024 288 0 390 207
car 0.0019 12 0 373 322
car 0.0011 0 4 196 94
boat 0.0048 5 11 378 200
chair 0.0984 288 0 390 208
chair 0.0463 0 67 98 331
chair 0.0458 369 198 390 330
chair 0.0371 0 69 78 216
chair 0.0164 349 195 390 331
chair 0.0149 338 14 391 197
chair 0.0142 303 190 390 332
chair 0.0133 6 37 200 179
chair 0.0117 276 1 366 147
chair 0.0093 58 73 194 210
chair 0.0075 0 51 380 338
chair 0.0053 4 62 196 338
chair 0.0052 377 215 390 336
chair 0.0050 377 157 390 283
chair 0.0049 63 119 164 208
chair 0.0042 341 64 389 266
chair 0.0040 369 42 390 130
chair 0.0039 102 195 397 325
chair 0.0038 22 46 198 123
chair 0.0037 382 196 390 250
chair 0.0035 94 2 190 71
chair 0.0033 283 0 390 81
chair 0.0031 299 57 390 334
chair 0.0029 0 4 196 93
chair 0.0028 11 243 269 333
chair 0.0026 314 5 389 136
chair 0.0025 372 35 390 222
chair 0.0023 375 118 390 232
chair 0.0022 344 -1 389 116
chair 0.0020 381 196 390 296
chair 0.0018 39 71 185 153
chair 0.0018 157 -7 394 335
chair 0.0018 346 103 390 216
chair 0.0017 372 -2 390 114
chair 0.0016 210 152 274 223
chair 0.0016 69 215 298 307
chair 0.0015 289 45 353 153
chair 0.0014 367 96 390 343
chair 0.0013 51 288 274 334
chair 0.0013 375 5 390 68
chair 0.0012 179 2 379 155
chair 0.0012 381 191 390 227
sofa 0.0034 285 -1 390 146
sofa 0.0019 3 4 386 138
sofa 0.0012 1 80 129 325
diningtable 0.0323 1 80 129 325
diningtable 0.0315 3 4 386 138
diningtable 0.0163 5 37 198 122
diningtable 0.0062 0 4 196 93
diningtable 0.0044 7 13 377 269
diningtable 0.0035 15 54 196 214
diningtable 0.0025 -1 184 101 330
diningtable 0.0024 69 215 298 307
diningtable 0.0021 17 45 177 94
diningtable 0.0018 -2 66 280 330
diningtable 0.0012 44 59 213 157
tvmonitor 0.0018 12 0 373 322
tvmonitor 0.0011 0 4 196 93
