person 0.0017 20 57 44 75
person 0.0012 2 54 25 76
person 0.0011 328 57 339 75
person 0.0011 66 112 198 272
bicycle 0.0075 67 119 208 268
bicycle 0.0057 71 56 101 112
bicycle 0.0010 28 53 104 111
car 0.0317 1 43 52 84
car 0.0122 5 52 42 79
car 0.0089 2 54 25 76
car 0.0073 20 57 44 75
car 0.0024 0 34 96 93
car 0.0022 274 44 315 78
car 0.0019 0 53 11 77
car 0.0019 0 40 28 85
car 0.0017 293 48 339 77
car 0.0015 66 111 199 272
car 0.0014 1 60 26 85
car 0.0013 31 53 52 77
car 0.0010 286 55 318 78
car 0.0010 266 8 398 76
car 0.0010 322 45 397 74
motorbike 0.8479 65 115 195 270
bottle 0.0014 310 235 327 247
chair 0.3483 66 120 209 268
chair 0.0119 145 150 217 256
chair 0.0058 334 170 413 298
chair 0.0022 178 147 241 255
chair 0.0017 206 152 246 248
chair 0.0013 155 144 198 238
diningtable 0.0017 66 120 209 268
