person 0.9203 225 138 501 374
person 0.8411 65 133 366 377
person 0.0471 78 182 324 327
person 0.0258 141 202 248 351
person 0.0161 159 229 211 333
person 0.0071 179 142 422 326
person 0.0041 61 120 230 353
person 0.0013 227 182 371 330
person 0.0012 175 127 400 249
person 0.0011 110 0 214 25
person 0.0010 483 134 499 373
car 0.0036 98 0 191 24
car 0.0011 114 8 222 26
car 0.0010 116 -1 246 25
bird 0.0030 496 31 500 47
bottle 0.8858 161 237 205 336
bottle 0.0095 162 270 195 340
bottle 0.0064 180 236 215 275
bottle 0.0055 174 234 217 317
bottle 0.0020 155 241 186 340
bottle 0.0020 141 202 248 351
chair 0.0861 0 70 194 374
chair 0.0074 232 133 509 375
chair 0.0052 -1 228 46 372
chair 0.0045 62 134 430 378
chair 0.0033 0 296 48 377
chair 0.0032 41 118 301 336
sofa 0.5354 61 131 436 380
sofa 0.1702 232 133 509 375
sofa 0.0687 -4 71 211 366
sofa 0.0275 41 118 301 336
sofa 0.0074 287 91 500 300
sofa 0.0064 38 109 468 271
sofa 0.0034 272 94 452 209
sofa 0.0023 175 127 400 249
sofa 0.0011 385 99 500 367
pottedplant 0.0016 0 2 41 33
