person 0.7309 127 391 138 407
person 0.4715 136 392 145 407
person 0.4172 147 392 159 407
person 0.3464 58 394 69 407
person 0.2809 69 396 76 407
person 0.2267 41 398 49 405
person 0.2122 55 394 63 407
person 0.2017 121 391 130 408
person 0.1082 155 394 163 407
person 0.0778 167 393 178 406
person 0.0609 23 397 34 407
person 0.0573 63 399 70 410
person 0.0533 100 400 105 412
person 0.0482 174 392 182 408
person 0.0380 22 400 35 410
person 0.0291 40 400 49 408
person 0.0262 187 402 194 408
person 0.0233 54 391 72 408
person 0.0232 21 391 300 428
person 0.0165 99 398 105 406
person 0.0165 91 400 100 411
person 0.0144 53 400 63 409
person 0.0137 81 383 88 389
person 0.0137 223 377 235 395
person 0.0136 126 397 134 413
person 0.0119 23 397 49 407
person 0.0117 51 385 65 392
person 0.0101 289 371 321 393
person 0.0100 118 390 145 409
person 0.0099 142 390 164 409
person 0.0093 91 398 100 405
person 0.0087 92 413 99 421
person 0.0085 175 401 183 409
person 0.0078 146 397 159 413
person 0.0077 100 412 107 421
person 0.0072 152 392 168 408
person 0.0056 259 394 278 403
person 0.0048 121 397 129 414
person 0.0045 29 328 301 423
person 0.0044 74 397 93 406
person 0.0040 174 386 183 396
person 0.0039 127 390 153 408
person 0.0037 66 392 79 409
person 0.0037 107 403 120 414
person 0.0036 -1 383 23 393
person 0.0036 166 400 177 410
person 0.0034 11 380 219 419
person 0.0034 231 385 250 396
person 0.0029 146 387 157 398
person 0.0029 193 403 201 409
person 0.0027 157 382 168 396
person 0.0025 164 384 177 398
person 0.0024 82 378 88 386
person 0.0024 157 388 185 409
person 0.0024 20 394 37 409
person 0.0022 9 407 23 413
person 0.0021 108 410 118 421
person 0.0020 153 399 169 410
person 0.0020 105 394 122 406
person 0.0020 55 397 75 415
person 0.0018 231 375 243 388
person 0.0018 135 388 146 397
person 0.0018 136 398 145 411
person 0.0016 122 392 140 420
person 0.0016 127 374 137 385
person 0.0016 57 389 89 409
person 0.0015 126 412 136 422
person 0.0015 71 401 96 410
person 0.0013 32 230 303 425
person 0.0012 111 392 151 423
person 0.0012 0 372 22 392
person 0.0012 19 385 34 394
person 0.0012 153 325 164 340
person 0.0011 168 387 190 410
person 0.0011 126 384 138 400
person 0.0010 184 398 195 406
person 0.0010 30 381 84 412
person 0.0010 65 378 167 419
car 0.0192 235 386 256 396
car 0.0032 2 383 26 394
car 0.0023 53 384 72 391
car 0.0012 231 383 252 397
boat 0.5950 55 74 285 429
boat 0.4552 -1 383 23 393
boat 0.2894 53 384 72 391
boat 0.2760 32 388 298 428
boat 0.2705 288 371 326 393
boat 0.2506 34 370 43 383
boat 0.1787 317 386 332 397
boat 0.1682 235 386 256 396
boat 0.1364 0 372 22 392
boat 0.1222 286 380 307 394
boat 0.0849 317 392 332 398
boat 0.0742 22 400 35 410
boat 0.0684 297 381 330 396
boat 0.0663 251 392 305 403
boat 0.0535 23 397 34 407
boat 0.0515 252 381 304 398
boat 0.0302 37 372 50 383
boat 0.0277 22 400 47 409
boat 0.0270 82 378 88 386
boat 0.0267 81 383 88 389
boat 0.0242 51 376 76 388
boat 0.0194 259 394 278 403
boat 0.0176 278 376 291 388
boat 0.0157 41 398 49 405
boat 0.0141 24 367 49 388
boat 0.0130 29 328 301 423
boat 0.0106 224 300 271 400
boat 0.0097 273 367 317 396
boat 0.0088 253 385 282 394
boat 0.0079 309 393 326 397
boat 0.0078 87 236 158 322
boat 0.0074 10 375 63 400
boat 0.0073 9 407 23 413
boat 0.0060 319 365 331 397
boat 0.0060 55 394 63 407
boat 0.0059 19 385 34 394
boat 0.0058 32 370 55 386
boat 0.0055 40 400 49 408
boat 0.0055 19 395 54 408
boat 0.0052 244 386 269 395
boat 0.0052 312 382 333 398
boat 0.0050 23 379 47 394
boat 0.0048 18 370 40 387
boat 0.0047 45 389 71 409
boat 0.0046 258 375 323 399
boat 0.0045 -1 364 35 394
boat 0.0044 236 391 255 398
boat 0.0044 31 364 44 382
boat 0.0044 49 383 77 395
boat 0.0043 226 383 288 397
boat 0.0043 66 377 84 385
boat 0.0041 20 394 37 409
boat 0.0041 231 383 252 397
boat 0.0038 30 381 84 412
boat 0.0038 7 369 47 391
boat 0.0037 63 384 85 391
boat 0.0036 235 306 308 399
boat 0.0034 58 394 69 407
boat 0.0033 32 230 303 425
boat 0.0028 40 393 185 425
boat 0.0028 44 360 82 394
boat 0.0027 -1 383 4 393
boat 0.0026 264 376 291 390
boat 0.0025 53 400 63 409
boat 0.0025 37 397 132 418
boat 0.0024 247 371 307 394
boat 0.0024 40 380 105 396
boat 0.0024 42 392 126 410
boat 0.0023 0 354 20 389
boat 0.0023 315 389 333 401
boat 0.0023 16 402 303 449
boat 0.0021 329 384 333 397
boat 0.0021 14 398 43 413
boat 0.0021 249 395 269 401
boat 0.0020 34 383 58 393
boat 0.0019 0 402 15 413
boat 0.0018 0 392 16 402
boat 0.0018 43 371 72 390
boat 0.0018 47 397 83 417
boat 0.0018 1 364 78 396
boat 0.0018 -1 373 44 406
boat 0.0017 63 399 70 410
boat 0.0017 4 392 28 402
boat 0.0016 71 401 96 410
boat 0.0016 23 380 138 415
boat 0.0015 110 405 249 428
boat 0.0014 69 399 76 410
boat 0.0014 55 397 75 415
boat 0.0011 -1 372 3 390
boat 0.0011 49 372 95 391
boat 0.0011 132 396 287 429
boat 0.0011 24 392 67 408
boat 0.0010 329 392 333 400
boat 0.0010 -1 393 2 403
