person 0.9892 75 105 225 319
person 0.9867 241 127 357 320
person 0.0108 0 231 7 325
person 0.0052 0 250 5 305
person 0.0045 0 253 31 355
person 0.0041 0 170 18 337
person 0.0040 0 151 23 269
person 0.0040 0 273 7 357
person 0.0035 10 93 488 362
person 0.0034 491 219 500 336
person 0.0032 486 220 500 294
person 0.0031 491 327 500 367
person 0.0031 492 181 499 301
person 0.0025 -1 181 16 243
person 0.0020 476 325 500 372
person 0.0019 0 151 27 202
person 0.0016 -1 163 102 306
person 0.0014 226 234 365 318
person 0.0013 489 273 500 325
person 0.0012 490 302 500 355
person 0.0012 0 242 57 372
person 0.0011 -4 254 270 369
person 0.0010 242 280 269 370
bottle 0.9700 1 251 30 350
bottle 0.9453 241 272 268 368
bottle 0.8187 106 252 136 325
bottle 0.7899 154 270 183 356
bottle 0.0720 0 256 7 342
bottle 0.0525 457 329 477 375
bottle 0.0365 156 310 184 365
bottle 0.0245 108 285 137 324
bottle 0.0169 0 250 5 305
bottle 0.0058 0 229 7 311
bottle 0.0058 491 327 500 367
bottle 0.0045 228 241 256 314
bottle 0.0043 0 250 501 374
bottle 0.0042 110 263 132 314
bottle 0.0039 491 219 500 336
bottle 0.0037 468 289 497 328
bottle 0.0031 363 347 401 376
bottle 0.0031 157 278 179 333
bottle 0.0022 0 291 7 361
bottle 0.0020 -1 267 13 345
bottle 0.0019 152 269 185 313
bottle 0.0018 21 96 472 365
bottle 0.0018 3 277 25 318
bottle 0.0018 -4 254 270 369
bottle 0.0017 209 283 234 344
bottle 0.0017 482 242 499 339
bottle 0.0016 476 325 500 372
bottle 0.0015 490 278 500 320
bottle 0.0015 493 271 500 306
bottle 0.0014 144 272 207 358
bottle 0.0013 490 227 500 287
bottle 0.0012 0 242 57 372
bottle 0.0012 2 252 22 284
bottle 0.0012 46 289 64 348
bottle 0.0011 229 255 283 332
bottle 0.0010 418 323 446 363
chair 0.9460 374 250 487 319
chair 0.9348 0 214 91 305
chair 0.7713 387 196 471 258
chair 0.6987 341 255 366 318
chair 0.5313 42 165 96 190
chair 0.2997 227 237 361 318
chair 0.2702 230 243 257 313
chair 0.2631 0 151 27 202
chair 0.1613 490 227 500 287
chair 0.1119 2 169 107 231
chair 0.0999 -1 169 107 289
chair 0.0981 318 254 366 319
chair 0.0904 0 151 24 281
chair 0.0527 487 223 500 326
chair 0.0419 246 128 355 328
chair 0.0316 0 170 18 337
chair 0.0216 492 181 499 301
chair 0.0207 0 194 16 247
chair 0.0099 77 247 491 363
chair 0.0095 0 202 14 296
chair 0.0076 228 241 281 313
chair 0.0075 79 102 232 318
chair 0.0069 4 251 36 348
chair 0.0067 248 235 259 283
chair 0.0059 -1 152 16 233
chair 0.0043 0 174 11 210
chair 0.0035 493 250 500 306
chair 0.0032 248 232 257 245
chair 0.0029 230 225 500 318
chair 0.0026 0 152 13 195
chair 0.0026 494 206 499 275
chair 0.0024 238 243 255 295
chair 0.0023 3 157 100 200
chair 0.0023 477 224 499 291
chair 0.0022 25 191 321 341
chair 0.0022 219 253 252 340
chair 0.0021 240 221 274 296
chair 0.0020 1 159 495 378
chair 0.0020 360 204 508 330
chair 0.0020 46 289 64 348
chair 0.0018 241 273 268 365
chair 0.0017 468 289 497 328
chair 0.0016 225 258 248 314
chair 0.0016 219 273 237 307
chair 0.0015 237 229 310 309
chair 0.0015 -1 234 107 374
chair 0.0015 37 164 105 217
chair 0.0015 -1 150 53 301
chair 0.0014 240 232 255 249
chair 0.0014 476 325 500 372
chair 0.0012 234 230 257 269
chair 0.0012 10 189 96 250
chair 0.0012 237 238 254 260
chair 0.0012 83 280 95 302
chair 0.0011 39 292 531 379
chair 0.0011 -6 153 32 389
chair 0.0011 0 228 6 291
sofa 0.0741 2 169 107 231
sofa 0.0698 -1 169 107 289
sofa 0.0199 0 151 24 281
sofa 0.0161 0 217 92 305
sofa 0.0082 0 151 27 202
sofa 0.0059 0 170 18 337
sofa 0.0053 374 243 486 319
sofa 0.0049 227 236 362 319
sofa 0.0038 -1 181 16 243
sofa 0.0023 387 196 471 258
sofa 0.0022 340 255 366 318
sofa 0.0014 42 165 96 190
sofa 0.0012 179 233 454 397
sofa 0.0012 -10 253 274 369
sofa 0.0011 0 193 16 286
sofa 0.0010 79 101 233 319
diningtable 0.4823 -9 281 509 382
diningtable 0.0145 0 285 112 385
diningtable 0.0103 -2 291 268 376
diningtable 0.0102 226 301 504 378
diningtable 0.0093 1 159 495 378
diningtable 0.0083 163 289 324 374
diningtable 0.0074 476 325 500 372
diningtable 0.0064 47 300 84 348
diningtable 0.0061 4 253 37 358
diningtable 0.0059 248 287 383 375
diningtable 0.0043 379 309 497 374
diningtable 0.0040 194 252 383 327
diningtable 0.0039 4 172 102 232
diningtable 0.0027 209 283 234 344
diningtable 0.0026 237 322 430 376
diningtable 0.0025 298 354 352 378
diningtable 0.0024 151 246 500 373
diningtable 0.0024 335 334 444 374
diningtable 0.0024 387 322 449 366
diningtable 0.0024 0 170 18 337
diningtable 0.0024 242 280 269 370
diningtable 0.0023 156 296 184 373
diningtable 0.0022 110 258 245 373
diningtable 0.0022 374 250 487 319
diningtable 0.0021 -1 163 101 306
diningtable 0.0021 284 302 391 363
diningtable 0.0019 25 296 142 357
diningtable 0.0019 41 291 68 356
diningtable 0.0018 0 242 57 372
diningtable 0.0017 446 314 503 380
diningtable 0.0016 457 324 487 375
diningtable 0.0015 95 313 309 376
diningtable 0.0014 -30 309 532 424
diningtable 0.0014 491 221 500 283
diningtable 0.0013 51 308 166 364
diningtable 0.0013 461 288 492 370
diningtable 0.0013 154 269 182 328
diningtable 0.0012 404 324 434 364
diningtable 0.0012 473 321 500 350
diningtable 0.0012 -24 230 369 370
diningtable 0.0012 468 289 497 328
diningtable 0.0012 144 272 207 358
diningtable 0.0012 40 238 250 388
diningtable 0.0012 264 291 327 375
diningtable 0.0012 190 241 292 383
diningtable 0.0011 360 337 414 375
diningtable 0.0011 -1 191 16 233
diningtable 0.0010 0 151 24 281
diningtable 0.0010 206 292 284 371
diningtable 0.0010 6 319 90 379
diningtable 0.0010 418 323 446 363
tvmonitor 0.0014 0 148 27 234
tvmonitor 0.0012 266 295 323 379
tvmonitor 0.0012 451 -2 501 98
tvmonitor 0.0012 0 151 26 195
