person 0.9847 90 154 180 415
person 0.0055 99 151 175 287
person 0.0046 91 197 174 326
person 0.0039 156 275 185 350
person 0.0034 235 220 273 305
person 0.0033 90 247 172 386
person 0.0031 219 141 254 214
person 0.0029 215 139 238 215
person 0.0027 9 142 16 176
person 0.0017 38 143 56 176
person 0.0015 220 140 233 176
person 0.0010 55 195 151 368
bicycle 0.1604 8 197 97 304
bicycle 0.1411 0 191 59 303
bicycle 0.0606 235 220 273 305
bicycle 0.0210 59 213 105 309
bicycle 0.0141 40 202 95 288
bicycle 0.0082 96 155 177 357
bicycle 0.0052 55 195 151 368
bicycle 0.0050 1 217 28 297
bicycle 0.0033 47 222 93 321
bicycle 0.0023 0 194 35 279
bicycle 0.0022 0 185 52 227
bicycle 0.0022 66 205 97 287
bicycle 0.0015 80 221 101 307
bicycle 0.0013 42 215 172 308
bicycle 0.0012 255 224 272 303
bicycle 0.0011 5 172 184 332
bicycle 0.0010 245 208 271 264
bicycle 0.0010 89 262 176 401
car 0.0087 235 220 273 305
car 0.0064 0 192 62 296
car 0.0020 35 86 96 121
car 0.0015 35 142 68 179
car 0.0013 0 189 49 242
car 0.0011 245 208 271 264
motorbike 0.0434 235 220 273 305
motorbike 0.0021 -2 205 58 302
motorbike 0.0015 8 197 97 304
boat 0.0010 35 86 96 121
bird 0.0010 92 165 185 417
dog 0.0069 92 165 185 417
dog 0.0022 156 278 183 349
sheep 0.0010 89 262 176 401
chair 0.0020 89 164 178 417
chair 0.0014 235 222 272 306
pottedplant 0.0011 236 222 272 305
