bird 0.8748 162 282 270 383
bird 0.6972 30 73 295 483
bird 0.0290 127 226 287 346
bird 0.0191 150 264 214 336
bird 0.0143 312 275 329 292
bird 0.0085 34 61 174 354
bird 0.0069 222 249 291 309
bird 0.0037 99 251 259 396
bird 0.0036 151 247 283 319
bird 0.0035 149 278 184 326
bird 0.0031 121 268 248 360
bird 0.0028 159 280 252 343
bird 0.0026 309 286 331 296
bird 0.0021 317 273 340 296
bird 0.0019 322 287 333 296
bird 0.0016 89 129 322 376
bird 0.0014 0 278 40 313
bird 0.0013 268 246 278 261
bird 0.0012 125 283 207 342
