person 0.7676 -13 -11 442 380
person 0.0484 -1 1 192 369
person 0.0477 105 237 391 375
person 0.0447 96 109 420 362
person 0.0051 364 174 498 369
person 0.0027 50 207 530 372
person 0.0017 101 37 464 277
person 0.0012 366 79 499 307
cat 0.5368 142 122 413 340
cat 0.0413 105 237 391 375
cat 0.0057 3 85 427 378
cat 0.0022 80 141 327 359
cat 0.0020 237 249 390 374
cat 0.0019 199 173 473 374
cat 0.0016 335 163 497 354
dog 0.0040 135 127 418 373
dog 0.0018 335 163 497 354
chair 0.0233 29 3 462 382
chair 0.0149 96 109 420 362
chair 0.0131 364 174 498 369
chair 0.0061 130 127 204 165
chair 0.0038 122 124 352 190
chair 0.0014 387 285 500 375
sofa 0.1200 88 126 424 374
sofa 0.0187 359 174 500 372
sofa 0.0105 23 -18 466 401
sofa 0.0054 394 249 500 376
sofa 0.0042 104 238 391 374
sofa 0.0011 -4 74 279 378
sofa 0.0011 -1 144 189 369
sofa 0.0010 229 175 483 373
diningtable 0.0068 381 227 499 372
