person 0.9367 344 54 478 254
person 0.0110 293 56 420 281
person 0.0043 332 134 420 291
person 0.0024 375 145 421 280
person 0.0023 391 140 479 246
person 0.0017 358 81 430 251
bicycle 0.0159 9 137 286 387
bicycle 0.0021 77 153 205 242
bicycle 0.0014 32 245 289 367
car 0.6135 215 -2 500 106
car 0.0115 9 137 286 387
motorbike 0.0038 9 137 286 387
bus 0.0056 213 0 500 106
cat 0.9306 77 153 205 242
cat 0.0103 -11 39 281 352
cat 0.0054 57 109 265 300
cat 0.0042 0 236 289 382
cat 0.0028 297 112 371 270
cat 0.0019 338 152 414 298
dog 0.9478 294 114 374 268
dog 0.9139 339 160 413 297
dog 0.1094 76 158 210 241
dog 0.0077 392 234 423 270
dog 0.0066 364 146 420 273
dog 0.0057 289 79 461 297
dog 0.0052 35 237 283 368
dog 0.0039 314 115 437 265
dog 0.0034 9 137 286 387
dog 0.0018 335 226 422 293
sheep 0.0184 340 182 399 299
sheep 0.0054 294 114 374 268
sheep 0.0023 333 136 420 290
sheep 0.0015 375 145 421 280
sheep 0.0011 77 153 205 242
sheep 0.0010 0 236 289 382
cow 0.0015 338 152 414 298
chair 0.0550 3 151 287 385
chair 0.0204 55 145 220 252
chair 0.0030 41 135 248 319
chair 0.0016 32 245 289 367
chair 0.0014 0 252 31 392
chair 0.0013 15 -10 319 408
sofa 0.0042 9 137 286 387
sofa 0.0015 55 145 220 252
pottedplant 0.0488 2 7 244 231
pottedplant 0.0050 93 13 235 152
pottedplant 0.0037 -1 13 62 392
pottedplant 0.0034 77 153 205 242
pottedplant 0.0030 -6 47 212 338
pottedplant 0.0021 0 11 58 94
pottedplant 0.0013 -1 9 110 227
pottedplant 0.0011 46 39 202 144
pottedplant 0.0010 0 90 103 373
diningtable 0.0010 9 137 286 387
