person 0.0449 -7 156 498 380
person 0.0408 38 -3 465 360
person 0.0010 2 19 86 296
cat 0.8752 38 -3 465 360
dog 0.0026 38 -3 465 360
chair 0.0865 -7 156 498 380
chair 0.0323 469 297 500 376
chair 0.0311 55 -6 496 364
chair 0.0161 -4 282 259 376
chair 0.0059 230 166 475 374
chair 0.0021 467 222 500 363
chair 0.0011 9 268 481 383
chair 0.0010 464 263 490 308
sofa 0.5876 -7 158 498 379
sofa 0.0343 469 297 500 376
sofa 0.0228 39 -3 466 356
sofa 0.0150 -4 282 259 376
sofa 0.0041 208 172 464 372
sofa 0.0030 9 268 481 383
pottedplant 0.0043 39 -3 466 356
diningtable 0.0578 39 -3 466 356
