person 0.0259 0 18 12 179
person 0.0226 0 80 9 188
person 0.0198 0 28 12 329
person 0.0114 139 47 154 63
person 0.0083 136 47 147 64
person 0.0080 0 14 23 379
person 0.0066 126 36 171 73
person 0.0059 0 0 16 121
person 0.0036 -1 52 61 380
person 0.0023 133 44 151 68
person 0.0020 0 -7 6 161
person 0.0016 0 152 147 240
person 0.0012 0 106 5 218
person 0.0011 484 42 500 240
cat 0.0016 0 61 9 166
cat 0.0012 119 24 182 75
dog 0.0027 119 24 182 75
dog 0.0016 0 61 9 166
horse 0.0014 29 5 75 93
bottle 0.9898 356 30 392 134
bottle 0.0351 238 119 267 191
bottle 0.0033 205 142 228 184
bottle 0.0029 234 92 263 132
bottle 0.0027 364 78 391 132
bottle 0.0014 207 153 223 190
chair 0.6374 382 87 496 142
chair 0.5070 285 290 502 373
chair 0.1487 391 95 499 282
chair 0.0973 62 111 141 159
chair 0.0785 60 104 203 163
chair 0.0546 302 98 498 371
chair 0.0498 0 288 32 375
chair 0.0458 0 170 25 377
chair 0.0326 132 97 200 147
chair 0.0279 386 86 436 129
chair 0.0198 0 121 54 385
chair 0.0189 0 92 8 191
chair 0.0161 -1 224 46 378
chair 0.0152 438 72 499 323
chair 0.0151 0 152 147 240
chair 0.0145 445 104 495 142
chair 0.0123 255 90 277 107
chair 0.0121 0 18 12 179
chair 0.0114 0 0 16 121
chair 0.0095 29 5 75 93
chair 0.0092 0 156 99 373
chair 0.0092 0 -7 6 161
chair 0.0087 357 58 391 135
chair 0.0073 0 241 13 374
chair 0.0070 480 73 500 319
chair 0.0058 35 97 519 370
chair 0.0057 495 89 500 142
chair 0.0057 67 125 258 172
chair 0.0052 90 83 237 158
chair 0.0051 210 30 236 89
chair 0.0050 0 106 5 218
chair 0.0050 263 92 279 106
chair 0.0049 0 286 91 375
chair 0.0048 493 92 500 155
chair 0.0047 0 19 15 377
chair 0.0039 0 139 174 291
chair 0.0037 0 312 54 375
chair 0.0036 236 90 268 127
chair 0.0032 420 98 492 147
chair 0.0031 0 314 12 377
chair 0.0030 386 154 499 370
chair 0.0029 314 67 502 240
chair 0.0028 236 87 273 108
chair 0.0028 0 135 4 189
chair 0.0024 49 53 226 167
chair 0.0023 0 195 10 343
chair 0.0021 286 82 506 149
chair 0.0021 334 81 457 132
chair 0.0021 165 96 491 285
chair 0.0019 146 137 221 171
chair 0.0017 491 89 500 256
chair 0.0016 0 247 133 376
chair 0.0014 265 220 491 370
chair 0.0014 0 82 8 145
chair 0.0014 389 83 501 192
chair 0.0014 484 42 500 240
chair 0.0013 0 10 9 86
chair 0.0013 0 30 5 102
chair 0.0012 494 49 500 163
chair 0.0011 81 19 209 120
chair 0.0011 11 0 82 118
chair 0.0010 482 72 500 171
sofa 0.0068 35 97 519 370
sofa 0.0056 0 53 11 186
sofa 0.0047 285 289 501 372
sofa 0.0023 0 152 147 240
sofa 0.0020 382 87 496 142
sofa 0.0020 0 28 12 329
sofa 0.0016 60 104 203 163
sofa 0.0015 436 107 500 348
sofa 0.0014 165 96 491 285
sofa 0.0013 0 97 7 208
sofa 0.0012 302 98 498 371
sofa 0.0011 390 94 499 283
sofa 0.0010 63 111 140 159
pottedplant 0.0299 231 64 257 91
pottedplant 0.0059 226 60 261 107
pottedplant 0.0018 231 80 262 112
pottedplant 0.0017 247 71 260 88
pottedplant 0.0017 0 152 147 240
pottedplant 0.0012 243 73 261 95
pottedplant 0.0011 228 71 246 97
diningtable 0.9573 -3 94 504 376
diningtable 0.0086 296 90 490 376
diningtable 0.0043 323 154 454 242
diningtable 0.0027 283 140 470 287
diningtable 0.0018 15 64 490 251
diningtable 0.0016 378 80 494 311
diningtable 0.0010 0 -7 6 161
