person 0.4281 202 140 228 168
person 0.3237 161 150 178 170
person 0.2754 165 149 187 170
person 0.0590 203 138 247 169
person 0.0350 243 135 276 164
person 0.0239 177 149 196 169
person 0.0238 129 155 143 172
person 0.0207 198 147 220 169
person 0.0177 122 160 140 175
person 0.0136 183 137 288 170
person 0.0125 142 149 176 172
person 0.0094 242 149 268 170
person 0.0079 226 133 295 168
person 0.0047 159 142 198 173
person 0.0035 185 148 205 170
person 0.0034 136 150 161 172
person 0.0033 164 138 249 172
person 0.0023 179 139 214 169
person 0.0020 240 153 254 169
person 0.0014 213 148 255 169
person 0.0013 137 140 221 174
person 0.0013 232 148 261 170
person 0.0012 43 117 408 242
person 0.0011 139 125 306 183
car 0.9823 81 121 414 236
car 0.0014 183 137 288 170
aeroplane 0.0016 78 131 418 243
bus 0.0020 86 118 401 239
boat 0.0027 82 130 415 243
