person 0.9864 233 25 495 402
person 0.9490 21 16 272 403
person 0.0037 492 154 500 239
person 0.0031 484 138 500 324
person 0.0028 488 135 500 248
person 0.0016 474 73 500 389
person 0.0014 154 146 224 227
person 0.0012 491 111 500 224
person 0.0011 446 35 499 428
car 0.0018 434 219 500 402
bottle 0.0074 493 183 500 231
chair 0.0179 492 182 500 232
chair 0.0041 482 304 500 396
chair 0.0031 434 226 500 401
chair 0.0025 478 225 500 313
chair 0.0021 493 194 499 253
chair 0.0018 484 138 500 324
chair 0.0017 492 175 500 292
chair 0.0015 492 132 500 242
chair 0.0013 476 223 501 398
sofa 0.0023 434 226 500 401
pottedplant 0.0075 0 217 29 397
pottedplant 0.0070 -1 150 52 393
pottedplant 0.0030 0 183 27 322
pottedplant 0.0020 492 154 500 239
pottedplant 0.0016 488 135 500 248
pottedplant 0.0014 -1 88 32 332
diningtable 0.0488 478 225 500 313
diningtable 0.0450 476 223 501 398
diningtable 0.0449 433 220 500 402
diningtable 0.0123 430 314 501 403
diningtable 0.0081 482 304 500 396
diningtable 0.0031 475 211 499 280
diningtable 0.0025 484 138 500 324
diningtable 0.0024 437 365 499 401
diningtable 0.0024 493 183 500 231
diningtable 0.0023 444 80 499 419
diningtable 0.0023 474 121 500 375
diningtable 0.0015 483 244 501 339
diningtable 0.0014 489 196 500 293
diningtable 0.0012 475 230 499 259
diningtable 0.0012 236 27 494 422
diningtable 0.0011 486 241 500 285
diningtable 0.0011 485 333 500 386
