person 0.9919 332 170 428 340
person 0.0055 185 192 194 205
person 0.0013 342 239 454 342
bicycle 0.9614 343 244 457 340
bicycle 0.0318 335 170 440 341
bicycle 0.0022 354 255 426 320
bicycle 0.0015 375 264 439 331
bicycle 0.0013 389 271 427 325
bicycle 0.0012 404 287 460 340
car 0.0014 311 216 328 224
motorbike 0.0043 343 244 457 340
motorbike 0.0015 335 170 440 341
bird 0.0025 447 234 453 240
bird 0.0013 446 300 463 319
bird 0.0010 311 216 328 224
bottle 0.0048 394 277 408 298
bottle 0.0028 397 273 406 290
