person 0.0130 119 459 137 478
person 0.0115 124 360 137 377
person 0.0108 113 459 131 477
person 0.0090 158 464 181 483
person 0.0060 317 248 331 264
person 0.0050 128 432 135 445
person 0.0046 140 457 161 479
person 0.0042 147 456 170 480
person 0.0039 316 267 328 278
person 0.0039 139 366 161 376
person 0.0037 315 248 334 277
person 0.0027 136 450 180 485
person 0.0024 36 427 261 501
person 0.0024 323 247 342 276
person 0.0023 115 462 141 482
person 0.0020 210 450 226 478
person 0.0019 145 367 170 376
person 0.0018 130 360 146 377
person 0.0017 131 460 169 487
person 0.0016 275 492 289 500
person 0.0015 125 435 136 452
person 0.0015 124 352 140 375
person 0.0012 93 438 104 457
person 0.0010 129 457 150 477
person 0.0010 173 365 184 373
car 0.9814 55 426 289 501
car 0.7841 78 347 220 406
car 0.0120 99 428 217 485
car 0.0066 323 244 342 268
car 0.0035 332 245 344 267
car 0.0032 312 223 334 232
car 0.0022 99 347 180 394
car 0.0019 1 350 7 407
car 0.0019 199 446 291 500
car 0.0011 188 222 203 229
car 0.0011 172 225 182 230
aeroplane 0.0032 253 246 343 278
bus 0.0022 85 348 225 406
boat 0.0241 141 314 181 332
boat 0.0023 323 244 342 268
boat 0.0020 139 314 182 347
boat 0.0014 252 247 337 279
boat 0.0011 84 348 226 406
boat 0.0010 332 245 344 267
bird 0.0014 164 72 170 78
bird 0.0012 141 314 181 332
dog 0.0021 141 314 181 332
cow 0.0022 141 314 180 332
chair 0.0122 139 314 182 347
chair 0.0017 142 313 180 332
