person 0.9876 332 86 446 375
person 0.0073 0 216 9 240
person 0.0068 479 177 487 186
person 0.0063 130 46 135 52
person 0.0029 134 80 143 89
person 0.0027 0 204 12 237
person 0.0026 0 201 11 217
person 0.0024 0 195 10 211
person 0.0011 95 70 107 80
car 0.9748 -2 201 59 312
car 0.0276 376 78 404 87
car 0.0125 0 201 11 217
car 0.0050 0 206 11 237
car 0.0046 0 195 10 211
car 0.0028 362 77 398 88
car 0.0016 0 191 20 243
car 0.0016 352 76 388 90
bus 0.0060 84 74 258 124
train 0.0387 95 73 257 124
boat 0.0082 79 73 256 123
boat 0.0025 410 75 441 81
boat 0.0011 95 70 107 80
boat 0.0011 376 78 404 87
boat 0.0010 407 76 431 82
sheep 0.0028 0 195 10 211
cow 0.0060 0 195 10 211
cow 0.0033 0 201 11 217
