person 0.9841 -3 55 244 373
person 0.9593 205 83 429 371
person 0.9335 372 105 501 371
person 0.0623 0 27 22 368
person 0.0511 0 10 91 365
person 0.0240 2 32 265 176
person 0.0107 12 82 479 366
person 0.0104 0 37 58 318
person 0.0100 0 -1 28 240
person 0.0099 86 55 257 160
person 0.0038 -1 6 52 206
person 0.0035 192 84 260 155
person 0.0021 437 104 501 369
person 0.0016 480 100 500 372
person 0.0015 38 44 291 252
chair 0.0053 -5 59 230 372
chair 0.0040 0 72 94 370
chair 0.0014 372 110 500 384
sofa 0.0389 -5 57 230 373
sofa 0.0211 0 12 92 362
sofa 0.0141 -4 146 490 380
sofa 0.0025 200 96 435 401
sofa 0.0020 0 47 20 380
sofa 0.0017 370 66 501 378
sofa 0.0014 0 5 509 294
tvmonitor 0.0021 8 4 513 78
tvmonitor 0.0020 10 3 504 215
