person 0.0268 480 241 492 255
person 0.0243 492 242 500 255
person 0.0078 109 240 125 274
person 0.0052 107 239 120 259
person 0.0033 491 227 500 256
person 0.0017 102 240 143 275
person 0.0016 91 242 127 274
person 0.0011 493 241 500 275
person 0.0010 320 231 353 284
car 0.0024 222 229 266 247
car 0.0012 492 242 500 255
aeroplane 0.9617 57 55 502 268
aeroplane 0.0510 366 144 498 237
aeroplane 0.0215 322 159 500 283
aeroplane 0.0052 60 173 501 271
aeroplane 0.0034 398 169 499 259
aeroplane 0.0028 335 222 497 302
aeroplane 0.0027 492 242 500 255
aeroplane 0.0026 329 184 501 244
aeroplane 0.0026 377 197 498 225
aeroplane 0.0025 491 227 500 256
aeroplane 0.0025 375 55 497 247
aeroplane 0.0019 478 196 500 273
aeroplane 0.0016 473 123 496 132
aeroplane 0.0015 445 126 500 255
aeroplane 0.0014 304 174 489 226
aeroplane 0.0014 232 113 496 266
aeroplane 0.0012 489 192 500 268
aeroplane 0.0011 480 241 492 255
pottedplant 0.0018 -1 146 69 244
