person 0.7692 3 20 278 376
person 0.0311 361 3 502 156
person 0.0234 182 3 248 90
person 0.0073 71 85 494 363
person 0.0066 367 4 502 83
person 0.0064 173 232 492 373
person 0.0049 355 0 400 96
person 0.0032 191 1 245 54
person 0.0029 231 133 432 323
person 0.0028 0 -1 65 63
person 0.0026 350 2 436 152
person 0.0021 301 9 504 371
person 0.0018 373 67 500 306
person 0.0016 387 129 499 246
person 0.0016 292 153 382 296
person 0.0015 6 0 77 38
person 0.0013 233 73 314 167
person 0.0011 -1 2 122 69
person 0.0011 188 0 291 100
person 0.0010 402 9 499 227
person 0.0010 0 107 21 330
person 0.0010 440 50 500 243
person 0.0010 434 13 502 145
person 0.0010 493 144 499 221
bicycle 0.0047 0 0 52 78
bicycle 0.0023 0 0 142 53
bicycle 0.0017 319 171 385 271
motorbike 0.0037 199 160 470 381
chair 0.8088 360 1 501 230
chair 0.2820 0 178 30 377
chair 0.1379 62 0 140 38
chair 0.1095 0 102 51 186
chair 0.0967 3 46 270 378
chair 0.0736 238 0 327 88
chair 0.0615 235 21 290 102
chair 0.0606 280 4 327 78
chair 0.0573 0 22 51 193
chair 0.0424 -1 100 55 364
chair 0.0308 -1 2 122 69
chair 0.0296 0 1 50 77
chair 0.0291 215 7 300 91
chair 0.0220 0 172 213 373
chair 0.0205 0 147 20 327
chair 0.0204 43 3 215 53
chair 0.0195 0 296 26 374
chair 0.0161 -1 179 99 371
chair 0.0156 351 2 395 91
chair 0.0121 397 3 500 158
chair 0.0119 315 4 352 35
chair 0.0113 387 129 499 246
chair 0.0103 357 0 500 92
chair 0.0093 437 10 500 211
chair 0.0091 188 0 247 94
chair 0.0083 237 1 293 35
chair 0.0075 477 27 500 171
chair 0.0060 217 146 496 374
chair 0.0056 0 1 86 49
chair 0.0047 303 90 494 229
chair 0.0045 -3 150 423 370
chair 0.0042 0 103 19 210
chair 0.0042 310 226 502 374
chair 0.0041 434 95 501 260
chair 0.0040 286 4 320 46
chair 0.0038 313 115 399 158
chair 0.0032 0 181 15 281
chair 0.0032 435 137 501 220
chair 0.0027 0 0 21 195
chair 0.0027 -1 74 51 158
chair 0.0026 373 67 500 306
chair 0.0026 347 2 441 155
chair 0.0025 0 279 44 377
chair 0.0024 -2 -1 124 154
chair 0.0024 -10 254 263 370
chair 0.0023 -10 -4 192 86
chair 0.0022 -2 57 105 236
chair 0.0022 111 151 332 359
chair 0.0021 46 1 98 37
chair 0.0021 86 6 262 80
chair 0.0020 472 82 499 153
chair 0.0020 409 1 498 47
chair 0.0019 482 60 500 258
chair 0.0019 -1 262 17 372
chair 0.0019 -1 204 15 349
chair 0.0018 92 1 193 23
chair 0.0018 354 1 430 93
chair 0.0018 431 8 501 75
chair 0.0017 308 100 436 179
chair 0.0017 0 -51 56 63
chair 0.0016 177 2 239 53
chair 0.0015 -2 -28 143 45
chair 0.0014 28 60 294 220
chair 0.0014 397 150 495 215
chair 0.0013 196 0 250 36
chair 0.0013 275 1 475 226
chair 0.0013 472 6 500 114
chair 0.0013 470 11 500 227
chair 0.0012 492 117 500 209
chair 0.0012 0 -3 25 58
chair 0.0011 0 40 10 190
chair 0.0011 0 62 29 296
chair 0.0010 426 100 487 147
chair 0.0010 311 2 357 83
chair 0.0010 357 3 393 50
chair 0.0010 485 98 500 133
sofa 0.0014 217 146 496 374
diningtable 0.0026 362 6 501 263
diningtable 0.0014 4 20 276 375
diningtable 0.0011 -1 2 122 69
diningtable 0.0010 238 4 328 82
