person 0.0042 0 150 15 280
person 0.0026 0 172 15 371
person 0.0014 0 205 10 332
person 0.0011 1 253 222 376
person 0.0011 0 200 8 279
person 0.0010 0 64 5 243
person 0.0010 0 253 13 324
cat 0.0016 0 282 10 334
dog 0.0012 0 151 14 357
dog 0.0010 0 282 10 334
bottle 0.1033 101 40 115 69
bottle 0.0073 131 44 143 54
bottle 0.0057 124 44 133 55
bottle 0.0050 127 46 149 67
bottle 0.0037 107 53 150 87
bottle 0.0034 94 48 111 66
bottle 0.0022 100 46 117 84
bottle 0.0019 141 44 151 53
bottle 0.0018 89 53 98 65
bottle 0.0017 118 49 140 63
bottle 0.0013 333 71 346 105
bottle 0.0010 109 44 151 71
bottle 0.0010 141 53 159 67
chair 0.9696 176 64 330 285
chair 0.0620 305 133 370 249
chair 0.0380 0 133 15 261
chair 0.0225 307 133 358 190
chair 0.0216 0 171 10 269
chair 0.0124 0 151 14 357
chair 0.0086 124 42 377 325
chair 0.0082 317 153 380 202
chair 0.0070 0 98 6 248
chair 0.0069 0 193 7 247
chair 0.0060 -2 254 239 373
chair 0.0053 0 202 7 297
chair 0.0047 0 161 10 222
chair 0.0044 61 77 207 273
chair 0.0039 0 226 6 254
chair 0.0037 0 124 25 309
chair 0.0035 0 174 24 267
chair 0.0034 328 100 436 165
chair 0.0031 292 115 354 200
chair 0.0028 311 138 349 169
chair 0.0028 241 88 419 273
chair 0.0026 271 93 371 227
chair 0.0018 287 152 382 275
chair 0.0018 0 67 23 251
chair 0.0017 -1 147 54 306
chair 0.0016 328 159 351 186
chair 0.0016 304 150 361 213
chair 0.0015 103 78 187 246
chair 0.0012 0 243 4 275
chair 0.0012 290 99 383 181
chair 0.0011 315 124 390 194
chair 0.0011 0 222 12 335
chair 0.0010 0 136 4 210
chair 0.0010 458 104 498 140
sofa 0.1277 -2 254 239 373
sofa 0.0088 0 150 15 280
sofa 0.0044 58 260 190 335
sofa 0.0034 0 171 10 269
sofa 0.0030 74 285 168 332
sofa 0.0026 0 172 15 371
sofa 0.0020 0 117 10 247
sofa 0.0013 0 202 7 297
sofa 0.0012 0 202 99 315
sofa 0.0011 0 291 9 340
pottedplant 0.0038 105 53 150 86
diningtable 0.0497 -2 254 239 373
diningtable 0.0123 58 260 190 335
diningtable 0.0110 74 285 168 332
diningtable 0.0027 346 101 429 161
diningtable 0.0025 -6 139 217 372
diningtable 0.0011 0 223 88 277
diningtable 0.0011 21 213 77 243
tvmonitor 0.7742 344 29 434 120
tvmonitor 0.1096 343 94 432 160
tvmonitor 0.0352 385 100 432 150
tvmonitor 0.0230 344 37 397 113
tvmonitor 0.0131 328 12 475 132
tvmonitor 0.0034 436 122 500 233
tvmonitor 0.0019 307 100 341 113
tvmonitor 0.0019 316 114 369 134
tvmonitor 0.0015 349 111 391 133
tvmonitor 0.0013 388 10 411 29
tvmonitor 0.0011 343 27 376 95
tvmonitor 0.0010 484 65 500 108
tvmonitor 0.0010 345 107 411 142
