person 0.0541 270 218 279 233
person 0.0393 256 219 267 233
person 0.0233 277 218 289 233
person 0.0209 390 215 411 228
person 0.0207 406 213 427 228
person 0.0151 242 218 266 233
person 0.0131 34 221 54 238
person 0.0074 233 220 252 233
person 0.0067 469 211 498 227
person 0.0064 43 220 57 236
person 0.0061 55 216 86 235
person 0.0060 71 216 89 236
person 0.0043 9 218 54 241
person 0.0038 280 217 308 235
person 0.0029 73 213 86 230
person 0.0025 0 232 9 241
person 0.0023 87 221 99 236
person 0.0022 469 202 499 220
person 0.0022 12 228 50 242
person 0.0021 42 208 60 232
person 0.0021 1 218 29 241
person 0.0019 28 205 55 233
person 0.0019 267 217 283 234
person 0.0019 491 197 500 225
person 0.0019 489 213 500 226
person 0.0018 249 215 276 230
person 0.0017 174 218 200 234
person 0.0017 457 205 477 216
person 0.0016 34 230 47 240
person 0.0016 93 224 107 236
person 0.0016 1 230 26 242
person 0.0015 5 211 24 229
person 0.0012 462 204 491 217
person 0.0011 8 62 479 225
person 0.0010 373 222 384 230
car 0.2055 101 216 174 242
car 0.1389 314 213 350 230
car 0.0442 456 211 492 228
car 0.0183 288 217 317 235
car 0.0157 185 220 211 235
car 0.0153 165 220 186 235
car 0.0122 53 219 72 235
car 0.0110 389 213 424 228
car 0.0107 0 232 9 241
car 0.0076 0 216 51 242
car 0.0075 233 220 252 233
car 0.0070 200 221 234 237
car 0.0066 418 214 440 227
car 0.0063 406 213 427 228
car 0.0060 489 213 500 226
car 0.0051 318 218 359 232
car 0.0036 364 222 378 231
car 0.0030 312 218 333 232
car 0.0029 174 218 200 234
car 0.0026 153 217 186 236
car 0.0022 34 221 54 238
car 0.0019 373 222 384 230
car 0.0017 55 216 86 235
car 0.0016 8 62 479 225
car 0.0016 159 212 180 229
car 0.0015 1 230 26 242
car 0.0015 242 218 266 233
car 0.0015 310 213 389 230
car 0.0014 0 219 8 240
car 0.0014 43 220 57 236
car 0.0013 222 219 251 235
car 0.0012 93 224 107 236
car 0.0012 436 216 459 225
car 0.0011 277 218 289 233
car 0.0010 71 216 89 236
aeroplane 0.9612 10 67 478 235
aeroplane 0.0261 94 216 169 242
aeroplane 0.0165 7 204 58 239
aeroplane 0.0116 0 216 50 242
aeroplane 0.0080 455 197 499 226
aeroplane 0.0053 101 205 194 238
aeroplane 0.0053 468 176 501 224
aeroplane 0.0039 -9 165 117 196
aeroplane 0.0037 2 175 111 236
aeroplane 0.0036 2 166 195 235
aeroplane 0.0031 456 211 493 227
aeroplane 0.0029 357 144 426 167
aeroplane 0.0029 491 197 500 225
aeroplane 0.0028 491 183 500 219
aeroplane 0.0026 489 171 500 189
aeroplane 0.0025 465 176 484 187
aeroplane 0.0022 489 172 500 209
aeroplane 0.0021 388 163 469 192
aeroplane 0.0020 447 140 500 217
aeroplane 0.0019 469 202 499 220
aeroplane 0.0019 471 190 501 214
aeroplane 0.0017 0 127 107 220
aeroplane 0.0017 399 129 499 223
aeroplane 0.0017 456 176 478 188
aeroplane 0.0016 437 170 494 192
aeroplane 0.0016 468 153 501 208
aeroplane 0.0016 389 213 424 228
aeroplane 0.0015 426 180 507 221
aeroplane 0.0014 452 164 499 198
aeroplane 0.0014 412 150 466 167
aeroplane 0.0014 1 114 187 226
aeroplane 0.0014 418 148 458 161
aeroplane 0.0013 462 204 491 217
aeroplane 0.0012 484 194 501 227
aeroplane 0.0012 448 176 465 188
aeroplane 0.0012 1 170 492 237
aeroplane 0.0012 490 150 500 169
aeroplane 0.0011 10 199 73 225
aeroplane 0.0011 486 152 501 209
aeroplane 0.0011 310 213 389 230
aeroplane 0.0011 -2 203 34 239
aeroplane 0.0011 401 202 498 228
aeroplane 0.0011 11 206 486 260
aeroplane 0.0011 348 160 470 184
aeroplane 0.0010 490 157 500 187
aeroplane 0.0010 364 144 461 175
aeroplane 0.0010 468 144 500 178
bus 0.0459 456 211 492 228
bus 0.0133 389 213 424 228
bus 0.0129 0 203 57 240
bus 0.0105 97 216 180 241
bus 0.0054 314 213 350 230
bus 0.0049 418 214 440 227
bus 0.0034 467 197 500 225
bus 0.0033 489 213 500 226
bus 0.0032 406 213 427 228
bus 0.0030 491 197 500 225
bus 0.0017 1 219 48 242
bus 0.0010 407 213 466 226
train 0.0020 456 211 492 228
