person 0.0035 343 163 364 188
bicycle 0.0021 273 175 315 193
boat 0.0014 28 219 289 376
bottle 0.0448 219 180 228 207
bottle 0.0077 343 163 364 188
bottle 0.0061 435 192 454 230
bottle 0.0055 334 170 343 196
bottle 0.0021 332 176 347 207
bottle 0.0013 224 260 247 283
bottle 0.0013 384 204 397 222
bottle 0.0013 333 166 346 186
bottle 0.0010 262 180 272 198
bottle 0.0010 437 191 453 212
chair 0.8669 26 334 186 374
chair 0.7671 0 216 55 372
chair 0.6950 210 213 315 376
chair 0.5339 378 226 456 372
chair 0.4182 237 195 282 221
chair 0.2666 451 234 501 366
chair 0.1589 155 238 199 257
chair 0.1251 384 277 450 362
chair 0.1212 378 227 457 287
chair 0.0848 303 203 361 323
chair 0.0782 198 333 316 374
chair 0.0492 4 211 57 293
chair 0.0342 240 184 355 324
chair 0.0291 6 243 294 376
chair 0.0282 284 170 359 300
chair 0.0236 381 219 498 327
chair 0.0234 475 253 499 369
chair 0.0185 152 228 215 256
chair 0.0131 130 229 301 369
chair 0.0102 0 222 113 371
chair 0.0101 307 210 360 271
chair 0.0091 4 196 65 231
chair 0.0086 188 193 319 270
chair 0.0081 161 239 229 261
chair 0.0076 264 335 319 375
chair 0.0070 196 359 293 374
chair 0.0070 80 201 104 223
chair 0.0067 172 240 233 276
chair 0.0064 153 232 265 309
chair 0.0063 61 191 83 240
chair 0.0062 232 191 319 234
chair 0.0060 0 216 23 374
chair 0.0057 489 248 500 367
chair 0.0055 169 225 314 326
chair 0.0051 310 233 371 287
chair 0.0042 0 213 5 384
chair 0.0038 273 169 317 196
chair 0.0035 385 163 437 206
chair 0.0032 328 196 499 272
chair 0.0032 451 195 499 274
chair 0.0030 327 182 487 348
chair 0.0028 386 278 447 322
chair 0.0027 474 157 500 359
chair 0.0027 238 185 313 219
chair 0.0027 493 204 500 353
chair 0.0025 298 172 374 263
chair 0.0025 274 176 320 212
chair 0.0024 262 209 331 330
chair 0.0023 262 180 272 198
chair 0.0022 450 154 499 319
chair 0.0022 137 206 238 265
chair 0.0022 389 245 503 375
chair 0.0021 333 250 371 269
chair 0.0021 68 192 88 233
chair 0.0020 242 189 249 197
chair 0.0020 394 150 465 203
chair 0.0019 231 311 327 374
chair 0.0019 309 170 439 273
chair 0.0017 95 206 106 221
chair 0.0017 9 210 174 330
chair 0.0016 136 172 376 305
chair 0.0016 299 178 377 216
chair 0.0015 167 276 269 317
chair 0.0015 42 234 170 271
chair 0.0013 45 210 276 263
chair 0.0013 214 218 438 367
chair 0.0013 194 196 216 212
chair 0.0012 123 315 311 377
chair 0.0012 102 258 155 294
chair 0.0012 286 180 344 214
chair 0.0011 95 240 155 268
chair 0.0011 12 187 309 328
chair 0.0011 0 189 88 324
chair 0.0010 448 260 489 336
chair 0.0010 39 213 65 230
chair 0.0010 151 233 188 254
chair 0.0010 346 216 445 292
chair 0.0010 297 184 405 327
chair 0.0010 281 167 348 192
chair 0.0010 79 229 247 275
sofa 0.0046 28 219 289 376
pottedplant 0.4062 29 85 108 234
pottedplant 0.0287 435 192 454 230
pottedplant 0.0241 413 205 437 224
pottedplant 0.0156 2 154 61 205
pottedplant 0.0090 398 195 468 233
pottedplant 0.0056 403 209 436 227
pottedplant 0.0042 50 154 93 243
pottedplant 0.0023 273 169 317 196
pottedplant 0.0020 40 95 66 137
pottedplant 0.0017 63 190 83 237
pottedplant 0.0016 39 96 87 211
pottedplant 0.0015 28 93 77 145
pottedplant 0.0015 34 84 105 164
pottedplant 0.0015 373 192 454 243
pottedplant 0.0015 5 157 39 189
pottedplant 0.0014 0 89 63 221
pottedplant 0.0013 309 166 336 186
pottedplant 0.0012 312 203 370 216
pottedplant 0.0011 316 193 366 213
pottedplant 0.0011 377 182 487 253
pottedplant 0.0011 5 182 41 204
pottedplant 0.0010 5 154 110 292
pottedplant 0.0010 66 105 111 224
pottedplant 0.0010 7 169 38 195
diningtable 0.9446 18 239 301 371
diningtable 0.0705 306 183 504 275
diningtable 0.0530 374 225 457 307
diningtable 0.0251 327 182 487 348
diningtable 0.0159 379 222 491 371
diningtable 0.0094 9 305 311 377
diningtable 0.0082 38 332 205 372
diningtable 0.0082 0 197 64 230
diningtable 0.0052 323 159 484 228
diningtable 0.0047 451 226 499 364
diningtable 0.0039 309 183 438 244
diningtable 0.0038 368 202 497 264
diningtable 0.0036 389 194 477 234
diningtable 0.0030 30 210 258 261
diningtable 0.0028 12 187 309 328
diningtable 0.0027 54 257 241 327
diningtable 0.0027 284 170 359 300
diningtable 0.0023 238 193 284 217
diningtable 0.0020 299 178 377 216
diningtable 0.0018 286 180 344 214
diningtable 0.0016 303 203 361 323
diningtable 0.0014 311 192 395 231
diningtable 0.0014 312 202 388 218
diningtable 0.0013 138 281 236 342
diningtable 0.0012 233 181 347 291
diningtable 0.0012 188 193 319 270
diningtable 0.0011 124 255 201 330
diningtable 0.0011 25 168 264 270
diningtable 0.0011 0 165 64 225
diningtable 0.0010 85 198 240 235
diningtable 0.0010 317 189 385 215
tvmonitor 0.4408 383 163 436 207
tvmonitor 0.0226 394 150 465 203
tvmonitor 0.0027 361 167 435 222
tvmonitor 0.0017 323 159 484 228
tvmonitor 0.0017 393 181 424 206
