person 0.9244 333 -8 500 373
person 0.0042 169 -18 486 382
cat 0.0017 120 169 256 366
dog 0.9602 137 171 261 365
bottle 0.5647 163 142 185 195
bottle 0.5075 130 48 171 115
bottle 0.5030 108 12 131 77
bottle 0.4556 87 10 115 101
bottle 0.4059 71 1 93 32
bottle 0.3525 126 1 158 42
bottle 0.3266 120 9 160 104
bottle 0.3018 104 18 133 128
bottle 0.2996 131 124 144 157
bottle 0.2293 90 0 114 54
bottle 0.2146 143 144 157 173
bottle 0.1322 152 145 165 177
bottle 0.1201 91 0 111 21
bottle 0.1162 113 0 131 19
bottle 0.1126 125 114 138 151
bottle 0.0804 110 11 130 43
bottle 0.0637 114 0 141 35
bottle 0.0633 111 95 126 127
bottle 0.0417 104 0 117 19
bottle 0.0391 114 45 182 146
bottle 0.0356 79 1 96 30
bottle 0.0356 126 119 148 162
bottle 0.0339 67 1 83 30
bottle 0.0335 89 15 227 184
bottle 0.0307 92 15 127 113
bottle 0.0290 137 132 159 176
bottle 0.0264 148 9 167 49
bottle 0.0216 132 132 147 167
bottle 0.0199 78 2 137 121
bottle 0.0170 69 2 98 83
bottle 0.0169 139 124 155 164
bottle 0.0129 73 12 107 101
bottle 0.0123 110 23 149 126
bottle 0.0122 120 111 143 158
bottle 0.0103 91 0 167 89
bottle 0.0099 126 7 166 63
bottle 0.0098 121 8 137 42
bottle 0.0091 107 67 133 127
bottle 0.0083 113 93 139 142
bottle 0.0081 99 70 118 118
bottle 0.0078 85 59 101 91
bottle 0.0076 94 5 124 67
bottle 0.0075 102 1 119 28
bottle 0.0071 66 3 258 267
bottle 0.0070 128 1 147 17
bottle 0.0068 88 61 112 108
bottle 0.0065 67 0 99 43
bottle 0.0064 83 46 103 102
bottle 0.0053 121 96 138 134
bottle 0.0052 141 145 161 192
bottle 0.0041 137 60 174 143
bottle 0.0039 97 88 224 223
bottle 0.0038 133 19 163 49
bottle 0.0037 104 85 149 152
bottle 0.0035 112 102 128 140
bottle 0.0034 95 74 112 112
bottle 0.0033 117 54 142 132
bottle 0.0031 92 19 113 72
bottle 0.0030 113 4 144 68
bottle 0.0030 143 37 171 92
bottle 0.0028 90 65 128 127
bottle 0.0028 133 139 165 203
bottle 0.0027 143 76 172 110
bottle 0.0024 81 7 97 42
bottle 0.0020 99 34 122 76
bottle 0.0019 159 140 178 166
bottle 0.0017 121 57 138 92
bottle 0.0017 90 34 110 93
bottle 0.0016 140 88 159 116
bottle 0.0015 110 40 130 89
bottle 0.0015 159 58 173 111
bottle 0.0014 138 122 155 144
bottle 0.0013 148 90 170 113
bottle 0.0013 68 29 114 122
bottle 0.0013 120 132 176 209
bottle 0.0013 99 50 119 100
bottle 0.0012 66 -4 279 75
bottle 0.0012 126 106 148 143
bottle 0.0011 138 3 173 49
bottle 0.0011 49 11 169 179
bottle 0.0010 127 27 154 63
chair 0.0212 260 0 287 48
chair 0.0144 260 0 338 49
chair 0.0024 0 62 20 210
chair 0.0021 0 59 87 367
chair 0.0017 0 63 20 364
chair 0.0012 262 -4 305 46
sofa 0.0023 347 -3 501 368
