person 0.7596 -2 -3 128 283
person 0.0224 431 33 461 61
person 0.0135 13 -3 234 274
person 0.0127 455 33 481 63
person 0.0121 32 27 141 212
person 0.0114 449 32 460 41
person 0.0096 -1 0 91 197
person 0.0080 418 34 440 60
person 0.0073 0 -1 19 283
person 0.0053 467 32 479 45
person 0.0052 399 32 417 63
person 0.0044 434 31 460 43
person 0.0039 0 -17 67 325
person 0.0030 386 33 410 63
person 0.0025 455 32 478 44
person 0.0024 54 11 189 226
person 0.0021 409 34 423 61
person 0.0021 48 53 125 148
person 0.0020 427 33 447 43
person 0.0020 423 34 436 44
person 0.0013 0 133 6 285
person 0.0012 401 32 414 44
person 0.0012 381 33 398 63
person 0.0011 382 26 398 49
person 0.0010 411 43 419 63
bicycle 0.9899 6 2 505 331
bicycle 0.5916 381 33 398 63
bicycle 0.5574 399 32 417 63
bicycle 0.4766 455 33 481 63
bicycle 0.4581 417 32 455 62
bicycle 0.4122 385 33 410 63
bicycle 0.2700 435 32 478 61
bicycle 0.0676 409 34 423 61
bicycle 0.0623 462 43 483 63
bicycle 0.0457 376 28 418 65
bicycle 0.0370 429 42 464 64
bicycle 0.0258 418 43 438 62
bicycle 0.0241 411 43 419 63
bicycle 0.0124 381 73 500 328
bicycle 0.0112 449 32 460 41
bicycle 0.0093 382 26 398 49
bicycle 0.0071 386 24 410 50
bicycle 0.0069 377 35 388 62
bicycle 0.0054 401 32 414 44
bicycle 0.0047 235 69 497 329
bicycle 0.0046 392 34 421 72
bicycle 0.0046 381 18 499 73
bicycle 0.0045 476 138 500 330
bicycle 0.0037 404 40 431 65
bicycle 0.0036 467 32 479 45
bicycle 0.0036 390 53 498 217
bicycle 0.0032 380 34 399 94
bicycle 0.0032 434 31 460 43
bicycle 0.0029 455 32 478 44
bicycle 0.0025 475 88 500 260
bicycle 0.0025 427 33 447 43
bicycle 0.0023 426 30 467 47
bicycle 0.0023 445 31 466 45
bicycle 0.0023 397 29 418 49
bicycle 0.0021 381 33 436 75
bicycle 0.0021 417 75 445 131
bicycle 0.0018 -2 3 134 338
bicycle 0.0017 442 90 500 324
bicycle 0.0017 265 190 463 319
bicycle 0.0016 374 38 391 67
bicycle 0.0015 423 34 436 44
bicycle 0.0013 471 145 500 234
bicycle 0.0011 476 48 493 62
bicycle 0.0011 382 38 411 90
bicycle 0.0011 493 135 500 245
bicycle 0.0010 392 228 499 324
car 0.0016 449 32 460 41
motorbike 0.0490 418 33 455 61
motorbike 0.0198 455 33 481 63
motorbike 0.0186 435 32 478 61
motorbike 0.0076 385 33 410 63
motorbike 0.0060 398 31 417 63
motorbike 0.0040 381 33 398 63
motorbike 0.0016 429 42 464 64
motorbike 0.0013 407 33 425 61
motorbike 0.0013 462 43 483 63
motorbike 0.0011 449 32 460 41
bottle 0.0089 98 188 127 231
bottle 0.0047 101 174 134 223
bottle 0.0015 213 197 269 261
chair 0.0029 47 5 497 329
chair 0.0025 -2 2 179 272
chair 0.0014 476 72 500 242
chair 0.0011 417 75 445 131
chair 0.0010 0 -1 98 245
chair 0.0010 492 80 500 223
sofa 0.0082 1 68 434 338
pottedplant 0.0026 -2 3 134 338
