person 0.9795 212 158 351 372
person 0.5264 205 70 246 218
person 0.1684 237 74 267 198
person 0.0681 200 102 214 215
person 0.0183 217 57 265 194
person 0.0074 219 53 235 78
person 0.0073 245 53 262 79
person 0.0050 202 51 228 103
person 0.0042 200 81 218 127
person 0.0041 202 112 210 176
person 0.0041 211 69 240 127
person 0.0031 200 77 218 168
person 0.0029 204 75 228 196
person 0.0029 493 142 500 206
person 0.0027 240 67 264 132
person 0.0025 219 71 238 102
person 0.0024 495 154 500 173
person 0.0020 209 164 361 274
person 0.0020 494 202 500 356
person 0.0018 206 82 221 109
person 0.0018 492 128 500 183
person 0.0016 189 60 303 235
person 0.0016 238 69 259 105
person 0.0015 245 184 271 244
person 0.0015 238 53 256 78
person 0.0015 191 81 221 204
person 0.0015 209 175 293 261
person 0.0014 495 153 500 193
person 0.0014 209 126 279 246
person 0.0013 156 154 492 378
person 0.0013 216 56 237 95
person 0.0013 204 145 234 212
person 0.0012 240 104 270 252
person 0.0012 227 61 257 135
person 0.0010 201 97 215 153
person 0.0010 255 51 267 84
bottle 0.0027 246 209 273 259
bottle 0.0021 245 184 271 244
chair 0.9705 395 238 499 372
chair 0.7676 323 191 353 226
chair 0.7448 397 162 422 199
chair 0.5993 327 222 394 329
chair 0.4739 452 142 474 166
chair 0.4108 353 328 384 374
chair 0.3882 438 179 490 280
chair 0.3010 472 159 500 271
chair 0.1949 432 182 485 220
chair 0.1560 448 149 499 205
chair 0.1366 443 159 500 234
chair 0.1345 448 144 498 171
chair 0.1202 329 198 485 244
chair 0.1066 395 195 444 207
chair 0.1054 465 150 501 173
chair 0.1006 346 252 395 338
chair 0.0813 409 164 501 198
chair 0.0724 322 186 394 281
chair 0.0659 299 232 357 371
chair 0.0573 1 363 68 373
chair 0.0493 357 232 454 368
chair 0.0454 393 151 500 222
chair 0.0408 194 208 244 262
chair 0.0386 206 222 368 376
chair 0.0382 198 366 291 376
chair 0.0371 362 163 501 368
chair 0.0297 388 180 482 289
chair 0.0277 484 139 501 266
chair 0.0277 327 168 492 294
chair 0.0250 322 252 356 379
chair 0.0243 368 250 425 375
chair 0.0221 325 190 350 268
chair 0.0209 493 158 500 207
chair 0.0192 398 176 439 204
chair 0.0189 328 221 351 258
chair 0.0188 316 332 387 375
chair 0.0178 466 154 501 189
chair 0.0177 441 142 476 183
chair 0.0167 282 184 446 348
chair 0.0138 495 154 500 173
chair 0.0134 61 263 337 367
chair 0.0128 411 180 439 199
chair 0.0122 7 367 72 375
chair 0.0118 489 154 501 229
chair 0.0118 458 199 494 282
chair 0.0117 209 316 373 374
chair 0.0117 377 213 487 337
chair 0.0116 483 205 501 275
chair 0.0114 381 178 450 219
chair 0.0107 156 154 492 378
chair 0.0102 434 183 478 204
chair 0.0093 440 145 452 167
chair 0.0093 162 224 226 280
chair 0.0093 190 227 221 271
chair 0.0091 393 165 459 199
chair 0.0080 1 302 116 371
chair 0.0079 434 329 500 373
chair 0.0074 495 153 500 193
chair 0.0073 489 182 500 218
chair 0.0071 320 157 497 229
chair 0.0071 381 246 415 351
chair 0.0070 208 145 509 235
chair 0.0069 377 243 402 275
chair 0.0064 420 143 491 180
chair 0.0063 477 200 499 241
chair 0.0057 213 205 265 260
chair 0.0051 339 223 397 275
chair 0.0051 404 238 471 300
chair 0.0049 209 164 361 274
chair 0.0048 471 213 499 282
chair 0.0048 0 287 66 373
chair 0.0044 194 226 217 255
chair 0.0043 157 210 245 269
chair 0.0042 404 193 468 211
chair 0.0039 484 187 500 236
chair 0.0039 491 138 500 189
chair 0.0036 336 256 388 376
chair 0.0035 413 227 485 321
chair 0.0035 395 196 425 204
chair 0.0034 356 268 402 363
chair 0.0033 445 160 484 184
chair 0.0033 376 195 460 227
chair 0.0031 433 284 499 379
chair 0.0030 246 209 273 259
chair 0.0030 213 362 292 374
chair 0.0030 299 337 363 374
chair 0.0030 370 329 420 374
chair 0.0029 378 176 399 204
chair 0.0029 -1 331 67 372
chair 0.0029 -1 358 70 377
chair 0.0028 453 143 474 150
chair 0.0028 356 146 476 213
chair 0.0027 381 171 495 209
chair 0.0027 251 292 352 373
chair 0.0026 311 297 406 374
chair 0.0026 447 205 484 292
chair 0.0025 323 222 355 279
chair 0.0025 428 166 507 354
chair 0.0025 402 128 498 200
chair 0.0024 209 175 293 261
diningtable 0.9606 56 265 301 368
diningtable 0.5152 407 162 500 195
diningtable 0.4346 340 196 467 256
diningtable 0.2589 332 195 485 346
diningtable 0.1520 417 160 493 278
diningtable 0.1132 422 177 491 216
diningtable 0.0938 393 151 500 222
diningtable 0.0656 447 149 499 205
diningtable 0.0365 465 150 501 173
diningtable 0.0352 379 147 498 299
diningtable 0.0239 472 159 500 271
diningtable 0.0206 357 232 454 368
diningtable 0.0200 450 146 501 166
diningtable 0.0197 145 226 223 282
diningtable 0.0114 466 154 501 189
diningtable 0.0099 493 158 500 207
diningtable 0.0088 445 140 501 252
diningtable 0.0068 434 145 481 177
diningtable 0.0067 320 157 497 229
diningtable 0.0062 433 163 479 184
diningtable 0.0058 381 178 450 219
diningtable 0.0054 386 236 499 373
diningtable 0.0047 65 204 294 338
diningtable 0.0043 495 153 500 193
diningtable 0.0042 489 154 501 229
diningtable 0.0041 495 154 500 173
diningtable 0.0038 484 139 501 266
diningtable 0.0035 168 166 357 364
diningtable 0.0029 395 195 444 207
diningtable 0.0020 321 198 456 229
diningtable 0.0019 489 182 500 218
diningtable 0.0019 289 152 514 380
diningtable 0.0018 452 142 474 166
diningtable 0.0015 491 138 500 189
diningtable 0.0014 483 191 501 249
diningtable 0.0014 479 200 500 297
diningtable 0.0013 477 193 499 231
diningtable 0.0013 381 171 495 209
diningtable 0.0012 495 142 500 168
diningtable 0.0012 396 162 424 199
diningtable 0.0012 434 183 478 204
diningtable 0.0012 393 165 459 199
diningtable 0.0012 486 209 500 270
diningtable 0.0011 402 128 498 200
diningtable 0.0010 475 177 499 207
