person 0.9779 265 23 493 371
person 0.0311 266 28 403 278
person 0.0133 322 60 458 302
person 0.0036 363 73 497 323
person 0.0021 319 129 361 183
person 0.0012 51 138 70 172
bird 0.0031 125 219 279 373
cat 0.0010 125 219 279 373
dog 0.2297 120 217 283 371
dog 0.0085 -14 213 269 373
horse 0.0990 125 219 279 373
horse 0.0111 -14 213 269 373
horse 0.0010 370 129 393 254
sheep 0.1452 120 217 283 371
sheep 0.0053 104 220 471 368
sheep 0.0013 -4 180 284 369
cow 0.1779 124 218 279 373
cow 0.0058 -14 213 269 373
cow 0.0010 0 221 66 373
cow 0.0010 51 138 70 172
bottle 0.0135 327 138 352 171
