person 0.9128 2 87 501 349
person 0.0043 162 195 443 317
person 0.0034 0 158 98 312
cat 0.8014 175 193 457 314
cat 0.0207 33 89 518 345
cat 0.0111 351 192 441 255
cat 0.0010 381 214 444 245
cat 0.0010 0 143 98 319
dog 0.2530 167 201 462 307
dog 0.0091 33 89 518 345
dog 0.0062 346 194 448 244
dog 0.0012 0 187 98 315
chair 0.0712 1 59 506 334
chair 0.0038 14 221 484 373
chair 0.0028 2 -3 279 158
chair 0.0014 183 -2 496 157
chair 0.0011 3 -15 270 374
chair 0.0010 162 203 470 335
sofa 0.7557 1 59 506 334
sofa 0.0699 9 -8 498 165
sofa 0.0542 1 -1 274 308
sofa 0.0233 3 -2 278 156
sofa 0.0205 175 6 495 283
sofa 0.0198 14 221 484 373
sofa 0.0075 182 168 459 311
sofa 0.0027 147 1 491 122
sofa 0.0012 15 126 332 321
