person 0.6159 360 0 499 332
person 0.0740 341 -2 497 172
person 0.0374 220 1 501 334
person 0.0016 302 0 449 245
person 0.0010 -15 -14 446 283
cat 0.0010 364 6 500 309
dog 0.9704 206 167 431 330
dog 0.0119 360 0 499 332
dog 0.0068 198 53 456 350
chair 0.8618 -1 -3 109 212
chair 0.0070 341 -1 496 169
chair 0.0047 0 6 97 112
chair 0.0045 0 19 62 102
chair 0.0035 359 0 500 332
chair 0.0018 -1 0 105 41
chair 0.0017 0 -1 102 19
chair 0.0011 0 5 59 199
sofa 0.0287 359 0 500 332
sofa 0.0089 339 -4 499 177
sofa 0.0024 -1 -5 103 217
diningtable 0.0136 -1 3 108 223
diningtable 0.0037 86 81 208 170
