person 0.9838 75 3 338 330
person 0.9722 22 0 143 334
person 0.9680 267 -1 392 335
person 0.7101 0 12 30 338
person 0.3605 150 -1 212 104
person 0.2207 144 1 273 98
person 0.1533 0 1 30 115
person 0.0432 137 -1 219 188
person 0.0355 120 12 205 304
person 0.0263 177 1 219 48
person 0.0248 56 7 218 329
person 0.0213 240 52 270 102
person 0.0163 7 3 171 101
person 0.0096 0 2 49 158
person 0.0086 220 10 338 338
person 0.0086 12 11 86 337
person 0.0083 1 2 88 113
person 0.0079 104 3 306 152
person 0.0075 150 50 191 101
person 0.0066 269 8 388 162
person 0.0066 137 93 189 259
person 0.0057 178 1 261 47
person 0.0055 68 3 203 96
person 0.0054 150 28 205 244
person 0.0052 356 45 392 304
person 0.0047 364 91 391 260
person 0.0046 202 0 310 93
person 0.0042 130 3 236 56
person 0.0040 315 45 395 283
person 0.0030 104 5 187 75
person 0.0030 232 12 278 105
person 0.0029 143 15 355 237
person 0.0024 0 -1 27 62
person 0.0021 64 5 216 179
person 0.0019 205 10 311 230
person 0.0019 166 0 246 75
person 0.0016 283 55 348 142
person 0.0016 188 34 293 119
person 0.0015 75 38 136 279
person 0.0015 254 99 299 254
person 0.0014 240 2 276 46
person 0.0014 17 26 73 133
person 0.0014 82 46 202 229
person 0.0014 0 0 55 55
person 0.0012 30 16 147 135
person 0.0012 -1 2 15 130
person 0.0012 211 40 272 111
person 0.0011 0 66 5 239
person 0.0010 225 45 294 265
person 0.0010 -1 -20 64 298
person 0.0010 79 68 171 322
person 0.0010 14 2 159 53
bus 0.0013 81 0 408 332
horse 0.0012 -1 43 30 340
bottle 0.0029 278 60 322 134
bottle 0.0015 79 67 85 83
