person 0.1374 0 -3 167 161
person 0.1362 1 4 172 325
person 0.0072 8 13 501 332
person 0.0072 434 266 500 318
person 0.0049 245 162 498 333
person 0.0044 433 174 500 323
person 0.0043 -1 50 122 204
person 0.0037 -3 0 152 87
person 0.0025 436 4 501 328
person 0.0019 394 230 499 331
person 0.0013 174 0 255 43
person 0.0012 378 155 499 333
person 0.0012 0 9 55 158
person 0.0011 -1 10 63 320
person 0.0011 381 28 500 303
person 0.0010 0 76 97 158
dog 0.9095 5 24 389 329
dog 0.0010 142 13 504 322
chair 0.0796 2 3 171 327
chair 0.0692 -1 -1 171 167
chair 0.0169 6 12 502 331
chair 0.0089 -1 50 122 204
chair 0.0089 0 69 51 129
chair 0.0061 0 37 56 159
chair 0.0047 0 76 97 158
chair 0.0034 -1 17 61 312
chair 0.0030 174 0 255 43
chair 0.0023 4 98 121 173
chair 0.0016 0 -2 129 111
chair 0.0013 53 0 286 173
chair 0.0010 0 -1 249 99
sofa 0.0651 8 13 501 332
sofa 0.0501 22 163 484 332
sofa 0.0086 -1 0 171 166
sofa 0.0049 1 4 172 325
sofa 0.0019 297 161 498 331
diningtable 0.0502 -1 0 171 166
diningtable 0.0204 1 4 172 325
diningtable 0.0021 -1 50 122 204
diningtable 0.0017 8 13 501 332
diningtable 0.0015 0 70 50 128
diningtable 0.0012 0 9 55 158
diningtable 0.0011 0 -2 129 111
diningtable 0.0011 0 143 134 333
diningtable 0.0010 -1 17 61 312
diningtable 0.0010 -2 52 95 145
tvmonitor 0.0018 373 0 500 184
