person 0.0031 210 190 264 211
person 0.0015 50 194 59 206
person 0.0015 0 167 7 192
person 0.0012 0 196 4 206
person 0.0011 378 108 387 118
car 0.0578 224 191 265 211
car 0.0171 414 176 438 188
car 0.0165 477 175 495 185
car 0.0097 378 109 398 118
car 0.0042 391 177 409 187
car 0.0024 414 183 438 189
car 0.0023 396 177 417 187
car 0.0023 428 177 443 186
car 0.0022 441 173 467 185
car 0.0019 0 159 7 184
car 0.0019 383 178 396 187
car 0.0018 0 196 4 206
car 0.0018 470 177 485 185
car 0.0017 392 110 405 118
car 0.0014 475 102 499 124
car 0.0012 493 174 500 186
aeroplane 0.9859 0 76 494 203
aeroplane 0.2576 0 115 91 191
aeroplane 0.1425 0 118 61 168
aeroplane 0.0582 39 122 85 143
aeroplane 0.0505 61 123 85 142
aeroplane 0.0403 0 119 207 202
aeroplane 0.0348 164 110 208 141
aeroplane 0.0327 22 113 194 156
aeroplane 0.0307 30 119 97 150
aeroplane 0.0279 178 116 202 142
aeroplane 0.0191 0 122 32 181
aeroplane 0.0175 22 88 263 187
aeroplane 0.0160 378 109 398 118
aeroplane 0.0118 392 87 428 103
aeroplane 0.0118 0 159 7 184
aeroplane 0.0117 11 123 92 160
aeroplane 0.0107 -1 130 58 211
aeroplane 0.0103 148 182 230 208
aeroplane 0.0086 64 124 136 143
aeroplane 0.0080 13 122 72 147
aeroplane 0.0079 0 124 10 160
aeroplane 0.0076 473 96 500 129
aeroplane 0.0076 413 176 438 188
aeroplane 0.0070 0 111 12 175
aeroplane 0.0069 0 138 30 167
aeroplane 0.0067 -1 142 26 204
aeroplane 0.0065 65 114 257 147
aeroplane 0.0050 0 140 10 183
aeroplane 0.0045 0 165 9 194
aeroplane 0.0044 392 110 405 118
aeroplane 0.0043 182 185 230 209
aeroplane 0.0043 389 81 436 109
aeroplane 0.0042 378 108 387 118
aeroplane 0.0040 0 103 28 163
aeroplane 0.0040 392 91 409 102
aeroplane 0.0037 487 104 500 122
aeroplane 0.0034 0 128 26 156
aeroplane 0.0034 471 100 500 169
aeroplane 0.0034 120 116 208 144
aeroplane 0.0033 486 94 500 117
aeroplane 0.0032 175 187 269 210
aeroplane 0.0024 0 151 14 191
aeroplane 0.0024 0 84 93 162
aeroplane 0.0023 414 87 434 104
aeroplane 0.0022 71 111 291 209
aeroplane 0.0022 0 180 7 198
aeroplane 0.0021 144 113 192 134
aeroplane 0.0021 0 72 54 173
aeroplane 0.0021 43 122 195 143
aeroplane 0.0019 157 115 180 130
aeroplane 0.0019 0 101 10 147
aeroplane 0.0018 370 96 384 105
aeroplane 0.0017 166 104 188 124
aeroplane 0.0017 1 99 119 223
aeroplane 0.0016 134 119 145 126
aeroplane 0.0015 440 86 500 187
aeroplane 0.0014 34 95 96 143
aeroplane 0.0014 136 116 160 128
aeroplane 0.0014 437 161 499 186
aeroplane 0.0013 160 103 177 124
aeroplane 0.0013 471 110 500 137
aeroplane 0.0013 0 196 4 206
aeroplane 0.0013 377 82 383 89
aeroplane 0.0013 364 97 379 105
aeroplane 0.0012 397 74 499 169
aeroplane 0.0011 229 76 499 193
aeroplane 0.0011 151 97 163 106
aeroplane 0.0011 369 90 387 103
aeroplane 0.0011 12 128 54 153
aeroplane 0.0011 124 114 174 133
aeroplane 0.0010 4 147 41 173
bus 0.0079 436 162 497 185
bus 0.0060 441 173 467 185
bus 0.0058 414 176 438 188
bus 0.0046 477 175 495 185
bus 0.0025 470 161 499 185
bus 0.0016 434 164 466 184
bus 0.0012 470 177 485 185
bus 0.0011 224 191 265 211
bus 0.0010 494 159 500 185
train 0.0017 436 161 499 186
