person 0.0181 109 101 141 150
person 0.0181 150 102 165 186
person 0.0163 370 104 386 146
person 0.0106 326 86 350 151
person 0.0098 152 102 162 147
person 0.0074 325 51 341 66
person 0.0067 399 124 414 149
person 0.0064 111 114 126 149
person 0.0059 150 113 183 204
person 0.0055 410 116 447 151
person 0.0040 76 90 175 192
person 0.0031 363 86 391 148
person 0.0031 390 95 438 151
person 0.0030 96 125 108 145
person 0.0028 230 135 283 224
person 0.0026 414 116 439 135
person 0.0024 74 122 88 142
person 0.0024 166 143 190 182
person 0.0021 169 142 186 169
person 0.0020 371 90 419 154
person 0.0019 102 117 120 148
person 0.0019 379 110 454 159
person 0.0018 96 135 105 146
person 0.0018 89 118 113 148
person 0.0018 405 98 454 150
person 0.0017 109 96 166 153
person 0.0017 386 119 413 152
person 0.0016 108 108 131 198
person 0.0016 131 92 168 197
person 0.0016 394 101 421 150
person 0.0015 206 135 237 182
person 0.0012 397 129 419 155
person 0.0012 410 136 427 151
person 0.0011 401 130 456 156
person 0.0010 72 112 90 141
person 0.0010 458 34 470 47
bus 0.0022 53 -19 500 331
train 0.9269 59 3 493 371
train 0.0142 70 90 190 216
train 0.0054 0 11 91 294
train 0.0034 4 50 184 252
train 0.0034 304 10 499 365
train 0.0033 105 98 146 152
train 0.0017 0 104 15 204
train 0.0016 315 4 501 157
train 0.0013 100 89 177 160
train 0.0011 77 103 128 171
chair 0.0050 328 100 349 150
chair 0.0015 370 116 385 148
chair 0.0010 382 147 396 158
tvmonitor 0.0080 0 104 15 204
