bicycle 0.0032 243 -3 497 466
bicycle 0.0016 391 8 498 468
cat 0.0020 48 241 430 473
bottle 0.0176 240 1 413 420
bottle 0.0010 302 1 409 102
chair 0.0156 372 240 495 468
chair 0.0092 391 8 498 468
chair 0.0035 450 211 500 328
chair 0.0030 444 103 499 374
chair 0.0029 385 2 499 248
chair 0.0028 445 79 500 232
chair 0.0011 319 244 465 480
chair 0.0011 445 245 500 452
chair 0.0010 432 23 500 303
pottedplant 0.0020 243 -3 497 466
pottedplant 0.0016 15 -4 481 485
diningtable 0.1060 15 -4 481 485
diningtable 0.0020 32 228 442 474
diningtable 0.0015 391 8 498 468
diningtable 0.0012 445 245 500 452
