person 0.9833 281 291 312 367
person 0.9691 325 287 350 375
person 0.9276 389 341 409 374
person 0.8537 413 344 446 373
person 0.5526 363 336 382 374
person 0.1559 277 293 289 306
person 0.1524 276 157 296 172
person 0.0885 348 322 371 371
person 0.0867 100 168 118 175
person 0.0796 276 294 290 317
person 0.0786 383 152 410 177
person 0.0696 46 177 56 186
person 0.0688 369 351 384 374
person 0.0541 378 165 416 178
person 0.0532 252 174 262 194
person 0.0520 23 174 61 187
person 0.0431 384 344 396 371
person 0.0356 238 175 247 191
person 0.0325 355 355 370 374
person 0.0316 368 334 384 361
person 0.0310 381 355 392 373
person 0.0301 301 344 311 362
person 0.0285 16 162 50 185
person 0.0280 366 327 388 368
person 0.0231 354 338 371 373
person 0.0224 267 281 274 293
person 0.0215 303 344 316 362
person 0.0210 339 300 363 372
person 0.0200 99 169 108 175
person 0.0199 282 300 309 334
person 0.0175 28 168 55 183
person 0.0167 274 168 297 175
person 0.0161 353 323 369 350
person 0.0151 273 296 290 333
person 0.0149 494 317 500 375
person 0.0148 311 284 363 378
person 0.0147 364 328 379 349
person 0.0140 378 342 402 373
person 0.0130 186 173 205 187
person 0.0125 263 294 285 322
person 0.0122 391 150 400 159
person 0.0121 29 100 469 362
person 0.0119 324 292 387 373
person 0.0116 266 304 283 328
person 0.0106 330 287 350 311
person 0.0100 267 292 281 307
person 0.0089 357 319 383 358
person 0.0083 345 315 356 338
person 0.0077 261 277 273 294
person 0.0077 290 294 311 319
person 0.0075 67 198 75 205
person 0.0072 285 292 298 304
person 0.0070 290 302 312 350
person 0.0069 274 288 319 344
person 0.0068 262 302 271 330
person 0.0068 344 312 360 361
person 0.0067 331 159 346 170
person 0.0064 262 295 300 366
person 0.0061 414 347 427 369
person 0.0056 54 182 65 187
person 0.0054 7 171 61 189
person 0.0054 261 296 270 318
person 0.0053 7 153 74 190
person 0.0053 103 168 133 175
person 0.0051 440 369 450 374
person 0.0050 316 363 328 373
person 0.0049 302 312 316 361
person 0.0048 345 305 355 330
person 0.0045 397 342 413 373
person 0.0043 259 272 271 289
person 0.0043 326 358 341 373
person 0.0042 237 173 251 193
person 0.0040 293 292 307 306
person 0.0040 256 175 264 193
person 0.0039 397 172 419 178
person 0.0039 243 150 498 374
person 0.0038 295 288 413 374
person 0.0038 233 177 243 189
person 0.0036 213 176 222 188
person 0.0036 266 287 368 374
person 0.0032 329 288 339 307
person 0.0032 249 294 255 318
person 0.0032 273 290 293 310
person 0.0031 250 294 256 308
person 0.0031 492 278 500 377
person 0.0030 331 144 346 165
person 0.0030 262 312 270 336
person 0.0029 264 305 285 346
person 0.0027 218 177 230 188
person 0.0027 296 331 312 363
person 0.0026 304 312 314 339
person 0.0026 475 153 493 157
person 0.0024 255 287 304 339
person 0.0024 327 296 336 316
person 0.0023 42 171 59 182
person 0.0023 248 295 256 336
person 0.0022 342 296 358 338
person 0.0022 253 180 262 197
person 0.0022 260 289 272 310
person 0.0022 474 153 483 157
car 0.0021 285 293 316 323
car 0.0017 186 173 205 187
car 0.0017 296 294 344 319
aeroplane 0.0019 229 277 402 352
boat 0.6031 1 152 63 190
boat 0.5667 331 159 346 170
boat 0.5369 100 168 118 175
boat 0.4937 276 157 296 172
boat 0.2931 378 165 416 178
boat 0.2377 382 151 410 178
boat 0.2371 3 170 65 190
boat 0.2350 331 144 346 165
boat 0.2280 40 0 255 369
boat 0.2257 274 168 297 175
boat 0.1424 244 295 415 374
boat 0.1029 37 -1 465 372
boat 0.0879 326 287 350 375
boat 0.0846 23 174 61 187
boat 0.0759 151 -2 255 211
boat 0.0512 16 162 50 185
boat 0.0498 331 167 346 172
boat 0.0436 372 148 420 179
boat 0.0420 99 169 108 175
boat 0.0410 329 153 348 170
boat 0.0307 391 150 400 159
boat 0.0231 274 288 319 344
boat 0.0226 475 153 493 157
boat 0.0222 240 247 492 374
boat 0.0211 338 300 407 372
boat 0.0192 494 317 500 375
boat 0.0177 46 177 56 186
boat 0.0175 103 168 133 175
boat 0.0169 397 172 419 178
boat 0.0155 492 278 500 377
boat 0.0147 270 165 299 176
boat 0.0141 334 141 343 153
boat 0.0130 474 153 483 157
boat 0.0130 277 144 295 166
boat 0.0126 300 280 372 353
boat 0.0122 247 133 493 181
boat 0.0111 345 305 372 368
boat 0.0108 264 291 293 336
boat 0.0101 269 147 300 174
boat 0.0095 282 292 311 366
boat 0.0092 54 182 65 187
boat 0.0091 352 313 387 363
boat 0.0085 226 253 362 373
boat 0.0079 451 152 461 156
boat 0.0075 28 168 55 183
boat 0.0075 491 151 499 157
boat 0.0073 245 132 494 232
boat 0.0071 286 320 389 375
boat 0.0070 359 329 384 373
boat 0.0069 18 148 47 180
boat 0.0067 252 144 376 175
boat 0.0065 375 175 419 182
boat 0.0062 0 186 27 192
boat 0.0061 94 166 145 177
boat 0.0059 316 284 357 348
boat 0.0059 1 178 27 189
boat 0.0059 385 150 400 160
boat 0.0058 0 148 103 200
boat 0.0058 0 186 8 192
boat 0.0056 0 182 68 196
boat 0.0055 134 60 438 309
boat 0.0053 0 179 7 188
boat 0.0052 252 174 262 194
boat 0.0051 486 253 500 373
boat 0.0051 100 161 119 172
boat 0.0049 55 181 90 187
boat 0.0047 41 173 274 373
boat 0.0044 458 153 472 158
boat 0.0043 114 168 143 174
boat 0.0041 34 225 455 375
boat 0.0041 374 173 388 178
boat 0.0039 420 153 431 158
boat 0.0038 269 171 283 175
boat 0.0036 243 263 354 332
boat 0.0034 4 185 41 192
boat 0.0034 380 143 414 169
boat 0.0034 205 152 456 378
boat 0.0033 310 139 364 175
boat 0.0030 300 169 322 173
boat 0.0029 289 169 317 174
boat 0.0026 461 158 468 162
boat 0.0026 328 168 341 172
boat 0.0025 -17 57 270 218
boat 0.0025 294 145 349 160
boat 0.0025 92 4 412 203
boat 0.0024 341 315 364 375
boat 0.0023 315 316 432 376
boat 0.0022 271 155 332 173
boat 0.0021 353 323 369 350
boat 0.0020 66 181 94 186
boat 0.0019 306 293 477 373
boat 0.0019 26 146 36 162
boat 0.0019 412 152 426 157
boat 0.0019 48 178 98 188
boat 0.0019 495 349 499 379
boat 0.0018 331 134 346 159
boat 0.0017 98 156 121 175
boat 0.0017 372 129 500 184
boat 0.0017 275 122 297 168
boat 0.0017 293 149 331 155
bird 0.0021 202 72 212 85
bird 0.0020 185 11 192 28
bird 0.0018 180 0 188 4
bird 0.0010 67 198 75 205
chair 0.0014 344 358 358 373
chair 0.0011 365 350 381 375
chair 0.0011 355 355 370 374
