person 0.9170 5 292 402 499
person 0.8984 -4 4 295 488
person 0.1205 139 308 284 409
person 0.0127 57 272 294 475
person 0.0124 57 320 294 392
person 0.0049 49 362 346 499
person 0.0020 0 338 244 500
person 0.0013 42 243 202 424
person 0.0012 124 57 349 449
person 0.0011 172 313 273 385
person 0.0011 30 329 245 422
bottle 0.0374 245 0 271 25
bottle 0.0084 226 0 272 14
bottle 0.0066 224 0 279 28
bottle 0.0055 258 0 279 29
bottle 0.0046 279 0 297 30
bottle 0.0045 271 0 284 31
bottle 0.0043 248 0 296 30
bottle 0.0023 276 -1 303 58
bottle 0.0023 51 0 97 13
bottle 0.0017 1 290 80 418
bottle 0.0013 54 292 101 388
bottle 0.0012 257 0 279 10
bottle 0.0011 204 0 304 52
bottle 0.0011 279 0 297 9
bottle 0.0010 214 0 249 6
chair 0.0059 -5 65 288 503
chair 0.0032 0 0 56 46
chair 0.0016 57 287 411 501
chair 0.0012 53 0 289 39
sofa 0.0059 -17 258 428 497
sofa 0.0015 -6 7 297 430
