person 0.0031 256 216 279 234
person 0.0018 296 217 311 238
person 0.0011 266 217 286 234
person 0.0011 150 253 179 279
person 0.0010 1 208 160 495
person 0.0010 255 225 281 242
bicycle 0.0024 2 388 173 501
bicycle 0.0018 1 208 160 495
bicycle 0.0014 176 160 330 444
bicycle 0.0012 0 456 172 501
car 0.0020 152 253 185 278
car 0.0011 176 200 329 500
motorbike 0.9845 0 204 161 459
motorbike 0.9801 176 194 331 454
motorbike 0.0135 284 240 332 315
motorbike 0.0117 0 254 47 302
motorbike 0.0100 256 218 329 363
motorbike 0.0096 0 253 47 382
motorbike 0.0078 257 227 332 295
motorbike 0.0022 0 292 19 380
motorbike 0.0021 22 207 153 285
motorbike 0.0020 0 234 50 328
motorbike 0.0019 287 251 332 375
motorbike 0.0016 2 388 173 501
motorbike 0.0015 241 204 341 430
motorbike 0.0015 0 300 42 404
motorbike 0.0013 278 234 332 276
motorbike 0.0012 9 245 46 287
motorbike 0.0012 153 252 185 278
motorbike 0.0010 0 271 18 337
tvmonitor 0.0051 257 178 284 210
