person 0.0012 26 304 316 489
bottle 0.0112 158 354 187 390
bottle 0.0034 171 355 189 388
bottle 0.0025 138 377 172 409
bottle 0.0011 0 0 10 15
chair 0.8923 136 285 245 343
chair 0.6820 0 430 101 500
chair 0.0852 57 312 337 495
chair 0.0470 294 486 332 500
chair 0.0461 3 408 158 499
chair 0.0367 31 449 318 500
chair 0.0303 290 474 331 500
chair 0.0294 -1 252 34 333
chair 0.0263 105 473 321 500
chair 0.0248 4 294 38 334
chair 0.0206 229 365 330 501
chair 0.0182 250 475 331 500
chair 0.0062 119 275 280 470
chair 0.0059 225 453 327 500
chair 0.0054 0 449 14 502
chair 0.0051 -9 394 272 499
chair 0.0048 -2 433 51 500
chair 0.0045 -1 342 15 360
chair 0.0041 133 489 304 500
chair 0.0041 289 449 332 499
chair 0.0038 264 230 312 264
chair 0.0036 232 486 321 500
chair 0.0030 8 323 159 494
chair 0.0030 76 490 246 500
chair 0.0027 8 466 102 500
chair 0.0021 8 298 30 327
chair 0.0021 37 327 152 394
chair 0.0020 279 372 333 495
chair 0.0019 13 285 38 326
chair 0.0017 15 290 56 354
chair 0.0015 0 449 35 500
chair 0.0014 319 473 331 495
chair 0.0013 105 404 320 499
chair 0.0013 2 391 82 481
chair 0.0012 243 491 291 499
chair 0.0011 135 332 224 384
chair 0.0011 22 344 51 359
chair 0.0010 -2 264 45 369
sofa 0.0028 26 304 316 489
pottedplant 0.9514 30 229 156 399
pottedplant 0.0282 39 230 147 319
pottedplant 0.0220 181 201 313 353
pottedplant 0.0075 44 304 151 398
pottedplant 0.0058 226 267 314 357
pottedplant 0.0036 4 294 38 334
pottedplant 0.0029 0 0 10 15
pottedplant 0.0025 134 264 260 336
pottedplant 0.0017 53 253 134 311
pottedplant 0.0013 223 209 314 276
pottedplant 0.0013 202 174 310 307
pottedplant 0.0013 2 260 335 494
pottedplant 0.0012 266 227 311 265
diningtable 0.9642 0 308 335 497
diningtable 0.0113 69 292 287 454
diningtable 0.0032 0 448 319 500
diningtable 0.0020 3 397 315 499
diningtable 0.0014 135 372 178 413
diningtable 0.0013 11 473 308 500
diningtable 0.0012 135 332 224 384
diningtable 0.0011 21 226 315 432
