person 0.1150 247 112 277 137
person 0.1060 200 106 237 140
person 0.0492 277 118 295 134
person 0.0144 240 104 283 138
person 0.0136 156 110 219 141
person 0.0075 251 114 296 135
person 0.0073 75 85 87 104
person 0.0062 162 127 192 140
person 0.0048 142 125 173 142
person 0.0035 133 122 166 143
person 0.0033 71 89 87 120
person 0.0026 37 83 505 249
person 0.0023 216 106 235 130
person 0.0019 207 107 271 139
person 0.0016 140 119 184 146
person 0.0012 249 125 276 138
bicycle 0.0037 71 89 87 120
car 0.9979 -2 84 494 248
dog 0.0014 162 127 192 140
