person 0.8887 89 164 124 229
person 0.0560 102 164 121 200
person 0.0146 105 174 151 224
person 0.0130 96 163 140 219
person 0.0125 45 188 75 232
person 0.0078 56 189 69 207
person 0.0073 83 182 131 239
person 0.0071 39 173 69 228
person 0.0068 191 152 204 174
person 0.0064 51 185 72 212
person 0.0061 65 168 118 231
person 0.0052 91 171 113 209
person 0.0050 195 147 213 174
person 0.0046 0 172 18 296
person 0.0042 65 178 75 205
person 0.0042 490 162 500 181
person 0.0036 51 204 74 233
person 0.0033 0 169 12 233
person 0.0027 109 168 125 210
person 0.0025 104 163 118 182
person 0.0022 489 164 500 195
person 0.0019 42 175 64 209
person 0.0018 139 172 155 192
person 0.0016 61 204 78 235
person 0.0016 141 165 153 181
person 0.0015 28 178 61 225
person 0.0011 189 167 203 177
person 0.0011 0 202 14 330
person 0.0010 199 165 212 177
car 0.0027 304 190 324 214
car 0.0017 42 213 68 229
car 0.0012 42 187 69 230
car 0.0010 488 199 500 220
car 0.0010 56 189 69 207
chair 0.0816 434 177 465 221
chair 0.0539 7 216 38 296
chair 0.0394 0 185 22 326
chair 0.0280 105 188 156 233
chair 0.0222 3 208 27 290
chair 0.0217 65 178 75 205
chair 0.0161 43 187 76 235
chair 0.0155 9 214 78 301
chair 0.0113 436 182 465 275
chair 0.0084 10 219 30 278
chair 0.0075 475 188 499 211
chair 0.0073 0 188 14 289
chair 0.0069 63 199 102 240
chair 0.0054 56 189 69 207
chair 0.0052 52 205 74 233
chair 0.0051 9 237 126 301
chair 0.0049 42 213 68 229
chair 0.0045 41 209 92 255
chair 0.0041 109 198 127 222
chair 0.0038 0 217 14 334
chair 0.0037 93 170 124 246
chair 0.0036 2 178 54 297
chair 0.0034 439 202 468 255
chair 0.0033 44 221 67 231
chair 0.0032 96 169 140 228
chair 0.0032 452 192 499 239
chair 0.0031 486 186 500 213
chair 0.0030 22 -21 477 361
chair 0.0026 51 185 72 212
chair 0.0025 8 232 56 317
chair 0.0025 459 173 497 215
chair 0.0025 205 174 227 207
chair 0.0024 61 204 78 235
chair 0.0024 89 202 106 236
chair 0.0022 104 200 136 236
chair 0.0021 185 173 225 210
chair 0.0021 64 182 76 213
chair 0.0019 488 199 500 220
chair 0.0019 46 221 75 238
chair 0.0019 488 167 500 210
chair 0.0019 110 175 125 222
chair 0.0019 140 191 156 227
chair 0.0018 462 186 490 210
chair 0.0018 217 171 228 192
chair 0.0017 453 208 499 262
chair 0.0017 111 207 127 228
chair 0.0017 189 167 203 177
chair 0.0016 22 211 158 298
chair 0.0016 7 216 26 261
chair 0.0016 92 200 126 238
chair 0.0015 304 190 324 213
chair 0.0015 63 178 99 205
chair 0.0014 172 174 182 207
chair 0.0014 472 191 499 227
chair 0.0014 79 181 134 239
chair 0.0013 490 162 500 181
chair 0.0013 85 193 101 207
chair 0.0013 62 199 77 220
chair 0.0012 46 226 78 249
chair 0.0011 7 217 58 261
chair 0.0011 304 200 323 215
chair 0.0010 62 215 80 240
chair 0.0010 441 217 468 242
chair 0.0010 199 165 212 177
chair 0.0010 446 170 499 259
sofa 0.0139 434 176 464 223
sofa 0.0029 27 191 476 316
sofa 0.0024 106 190 155 237
sofa 0.0012 0 185 22 326
pottedplant 0.1302 471 167 500 214
pottedplant 0.0866 139 176 156 222
pottedplant 0.0518 489 164 500 195
pottedplant 0.0358 0 185 22 326
pottedplant 0.0348 474 168 499 195
pottedplant 0.0258 487 167 500 211
pottedplant 0.0218 128 37 199 229
pottedplant 0.0206 474 186 499 212
pottedplant 0.0192 434 177 465 221
pottedplant 0.0167 434 103 467 218
pottedplant 0.0158 128 170 157 226
pottedplant 0.0147 490 162 500 181
pottedplant 0.0143 105 174 151 224
pottedplant 0.0138 463 175 491 208
pottedplant 0.0136 -1 8 68 324
pottedplant 0.0122 139 172 155 192
pottedplant 0.0087 114 189 158 234
pottedplant 0.0052 82 69 181 195
pottedplant 0.0048 0 184 55 318
pottedplant 0.0048 63 199 102 240
pottedplant 0.0048 137 53 184 135
pottedplant 0.0044 0 91 17 302
pottedplant 0.0041 0 152 11 227
pottedplant 0.0040 468 188 501 238
pottedplant 0.0039 4 81 80 266
pottedplant 0.0036 84 54 188 138
pottedplant 0.0036 129 124 162 232
pottedplant 0.0035 40 185 70 234
pottedplant 0.0031 466 173 487 190
pottedplant 0.0030 133 163 186 230
pottedplant 0.0028 194 145 213 175
pottedplant 0.0028 136 113 190 236
pottedplant 0.0028 437 130 471 196
pottedplant 0.0027 15 -1 155 115
pottedplant 0.0024 65 178 75 205
pottedplant 0.0024 66 172 116 221
pottedplant 0.0021 434 173 461 191
pottedplant 0.0020 72 83 141 225
pottedplant 0.0020 488 199 500 220
pottedplant 0.0019 105 99 180 248
pottedplant 0.0019 0 217 14 334
pottedplant 0.0019 191 149 206 174
pottedplant 0.0019 0 17 182 162
pottedplant 0.0018 8 223 45 311
pottedplant 0.0017 463 169 491 194
pottedplant 0.0016 440 138 499 216
pottedplant 0.0015 0 49 25 342
pottedplant 0.0015 464 179 474 202
pottedplant 0.0014 102 149 224 244
pottedplant 0.0014 13 27 182 291
pottedplant 0.0014 1 152 59 271
pottedplant 0.0014 477 168 494 179
pottedplant 0.0014 6 208 95 302
pottedplant 0.0013 13 3 81 115
pottedplant 0.0013 436 156 459 185
pottedplant 0.0012 90 125 155 231
pottedplant 0.0011 475 198 499 220
pottedplant 0.0010 0 46 9 142
pottedplant 0.0010 144 68 212 205
diningtable 0.1391 184 173 226 210
diningtable 0.0185 63 199 102 240
diningtable 0.0103 457 206 498 232
diningtable 0.0093 186 172 225 187
diningtable 0.0079 86 163 121 234
diningtable 0.0076 45 239 118 256
diningtable 0.0071 43 187 76 235
diningtable 0.0067 37 240 138 300
diningtable 0.0044 475 188 499 211
diningtable 0.0043 70 171 114 230
diningtable 0.0040 189 167 203 177
diningtable 0.0038 453 208 499 262
diningtable 0.0038 488 205 500 231
diningtable 0.0038 85 193 101 207
diningtable 0.0037 44 221 67 231
diningtable 0.0034 42 213 68 229
diningtable 0.0032 183 172 212 183
diningtable 0.0031 199 165 212 177
diningtable 0.0025 177 166 220 193
diningtable 0.0025 47 227 77 248
diningtable 0.0023 304 200 323 215
diningtable 0.0023 304 190 324 213
diningtable 0.0022 106 190 155 237
diningtable 0.0022 84 198 101 220
diningtable 0.0022 62 187 103 214
diningtable 0.0021 62 199 77 220
diningtable 0.0021 46 221 75 238
diningtable 0.0020 0 185 22 326
diningtable 0.0020 488 199 500 220
diningtable 0.0020 45 228 117 249
diningtable 0.0019 475 198 499 220
diningtable 0.0019 79 181 134 239
diningtable 0.0018 186 158 223 186
diningtable 0.0018 36 238 164 257
diningtable 0.0017 468 216 500 238
diningtable 0.0017 90 184 112 215
diningtable 0.0017 52 205 74 233
diningtable 0.0017 205 173 227 208
diningtable 0.0016 471 190 500 228
diningtable 0.0016 79 202 105 238
diningtable 0.0014 206 172 227 189
diningtable 0.0014 459 201 494 218
diningtable 0.0014 37 193 138 269
diningtable 0.0013 168 173 209 210
diningtable 0.0012 462 186 490 210
diningtable 0.0011 488 167 500 210
diningtable 0.0011 452 192 499 239
diningtable 0.0011 486 186 500 213
diningtable 0.0010 34 229 91 264
diningtable 0.0010 56 189 69 207
