person 0.9808 175 77 227 258
person 0.0417 173 78 228 160
person 0.0224 306 106 317 142
person 0.0098 113 76 120 89
person 0.0073 492 57 500 78
person 0.0057 108 76 118 88
person 0.0049 66 123 79 143
person 0.0043 76 74 82 80
person 0.0042 195 215 220 248
person 0.0040 -7 77 370 282
person 0.0034 136 73 270 268
person 0.0023 316 166 402 249
person 0.0019 49 136 61 147
person 0.0011 51 132 70 148
bicycle 0.0010 51 132 70 148
car 0.0029 441 91 454 100
car 0.0012 492 59 500 87
aeroplane 0.0171 -7 77 370 282
boat 0.0014 3 83 363 279
bird 0.0015 396 157 423 171
dog 0.9905 315 165 406 250
horse 0.0048 315 165 406 250
sheep 0.0016 316 162 405 244
cow 0.0044 316 166 402 249
