person 0.0302 487 0 499 165
person 0.0184 490 23 500 54
person 0.0084 491 52 500 173
person 0.0055 477 9 499 178
person 0.0029 456 35 462 44
person 0.0029 455 36 463 53
person 0.0027 113 92 127 110
person 0.0027 490 123 500 177
person 0.0026 0 42 8 53
person 0.0024 491 107 500 216
person 0.0022 490 15 500 94
person 0.0019 483 0 500 81
person 0.0015 488 87 500 262
person 0.0015 138 84 163 99
person 0.0011 57 1 461 284
person 0.0010 164 79 194 95
person 0.0010 491 34 500 73
person 0.0010 398 36 403 51
car 0.9261 69 30 449 306
car 0.0351 0 42 8 53
car 0.0217 490 23 500 54
car 0.0073 1 34 25 54
car 0.0024 0 45 7 60
car 0.0012 456 35 462 44
car 0.0011 458 32 494 44
car 0.0011 165 31 192 37
motorbike 0.0017 490 74 500 170
bus 0.0018 490 23 500 54
train 0.0012 490 22 500 54
bird 0.0012 490 118 500 163
dog 0.0155 490 97 500 166
dog 0.0054 491 131 500 169
dog 0.0035 491 107 500 216
dog 0.0034 490 31 500 56
dog 0.0030 488 76 500 192
dog 0.0011 491 30 500 176
horse 0.0340 490 31 500 56
horse 0.0092 487 0 499 165
horse 0.0048 491 52 500 173
horse 0.0022 490 116 500 165
horse 0.0019 490 15 500 94
horse 0.0015 488 72 500 239
horse 0.0011 491 34 500 73
sheep 0.0067 490 31 500 56
sheep 0.0067 490 97 500 166
cow 0.0671 490 31 500 56
cow 0.0107 488 66 500 167
cow 0.0083 490 118 500 163
cow 0.0039 491 7 500 179
cow 0.0019 490 15 500 94
cow 0.0018 0 42 8 53
cow 0.0017 491 107 500 216
cow 0.0014 491 34 500 73
cow 0.0010 488 87 500 262
cow 0.0010 486 -24 499 154
