person 0.0252 439 184 451 196
person 0.0030 82 224 86 231
person 0.0023 101 227 106 232
person 0.0010 155 193 163 199
car 0.0190 0 166 6 177
car 0.0160 0 154 14 169
car 0.0108 1 157 24 168
car 0.0067 9 159 36 168
car 0.0041 0 172 5 183
car 0.0026 16 159 49 169
car 0.0020 2 164 22 172
car 0.0019 24 157 60 170
car 0.0019 -1 153 28 170
car 0.0016 387 194 395 199
car 0.0013 34 164 51 170
car 0.0011 14 164 33 170
car 0.0011 26 165 41 170
car 0.0010 4 155 42 170
car 0.0010 221 184 251 198
aeroplane 0.9855 9 85 487 197
aeroplane 0.3588 471 113 500 239
aeroplane 0.0587 471 166 500 258
aeroplane 0.0342 -1 114 29 166
aeroplane 0.0153 454 93 499 246
aeroplane 0.0153 0 114 58 169
aeroplane 0.0142 485 128 501 196
aeroplane 0.0113 474 168 500 214
aeroplane 0.0110 487 144 500 179
aeroplane 0.0109 231 302 312 315
aeroplane 0.0108 129 134 464 191
aeroplane 0.0096 477 148 498 174
aeroplane 0.0073 0 113 28 136
aeroplane 0.0071 0 154 14 169
aeroplane 0.0062 488 115 500 168
aeroplane 0.0059 2 89 94 170
aeroplane 0.0050 474 155 498 187
aeroplane 0.0050 0 135 14 168
aeroplane 0.0048 -1 153 28 170
aeroplane 0.0046 0 117 13 148
aeroplane 0.0042 0 115 12 133
aeroplane 0.0040 1 157 24 168
aeroplane 0.0038 473 122 500 183
aeroplane 0.0036 454 127 501 196
aeroplane 0.0035 478 42 500 198
aeroplane 0.0031 456 160 499 237
aeroplane 0.0029 483 149 502 233
aeroplane 0.0026 6 137 80 169
aeroplane 0.0023 0 166 6 177
aeroplane 0.0022 262 152 474 192
aeroplane 0.0022 399 103 499 226
aeroplane 0.0019 490 156 500 204
aeroplane 0.0018 9 159 36 168
aeroplane 0.0017 476 135 499 169
aeroplane 0.0016 469 177 500 323
aeroplane 0.0016 0 116 45 150
aeroplane 0.0015 18 154 66 170
aeroplane 0.0015 4 155 42 170
aeroplane 0.0014 11 90 239 181
aeroplane 0.0013 0 108 105 220
aeroplane 0.0013 0 42 26 158
aeroplane 0.0013 54 116 165 147
aeroplane 0.0011 465 152 488 169
aeroplane 0.0011 487 103 500 145
aeroplane 0.0010 16 159 49 169
