person 0.0041 157 155 351 380
bicycle 0.0011 0 115 19 236
chair 0.9948 310 134 466 367
chair 0.9835 162 159 322 372
chair 0.8062 81 114 174 314
chair 0.3782 258 118 327 243
chair 0.2978 258 106 329 167
chair 0.1047 79 122 284 309
chair 0.0817 0 115 19 236
chair 0.0422 0 287 17 376
chair 0.0409 84 118 161 224
chair 0.0225 0 151 9 214
chair 0.0194 0 164 16 381
chair 0.0176 224 140 354 288
chair 0.0161 276 154 322 266
chair 0.0125 123 159 363 232
chair 0.0081 118 136 393 311
chair 0.0079 262 137 373 245
chair 0.0078 187 194 293 316
chair 0.0073 0 214 10 382
chair 0.0072 255 155 306 265
chair 0.0067 130 182 309 287
chair 0.0059 0 154 8 191
chair 0.0059 0 174 8 207
chair 0.0046 211 193 271 272
chair 0.0043 0 151 6 176
chair 0.0033 0 189 5 369
chair 0.0032 0 242 23 376
chair 0.0031 0 95 18 181
chair 0.0030 0 172 9 230
chair 0.0029 -1 116 10 190
chair 0.0026 286 222 315 263
chair 0.0024 6 123 22 205
chair 0.0024 137 188 160 215
chair 0.0023 1 167 24 234
chair 0.0019 288 223 314 238
chair 0.0018 83 136 132 293
chair 0.0017 0 138 6 170
chair 0.0014 0 131 9 153
chair 0.0014 0 96 24 377
chair 0.0013 174 174 309 250
chair 0.0013 18 161 332 353
chair 0.0013 272 162 369 222
chair 0.0012 141 150 302 208
chair 0.0012 28 113 180 257
chair 0.0012 0 283 11 351
chair 0.0011 281 172 298 189
chair 0.0011 140 181 159 205
chair 0.0011 132 97 381 224
chair 0.0010 228 188 295 277
chair 0.0010 13 108 96 186
chair 0.0010 5 126 20 158
chair 0.0010 138 200 160 217
sofa 0.0045 0 164 16 381
sofa 0.0037 108 155 342 358
sofa 0.0035 -1 258 14 377
sofa 0.0015 0 199 7 378
sofa 0.0011 0 230 23 386
pottedplant 0.0016 0 199 7 378
pottedplant 0.0014 0 95 18 181
diningtable 0.5931 144 145 366 371
diningtable 0.1615 144 152 365 229
diningtable 0.0049 177 184 300 283
diningtable 0.0036 0 251 17 374
diningtable 0.0035 144 119 365 200
diningtable 0.0035 98 172 349 255
diningtable 0.0026 79 122 284 309
diningtable 0.0023 225 142 331 248
diningtable 0.0013 0 115 19 236
diningtable 0.0013 111 86 392 300
diningtable 0.0013 116 178 290 212
diningtable 0.0011 0 214 10 382
tvmonitor 0.9876 15 111 103 190
tvmonitor 0.0036 0 287 17 376
