person 0.9651 260 305 311 371
person 0.1471 264 325 338 376
person 0.0184 301 327 337 372
person 0.0121 324 325 336 343
person 0.0068 224 361 241 378
person 0.0032 209 374 216 384
person 0.0021 217 392 228 401
person 0.0015 308 323 336 345
motorbike 0.0024 262 326 338 374
aeroplane 0.0012 43 14 379 422
boat 0.6979 42 19 315 417
boat 0.1023 244 365 304 411
boat 0.0877 262 326 338 374
boat 0.0615 159 365 306 417
boat 0.0083 257 341 313 410
boat 0.0065 194 340 313 408
boat 0.0029 248 383 297 411
boat 0.0028 260 306 313 372
boat 0.0018 189 383 299 411
boat 0.0018 268 368 299 407
boat 0.0014 197 315 345 396
boat 0.0011 299 325 337 372
boat 0.0010 251 400 290 412
bird 0.0011 41 125 47 133
