person 0.5314 79 107 105 132
person 0.0434 126 105 154 124
person 0.0084 55 86 64 95
person 0.0057 75 108 94 132
person 0.0053 106 102 130 127
person 0.0041 115 103 148 126
person 0.0035 54 105 67 123
person 0.0035 1 92 224 207
person 0.0030 56 84 64 92
person 0.0028 53 108 73 136
person 0.0023 74 101 111 136
person 0.0018 160 116 176 126
person 0.0014 137 111 158 127
person 0.0013 327 81 334 101
car 0.9960 12 89 233 209
car 0.0404 20 67 41 76
car 0.0072 19 64 42 73
car 0.0052 0 67 12 79
car 0.0019 45 66 56 71
car 0.0018 45 68 56 74
car 0.0016 12 65 40 78
car 0.0013 0 68 24 78
