person 0.0812 96 143 104 159
person 0.0355 108 139 112 153
person 0.0137 93 141 106 189
person 0.0057 91 147 96 160
person 0.0043 94 139 105 165
person 0.0041 106 145 112 156
person 0.0038 337 182 360 241
person 0.0029 341 184 359 220
person 0.0026 329 183 351 220
person 0.0014 112 139 126 153
person 0.0010 90 138 110 168
person 0.0010 89 135 98 157
person 0.0010 165 145 174 160
train 0.9163 131 -3 501 281
train 0.4651 1 77 108 209
train 0.0584 0 96 52 202
train 0.0098 -6 109 92 179
train 0.0042 151 46 372 284
train 0.0012 0 55 168 227
train 0.0012 0 49 34 177
train 0.0012 0 112 31 263
train 0.0011 -4 82 130 289
train 0.0010 96 145 141 191
train 0.0010 1 -10 93 198
chair 0.0011 341 184 359 220
