dog 0.0010 494 41 500 132
sheep 0.9964 106 184 225 343
sheep 0.9951 10 192 134 309
sheep 0.9928 253 7 297 85
sheep 0.9924 363 52 447 123
sheep 0.9920 295 6 400 90
sheep 0.9840 257 187 361 317
sheep 0.9603 212 200 273 321
sheep 0.0464 493 56 500 133
sheep 0.0220 496 54 499 82
sheep 0.0072 494 18 500 117
sheep 0.0064 156 191 272 329
sheep 0.0053 495 35 500 80
sheep 0.0049 308 13 334 44
sheep 0.0029 35 240 102 304
sheep 0.0023 370 89 444 122
sheep 0.0023 487 38 500 128
sheep 0.0019 21 11 468 292
sheep 0.0014 405 52 449 121
sheep 0.0013 409 92 427 120
sheep 0.0012 493 92 500 136
sheep 0.0012 293 13 339 76
sheep 0.0011 319 10 341 26
sheep 0.0010 305 10 355 46
cow 0.0016 9 190 135 313
