person 0.0015 11 1 403 71
person 0.0015 133 24 345 364
person 0.0014 389 -4 500 371
person 0.0011 301 2 398 72
person 0.0010 455 0 499 39
person 0.0010 0 7 140 207
bird 0.0035 0 7 139 208
cat 0.6781 124 3 373 370
cat 0.5138 0 7 139 208
cat 0.0196 301 2 398 72
cat 0.0111 0 4 33 200
cat 0.0076 11 1 403 71
cat 0.0029 1 11 162 364
cat 0.0017 290 3 498 73
cat 0.0012 0 12 32 104
cat 0.0011 0 5 21 312
dog 0.3642 125 3 370 371
dog 0.2483 0 5 141 202
dog 0.0440 288 0 438 71
dog 0.0110 0 22 136 369
dog 0.0045 170 1 409 69
dog 0.0036 0 4 33 200
dog 0.0020 10 -2 404 84
sheep 0.0031 0 7 139 208
chair 0.0015 0 2 361 69
sofa 0.0020 313 -5 498 372
