person 0.0895 195 155 256 207
person 0.0494 186 154 263 236
person 0.0113 213 157 257 194
person 0.0101 199 161 232 203
person 0.0091 303 192 330 244
person 0.0045 263 189 328 247
person 0.0044 380 244 401 277
person 0.0021 349 240 400 280
person 0.0020 345 193 401 277
person 0.0019 399 164 415 195
person 0.0017 395 159 432 235
person 0.0016 193 159 224 190
person 0.0013 217 162 270 220
person 0.0012 341 205 380 271
person 0.0012 435 91 441 104
person 0.0012 204 150 310 245
person 0.0012 365 144 420 287
person 0.0012 201 182 271 244
person 0.0011 175 150 236 214
person 0.0011 227 154 282 206
person 0.0011 373 163 405 200
person 0.0010 373 236 408 285
person 0.0010 417 171 441 257
bus 0.9855 50 20 506 384
bus 0.0010 165 123 331 271
train 0.0014 17 21 511 380
bird 0.0063 490 114 495 122
bird 0.0017 471 102 477 109
