person 0.9467 13 41 367 509
person 0.0118 301 65 375 287
person 0.0109 39 232 341 492
person 0.0030 49 31 381 308
bottle 0.4854 53 241 236 488
chair 0.0317 205 0 305 32
chair 0.0227 86 0 269 28
chair 0.0116 121 -1 328 37
chair 0.0079 273 0 358 28
chair 0.0075 135 0 228 27
chair 0.0040 35 0 204 25
chair 0.0039 216 -1 365 39
chair 0.0033 4 3 374 514
chair 0.0014 201 -1 298 12
chair 0.0011 103 0 185 24
chair 0.0010 270 0 307 29
chair 0.0010 9 0 351 47
sofa 0.0329 2 1 375 515
diningtable 0.0033 111 0 320 31
diningtable 0.0020 204 0 346 32
