person 0.0573 292 14 313 46
person 0.0147 334 42 351 68
person 0.0054 342 39 355 61
person 0.0013 297 15 308 29
bird 0.0030 387 53 406 77
bird 0.0024 216 70 231 85
bottle 0.0012 162 136 180 174
chair 0.4524 0 150 174 359
chair 0.0730 83 341 234 374
chair 0.0036 0 255 17 370
chair 0.0023 9 234 241 371
chair 0.0013 -1 231 55 369
chair 0.0012 0 209 10 368
sofa 0.5453 0 150 174 359
sofa 0.0125 88 340 229 374
sofa 0.0015 218 84 505 317
diningtable 0.0206 88 340 229 374
diningtable 0.0023 -1 162 176 375
