person 0.0011 246 -1 339 128
bicycle 0.3439 2 -4 345 511
bicycle 0.0074 0 2 180 500
bicycle 0.0030 71 169 337 501
bicycle 0.0027 2 0 346 207
bicycle 0.0014 168 1 339 173
bicycle 0.0012 206 203 341 503
car 0.0088 2 -4 345 511
motorbike 0.0280 4 -5 345 512
bus 0.0079 4 -5 345 512
train 0.0021 2 -4 345 511
boat 0.0017 2 -4 345 511
bird 0.0045 246 -1 339 128
bird 0.0042 167 0 340 174
bird 0.0023 4 -1 167 195
bird 0.0018 7 -1 344 202
cat 0.0077 254 0 341 129
cat 0.0077 167 0 340 174
cat 0.0077 4 -1 167 195
cat 0.0051 7 -1 343 203
cat 0.0011 2 -4 345 511
sheep 0.0015 4 -2 167 197
chair 0.0102 55 0 339 505
chair 0.0079 176 207 341 501
pottedplant 0.0558 2 -4 345 511
pottedplant 0.0027 2 0 346 207
