person 0.9711 223 51 331 449
person 0.9620 24 0 159 220
person 0.9534 -4 194 180 437
person 0.9383 144 2 232 189
person 0.8839 189 -4 276 151
person 0.6743 5 142 148 278
person 0.6673 0 1 38 125
person 0.4478 12 1 72 165
person 0.2039 315 0 331 92
person 0.1943 262 0 321 62
person 0.0929 10 140 65 195
person 0.0762 297 0 331 91
person 0.0742 -2 138 84 227
person 0.0340 0 180 111 325
person 0.0245 253 -3 329 118
person 0.0209 137 0 171 60
person 0.0169 0 386 95 501
person 0.0156 1 383 198 499
person 0.0102 0 51 33 128
person 0.0087 198 0 309 59
person 0.0083 284 0 324 51
person 0.0076 3 65 83 198
person 0.0065 305 0 325 49
person 0.0060 196 135 269 229
person 0.0055 242 0 294 63
person 0.0050 308 0 321 6
person 0.0047 0 72 17 142
person 0.0045 24 47 68 150
person 0.0044 -1 129 230 316
person 0.0043 306 0 323 27
person 0.0041 0 -22 330 220
person 0.0037 179 20 295 238
person 0.0033 200 0 216 5
person 0.0032 116 -3 303 149
person 0.0029 0 375 47 502
person 0.0029 138 0 211 58
person 0.0029 289 0 321 29
person 0.0029 21 196 167 323
person 0.0029 319 8 331 152
person 0.0028 221 142 272 216
person 0.0027 0 144 53 250
person 0.0026 -1 1 19 100
person 0.0026 0 2 37 44
person 0.0026 122 0 158 59
person 0.0026 0 35 44 171
person 0.0026 -7 46 169 279
person 0.0025 186 0 214 7
person 0.0025 290 0 320 7
person 0.0025 1 109 69 179
person 0.0022 -9 100 125 234
person 0.0022 22 -1 57 30
person 0.0021 67 207 120 261
person 0.0021 306 -2 342 133
person 0.0018 227 -4 331 186
person 0.0018 135 0 152 62
person 0.0017 47 180 148 296
person 0.0017 0 166 16 244
person 0.0017 188 92 314 306
person 0.0016 268 0 323 12
person 0.0016 177 0 220 11
person 0.0016 280 0 311 8
person 0.0016 210 142 266 190
person 0.0015 15 0 62 51
person 0.0014 179 9 250 191
person 0.0014 -2 85 56 154
person 0.0014 33 33 129 180
person 0.0013 196 0 218 25
person 0.0013 317 -2 348 89
person 0.0013 70 168 206 277
person 0.0012 207 0 226 5
person 0.0012 22 0 48 13
person 0.0011 251 0 302 30
person 0.0011 37 0 291 58
person 0.0011 314 0 332 7
person 0.0011 31 94 56 129
person 0.0010 0 0 18 42
person 0.0010 131 167 333 355
person 0.0010 84 -1 140 68
person 0.0010 49 -1 62 36
person 0.0010 208 67 288 221
bottle 0.0086 226 190 248 209
bottle 0.0050 200 0 216 5
bottle 0.0045 175 0 200 9
bottle 0.0045 214 201 240 247
bottle 0.0042 217 193 240 221
bottle 0.0036 193 139 272 224
bottle 0.0034 198 167 261 235
bottle 0.0032 219 208 239 228
bottle 0.0031 236 286 259 315
bottle 0.0027 188 247 208 281
bottle 0.0026 218 139 235 178
bottle 0.0025 186 0 214 7
bottle 0.0024 215 186 243 209
bottle 0.0022 198 181 238 223
bottle 0.0020 241 237 255 257
bottle 0.0018 196 191 218 223
bottle 0.0017 129 207 151 240
bottle 0.0016 308 0 321 6
bottle 0.0015 209 147 246 206
bottle 0.0013 212 191 229 223
bottle 0.0013 138 257 162 276
bottle 0.0012 24 0 46 10
bottle 0.0011 240 281 254 291
bottle 0.0011 103 38 123 67
bottle 0.0011 237 283 258 302
bottle 0.0010 207 0 226 5
bottle 0.0010 137 3 225 186
chair 0.1548 1 383 198 499
chair 0.0144 0 168 15 207
chair 0.0112 262 0 321 62
chair 0.0039 0 140 51 186
chair 0.0038 302 0 331 86
chair 0.0020 0 172 16 237
chair 0.0017 -2 224 168 442
chair 0.0015 1 128 18 146
chair 0.0014 306 0 323 49
chair 0.0013 0 180 111 325
chair 0.0013 307 0 322 25
chair 0.0012 223 304 332 445
chair 0.0012 295 287 331 429
chair 0.0011 284 0 324 51
chair 0.0011 0 123 47 170
chair 0.0011 253 -3 329 118
chair 0.0010 235 81 333 462
sofa 0.7064 1 382 198 499
sofa 0.0354 -1 234 184 487
sofa 0.0024 103 6 168 128
sofa 0.0024 0 386 95 501
sofa 0.0023 0 319 321 499
sofa 0.0013 9 140 66 195
sofa 0.0011 0 172 16 237
sofa 0.0011 51 -3 185 134
sofa 0.0010 224 89 329 454
pottedplant 0.0364 196 135 269 229
pottedplant 0.0056 211 143 265 187
pottedplant 0.0033 221 142 272 216
pottedplant 0.0019 219 207 239 228
pottedplant 0.0017 154 83 326 345
pottedplant 0.0017 214 201 240 247
pottedplant 0.0015 198 181 238 223
pottedplant 0.0014 220 211 238 239
diningtable 0.3595 113 177 279 340
diningtable 0.0245 187 243 207 285
diningtable 0.0140 146 222 246 330
diningtable 0.0117 167 230 223 297
diningtable 0.0080 108 175 240 267
diningtable 0.0079 137 200 205 271
diningtable 0.0073 180 89 326 411
diningtable 0.0072 75 203 236 315
diningtable 0.0045 93 150 312 423
diningtable 0.0038 165 214 298 338
diningtable 0.0033 161 188 188 245
diningtable 0.0032 2 72 70 176
diningtable 0.0031 155 209 184 260
diningtable 0.0018 193 230 269 325
diningtable 0.0017 29 109 48 126
diningtable 0.0015 130 233 174 279
diningtable 0.0014 0 96 56 163
diningtable 0.0013 307 0 322 25
diningtable 0.0013 -10 192 279 403
diningtable 0.0011 122 199 192 251
diningtable 0.0010 262 0 321 62
