person 0.8851 284 4 499 337
person 0.4843 36 0 127 57
person 0.3825 0 0 18 74
person 0.2200 64 1 190 56
person 0.1143 0 1 100 73
person 0.0346 0 0 44 73
person 0.0166 -13 -2 202 72
person 0.0143 299 36 411 233
person 0.0136 259 59 414 311
person 0.0112 293 1 391 133
person 0.0108 108 -1 189 45
person 0.0107 177 0 199 16
person 0.0093 81 48 477 341
person 0.0062 107 0 188 19
person 0.0055 0 -56 20 71
person 0.0045 291 1 490 148
person 0.0044 0 -11 14 53
person 0.0031 57 -7 186 29
person 0.0027 146 1 192 39
person 0.0023 141 0 215 49
person 0.0022 155 0 201 19
person 0.0021 26 0 98 40
person 0.0020 483 16 499 336
person 0.0020 0 -21 24 45
person 0.0017 -1 -59 52 70
person 0.0016 6 -14 126 35
person 0.0014 0 -7 12 29
person 0.0011 70 -51 198 44
person 0.0011 0 5 24 105
person 0.0010 0 0 116 123
dog 0.9763 76 72 406 355
dog 0.0083 299 36 411 233
dog 0.0039 264 72 407 314
dog 0.0035 177 0 199 16
dog 0.0027 274 -19 480 340
dog 0.0024 113 0 202 55
dog 0.0020 10 1 182 59
sheep 0.0424 76 72 406 354
sheep 0.0027 267 236 326 279
sheep 0.0022 264 72 407 314
