person 0.0113 492 136 500 150
person 0.0084 92 121 122 203
person 0.0061 94 122 103 142
person 0.0047 92 120 124 158
person 0.0031 100 119 122 131
person 0.0021 458 135 494 150
person 0.0021 492 120 500 148
person 0.0014 111 119 122 130
person 0.0014 475 130 499 152
person 0.0011 93 120 109 144
person 0.0011 87 120 100 142
car 0.0010 474 121 500 148
boat 0.0182 475 129 499 153
boat 0.0073 452 129 501 153
boat 0.0043 492 136 500 150
boat 0.0018 451 135 483 152
boat 0.0018 487 132 500 152
boat 0.0015 492 120 500 148
boat 0.0012 475 143 499 157
boat 0.0011 490 143 500 156
bird 0.0052 434 168 440 175
bird 0.0038 423 174 432 179
bird 0.0029 423 171 434 177
bird 0.0011 482 198 490 206
horse 0.9716 113 82 331 262
horse 0.0063 94 121 123 142
horse 0.0056 92 121 122 203
horse 0.0027 94 122 123 162
horse 0.0017 94 122 103 142
sheep 0.0010 208 16 228 35
