person 0.6261 43 108 64 185
person 0.5452 26 111 46 182
person 0.4615 319 107 346 204
person 0.0111 318 108 333 192
person 0.0085 28 110 45 150
person 0.0052 48 109 62 150
person 0.0045 30 111 44 127
person 0.0037 50 107 61 131
person 0.0033 35 124 49 172
person 0.0028 321 113 344 165
person 0.0024 22 103 69 188
person 0.0013 301 118 345 198
person 0.0013 14 118 35 178
chair 0.9950 52 181 194 419
chair 0.4654 59 180 152 256
chair 0.1152 66 178 92 198
chair 0.0573 87 219 160 263
chair 0.0538 91 189 148 241
chair 0.0167 77 181 181 311
chair 0.0167 324 159 345 199
chair 0.0155 59 178 123 224
chair 0.0078 319 107 346 204
chair 0.0073 91 211 136 241
chair 0.0064 337 171 346 199
chair 0.0060 158 247 194 262
chair 0.0054 60 182 91 209
chair 0.0050 115 181 206 255
chair 0.0048 96 219 143 234
chair 0.0047 62 176 104 203
chair 0.0035 113 182 343 251
chair 0.0032 317 163 331 197
chair 0.0029 307 168 334 201
chair 0.0029 17 140 31 180
chair 0.0025 94 192 129 223
chair 0.0020 54 162 204 279
chair 0.0019 95 234 150 256
chair 0.0016 96 225 145 245
chair 0.0015 160 228 194 261
chair 0.0013 134 176 276 234
chair 0.0012 10 139 26 180
chair 0.0011 54 187 94 223
chair 0.0011 337 147 346 189
pottedplant 0.5938 300 168 323 200
pottedplant 0.0291 298 165 315 196
pottedplant 0.0268 297 163 335 202
pottedplant 0.0150 310 168 332 201
pottedplant 0.0074 321 163 329 197
pottedplant 0.0042 319 111 347 199
pottedplant 0.0038 321 159 346 198
pottedplant 0.0035 303 185 325 203
pottedplant 0.0028 306 189 323 199
pottedplant 0.0026 326 171 343 200
pottedplant 0.0017 302 189 309 199
pottedplant 0.0011 318 128 332 206
diningtable 0.6298 123 177 345 480
diningtable 0.0938 121 180 348 237
diningtable 0.0338 122 179 347 309
diningtable 0.0046 49 197 194 422
diningtable 0.0018 17 140 31 180
diningtable 0.0012 115 155 359 219
