person 0.4878 80 77 124 104
person 0.1170 329 441 375 500
person 0.0325 105 90 124 105
person 0.0287 77 83 98 102
person 0.0279 253 442 375 500
person 0.0099 102 81 125 104
person 0.0056 72 443 380 498
person 0.0031 305 394 375 497
person 0.0028 91 77 103 91
person 0.0026 89 87 124 108
person 0.0021 351 446 375 501
person 0.0015 55 73 115 105
person 0.0012 84 72 109 97
person 0.0011 73 77 128 123
bird 0.0012 56 0 64 25
bottle 0.0418 101 140 116 160
bottle 0.0122 128 93 138 104
bottle 0.0121 55 42 65 63
bottle 0.0114 60 94 72 104
bottle 0.0098 317 72 324 85
bottle 0.0074 77 83 98 102
bottle 0.0067 105 236 120 279
bottle 0.0047 51 62 67 81
bottle 0.0047 128 80 138 102
bottle 0.0040 318 72 328 86
bottle 0.0038 109 134 119 147
bottle 0.0032 83 78 110 104
bottle 0.0032 60 65 71 79
bottle 0.0029 44 54 53 74
bottle 0.0028 313 75 324 105
bottle 0.0025 49 80 64 102
bottle 0.0018 98 134 115 147
bottle 0.0018 145 76 158 103
bottle 0.0018 56 85 74 101
bottle 0.0017 73 21 82 41
bottle 0.0016 130 75 158 103
bottle 0.0016 319 91 334 110
bottle 0.0014 56 0 64 25
bottle 0.0014 105 90 124 105
bottle 0.0013 70 87 87 100
bottle 0.0013 149 75 156 90
bottle 0.0011 65 97 87 103
bottle 0.0011 53 53 64 68
bottle 0.0011 51 24 66 62
bottle 0.0010 57 41 70 64
bottle 0.0010 308 73 330 107
bottle 0.0010 47 80 54 103
chair 0.9278 166 148 214 243
chair 0.9262 38 161 108 250
chair 0.8674 241 146 282 220
chair 0.7174 69 133 103 150
chair 0.7024 117 134 152 150
chair 0.6989 110 143 155 252
chair 0.4750 0 157 42 239
chair 0.1951 0 156 17 175
chair 0.1920 0 362 286 500
chair 0.1541 40 144 183 253
chair 0.0820 161 147 197 184
chair 0.0685 69 134 118 157
chair 0.0378 329 441 375 500
chair 0.0372 94 144 188 217
chair 0.0269 0 154 24 224
chair 0.0244 238 145 282 171
chair 0.0206 101 139 116 161
chair 0.0199 173 140 212 184
chair 0.0190 230 148 251 187
chair 0.0190 7 139 201 193
chair 0.0165 100 135 153 157
chair 0.0152 70 133 82 150
chair 0.0150 87 139 180 182
chair 0.0142 1 217 30 331
chair 0.0136 110 133 159 180
chair 0.0132 231 163 246 187
chair 0.0125 148 133 154 150
chair 0.0124 162 145 205 210
chair 0.0118 98 134 115 147
chair 0.0114 46 136 127 199
chair 0.0104 42 153 91 224
chair 0.0104 4 153 76 243
chair 0.0102 239 147 255 164
chair 0.0089 50 135 103 181
chair 0.0085 4 143 127 175
chair 0.0083 235 145 260 192
chair 0.0081 238 144 281 158
chair 0.0081 109 134 119 147
chair 0.0079 179 144 206 174
chair 0.0077 75 144 140 190
chair 0.0073 231 147 269 209
chair 0.0072 75 231 155 369
chair 0.0071 37 133 165 164
chair 0.0070 0 156 18 201
chair 0.0066 87 141 123 253
chair 0.0064 13 149 101 171
chair 0.0058 98 135 127 163
chair 0.0055 79 134 152 242
chair 0.0054 10 146 115 225
chair 0.0053 58 139 111 236
chair 0.0053 115 146 201 247
chair 0.0051 172 136 216 161
chair 0.0050 281 149 320 223
chair 0.0049 128 135 155 156
chair 0.0048 129 147 192 180
chair 0.0047 172 148 196 173
chair 0.0046 54 219 106 254
chair 0.0045 0 137 42 198
chair 0.0043 1 152 34 183
chair 0.0041 2 152 76 178
chair 0.0041 232 147 252 169
chair 0.0037 351 446 375 501
chair 0.0037 118 141 171 194
chair 0.0035 67 134 88 158
chair 0.0035 248 165 273 207
chair 0.0031 240 146 253 157
chair 0.0031 166 164 200 188
chair 0.0030 64 136 89 179
chair 0.0030 85 134 126 150
chair 0.0030 97 140 133 236
chair 0.0030 129 132 156 244
chair 0.0029 240 444 374 499
chair 0.0028 83 137 110 237
chair 0.0026 250 148 282 165
chair 0.0025 152 155 174 240
chair 0.0025 36 160 58 238
chair 0.0023 240 149 254 205
chair 0.0021 5 150 90 204
chair 0.0021 152 149 195 171
chair 0.0021 58 191 78 219
chair 0.0020 54 149 99 207
chair 0.0020 254 169 280 203
chair 0.0020 239 134 296 198
chair 0.0020 17 170 59 240
chair 0.0019 100 141 151 194
chair 0.0019 117 140 150 171
chair 0.0019 191 143 213 176
chair 0.0017 92 144 123 189
chair 0.0017 27 151 67 223
chair 0.0017 252 146 281 155
chair 0.0016 172 135 216 149
chair 0.0016 3 172 32 203
chair 0.0016 63 193 88 219
chair 0.0016 69 136 119 178
chair 0.0015 150 149 198 227
chair 0.0014 131 149 175 246
chair 0.0014 112 163 138 192
chair 0.0014 26 149 69 168
chair 0.0013 248 153 273 180
chair 0.0013 172 122 219 174
sofa 0.6977 0 362 286 500
sofa 0.0319 1 217 30 331
sofa 0.0147 330 442 375 500
sofa 0.0058 15 239 262 478
sofa 0.0025 240 444 374 499
sofa 0.0023 240 141 282 220
sofa 0.0016 0 185 26 302
sofa 0.0016 11 444 371 499
sofa 0.0012 238 145 282 171
sofa 0.0011 -24 478 302 500
sofa 0.0011 -7 409 219 499
pottedplant 0.6641 298 0 357 23
pottedplant 0.0147 55 41 66 63
pottedplant 0.0096 33 19 104 105
pottedplant 0.0055 314 88 337 111
pottedplant 0.0053 310 -1 379 17
pottedplant 0.0045 297 0 367 43
pottedplant 0.0038 342 -1 368 16
pottedplant 0.0032 85 77 125 105
pottedplant 0.0030 128 38 140 63
pottedplant 0.0029 56 40 71 65
pottedplant 0.0027 50 24 67 62
pottedplant 0.0026 311 75 339 108
pottedplant 0.0020 43 23 85 77
pottedplant 0.0020 346 4 364 18
pottedplant 0.0019 298 0 339 15
pottedplant 0.0015 103 84 124 103
pottedplant 0.0012 299 2 320 22
pottedplant 0.0012 307 83 345 117
diningtable 0.6336 40 144 183 253
diningtable 0.5761 7 139 201 193
diningtable 0.0654 242 146 282 223
diningtable 0.0369 110 143 155 252
diningtable 0.0222 75 144 140 190
diningtable 0.0201 0 157 42 239
diningtable 0.0118 75 231 155 369
diningtable 0.0108 35 161 105 252
diningtable 0.0106 37 133 165 164
diningtable 0.0098 96 149 209 186
diningtable 0.0075 238 145 282 171
diningtable 0.0071 4 143 127 175
diningtable 0.0071 1 150 95 184
diningtable 0.0064 115 146 201 247
diningtable 0.0060 12 124 191 171
diningtable 0.0059 4 153 76 243
diningtable 0.0057 95 145 130 169
diningtable 0.0048 0 156 17 175
diningtable 0.0046 110 136 179 180
diningtable 0.0041 73 131 118 161
diningtable 0.0041 231 147 269 209
diningtable 0.0040 -7 138 225 357
diningtable 0.0039 46 136 127 199
diningtable 0.0038 99 144 117 167
diningtable 0.0038 231 167 245 184
diningtable 0.0036 12 149 83 171
diningtable 0.0033 129 147 192 180
diningtable 0.0027 230 161 248 190
diningtable 0.0024 29 203 194 380
diningtable 0.0023 92 144 123 189
diningtable 0.0021 163 140 217 238
diningtable 0.0020 69 144 161 211
diningtable 0.0018 50 135 103 181
diningtable 0.0017 11 146 114 227
diningtable 0.0015 238 144 281 158
diningtable 0.0015 235 145 260 192
diningtable 0.0014 98 135 127 163
diningtable 0.0012 103 133 163 203
diningtable 0.0012 0 216 30 332
diningtable 0.0011 238 147 258 169
diningtable 0.0011 0 152 35 183
tvmonitor 0.6337 286 148 327 225
tvmonitor 0.0053 297 169 321 222
tvmonitor 0.0020 270 149 338 249
tvmonitor 0.0020 130 75 158 103
tvmonitor 0.0016 245 148 286 220
tvmonitor 0.0010 42 28 108 98
