person 0.0232 145 87 205 139
bird 0.0017 50 118 58 136
bird 0.0016 106 119 118 136
bottle 0.0423 272 100 289 134
bottle 0.0184 366 120 376 144
bottle 0.0100 50 118 58 136
bottle 0.0046 0 149 6 160
bottle 0.0023 47 120 60 145
bottle 0.0017 363 108 378 144
bottle 0.0012 6 147 25 160
chair 0.0944 206 165 479 378
chair 0.0324 0 285 19 376
chair 0.0181 463 270 501 381
chair 0.0072 0 180 19 370
chair 0.0053 466 247 500 341
chair 0.0033 451 170 499 373
chair 0.0027 0 226 10 370
chair 0.0017 0 234 55 370
chair 0.0012 490 269 500 383
chair 0.0011 473 201 500 309
sofa 0.9513 216 168 500 372
sofa 0.0031 0 250 18 375
pottedplant 0.1143 351 69 388 144
pottedplant 0.0795 286 72 323 136
pottedplant 0.0468 295 112 324 135
pottedplant 0.0461 308 68 365 138
pottedplant 0.0446 363 108 378 144
pottedplant 0.0389 361 89 380 141
pottedplant 0.0293 322 102 363 139
pottedplant 0.0175 322 108 342 126
pottedplant 0.0127 293 96 327 139
pottedplant 0.0126 315 77 349 133
pottedplant 0.0122 269 97 293 137
pottedplant 0.0097 336 101 364 130
pottedplant 0.0096 295 113 310 136
pottedplant 0.0091 326 104 393 142
pottedplant 0.0090 366 120 376 144
pottedplant 0.0071 292 79 314 131
pottedplant 0.0059 299 83 322 128
pottedplant 0.0031 348 101 371 128
pottedplant 0.0026 293 104 312 128
pottedplant 0.0025 270 101 284 134
pottedplant 0.0024 351 98 367 117
pottedplant 0.0023 366 95 388 135
pottedplant 0.0021 0 19 6 41
pottedplant 0.0020 326 79 374 134
pottedplant 0.0019 273 87 288 128
pottedplant 0.0017 300 66 345 129
pottedplant 0.0017 287 72 304 120
pottedplant 0.0014 319 120 381 143
pottedplant 0.0014 294 88 385 145
pottedplant 0.0013 369 94 387 119
pottedplant 0.0012 0 30 6 68
pottedplant 0.0012 40 124 90 150
pottedplant 0.0011 275 95 284 121
diningtable 0.1269 465 258 500 374
diningtable 0.0105 471 249 500 305
diningtable 0.0060 0 285 19 376
diningtable 0.0027 475 266 500 292
diningtable 0.0021 451 170 499 373
diningtable 0.0020 471 322 500 375
diningtable 0.0011 488 256 500 360
diningtable 0.0010 473 276 500 317
tvmonitor 0.9790 143 88 206 139
