person 0.0029 12 15 506 366
person 0.0029 -1 0 168 243
car 0.0035 2 229 507 375
car 0.0031 12 15 506 366
cat 0.8542 11 17 505 365
cat 0.0401 0 6 171 240
cat 0.0022 132 234 504 357
chair 0.0518 12 15 506 366
chair 0.0377 -2 0 171 283
chair 0.0027 2 229 507 375
chair 0.0019 0 6 65 278
chair 0.0010 0 -6 106 156
sofa 0.0566 12 15 506 366
sofa 0.0103 2 229 507 375
sofa 0.0025 -7 11 212 268
pottedplant 0.0059 -1 1 171 280
diningtable 0.0191 2 229 507 375
diningtable 0.0100 11 17 505 365
tvmonitor 0.0035 0 6 171 240
tvmonitor 0.0011 0 5 513 311
