person 0.9791 472 140 498 208
person 0.9380 420 137 439 196
person 0.9075 451 139 474 200
person 0.2198 471 144 481 164
person 0.2005 444 141 454 167
person 0.1786 469 141 487 203
person 0.0902 492 144 500 200
person 0.0877 416 140 424 183
person 0.0716 441 147 454 175
person 0.0678 470 146 483 179
person 0.0674 452 137 462 151
person 0.0648 463 137 471 151
person 0.0359 433 145 444 166
person 0.0357 447 139 460 169
person 0.0278 431 145 444 181
person 0.0274 492 138 500 171
person 0.0258 472 140 481 152
person 0.0219 446 139 453 155
person 0.0167 476 140 494 169
person 0.0166 426 139 445 191
person 0.0163 200 103 235 142
person 0.0150 218 107 234 140
person 0.0140 464 140 473 164
person 0.0139 479 139 491 152
person 0.0116 420 141 434 167
person 0.0078 485 141 499 203
person 0.0068 460 137 475 170
person 0.0068 115 116 128 137
person 0.0068 475 150 496 178
person 0.0063 491 136 500 153
person 0.0059 418 139 424 152
person 0.0052 398 131 413 157
person 0.0047 421 137 431 150
person 0.0038 448 135 464 155
person 0.0037 460 135 474 154
person 0.0033 470 161 484 200
person 0.0028 487 136 499 175
person 0.0028 476 155 494 172
person 0.0027 492 174 499 206
person 0.0024 452 132 463 142
person 0.0023 73 37 485 290
person 0.0022 443 134 456 158
person 0.0021 481 158 503 230
person 0.0019 392 137 500 219
person 0.0017 460 133 469 142
person 0.0016 467 137 483 156
person 0.0016 476 138 496 155
person 0.0016 491 160 500 242
person 0.0015 416 161 423 184
person 0.0015 453 134 478 156
person 0.0011 432 138 443 154
person 0.0011 435 151 455 190
person 0.0011 438 160 452 183
person 0.0010 273 128 280 145
car 0.0023 492 144 500 200
train 0.9863 68 46 452 317
train 0.7908 0 59 94 309
train 0.0033 418 136 441 196
train 0.0014 450 134 476 198
dog 0.0023 485 226 500 234
