person 0.4639 51 230 59 255
person 0.2955 461 225 468 255
person 0.1128 325 221 333 240
person 0.0535 316 219 321 240
person 0.0456 0 253 5 268
person 0.0245 461 225 468 239
person 0.0224 404 218 408 245
person 0.0217 490 212 500 230
person 0.0217 490 216 499 240
person 0.0072 415 235 425 249
person 0.0062 316 215 321 227
person 0.0060 99 227 104 236
person 0.0060 84 218 91 238
person 0.0058 11 226 20 256
person 0.0058 421 220 428 236
person 0.0050 422 217 428 226
person 0.0044 326 214 334 227
person 0.0037 0 257 5 276
person 0.0036 0 232 4 267
person 0.0032 312 221 319 239
person 0.0031 403 212 410 249
person 0.0030 463 216 469 225
person 0.0029 435 213 442 223
person 0.0023 314 212 324 244
person 0.0021 460 221 470 243
person 0.0021 414 221 424 238
person 0.0019 0 219 8 263
person 0.0019 213 229 219 237
person 0.0017 316 232 321 241
person 0.0016 491 203 500 222
person 0.0016 470 224 476 236
person 0.0015 432 207 442 219
person 0.0014 5 221 22 261
person 0.0014 417 236 436 248
person 0.0013 314 214 318 225
person 0.0013 54 230 63 255
person 0.0012 0 247 7 272
person 0.0011 85 218 90 228
person 0.0011 492 194 499 208
person 0.0010 98 232 104 242
bicycle 0.0027 0 253 5 268
bicycle 0.0021 0 257 5 276
car 0.0238 492 194 499 208
car 0.0149 490 212 500 230
car 0.0067 0 253 5 268
car 0.0056 491 203 500 222
car 0.0039 477 199 490 207
car 0.0022 490 216 499 240
car 0.0020 474 197 483 205
car 0.0014 490 191 500 212
car 0.0013 7 225 19 233
car 0.0013 0 257 5 276
car 0.0012 169 225 182 232
car 0.0012 213 229 219 237
car 0.0011 204 228 212 237
motorbike 0.0039 0 253 5 268
motorbike 0.0018 0 257 5 276
bus 0.0060 492 194 499 208
bus 0.0033 491 203 500 222
bus 0.0018 490 212 500 230
bus 0.0012 490 191 500 212
train 0.9857 106 192 144 250
train 0.0050 491 203 500 222
train 0.0041 492 194 499 208
train 0.0037 490 212 500 230
train 0.0036 107 193 138 229
train 0.0020 493 183 500 204
train 0.0018 157 205 163 213
train 0.0014 183 231 205 253
train 0.0014 0 213 11 269
train 0.0014 490 191 500 212
train 0.0013 0 198 18 272
train 0.0013 0 221 10 235
train 0.0012 -1 209 14 249
train 0.0011 8 222 21 260
train 0.0011 7 225 19 233
train 0.0010 0 203 12 236
boat 0.0011 492 194 499 208
bird 0.0045 249 162 255 170
bird 0.0015 313 160 323 170
cat 0.0013 107 193 145 251
pottedplant 0.0014 0 253 5 268
