person 0.9946 208 83 323 219
person 0.9915 11 88 189 384
person 0.8902 315 74 444 251
person 0.0117 325 88 456 358
person 0.0046 0 199 29 247
person 0.0037 0 193 26 342
person 0.0036 0 123 7 183
person 0.0032 0 143 22 256
person 0.0026 0 111 10 158
person 0.0024 0 149 6 177
person 0.0022 -1 195 15 251
person 0.0019 -1 197 14 339
person 0.0018 0 138 6 227
person 0.0017 0 148 9 255
person 0.0016 0 160 5 181
person 0.0014 177 117 344 243
person 0.0011 0 100 18 178
car 0.0033 0 149 6 177
car 0.0033 -1 112 66 171
car 0.0024 0 160 5 181
car 0.0023 0 131 7 176
boat 0.0037 -1 107 68 163
bottle 0.0065 177 204 197 223
bottle 0.0054 162 174 171 192
bottle 0.0037 131 199 143 222
bottle 0.0035 128 165 163 194
bottle 0.0031 132 195 145 212
bottle 0.0030 133 201 164 236
bottle 0.0026 144 184 156 200
bottle 0.0024 157 185 172 201
bottle 0.0021 304 133 333 156
bottle 0.0020 131 206 144 234
bottle 0.0017 139 192 157 213
bottle 0.0014 316 143 329 159
bottle 0.0014 136 176 161 210
bottle 0.0012 177 149 194 194
bottle 0.0011 129 195 148 231
chair 0.9031 191 288 314 373
chair 0.8472 120 163 165 192
chair 0.7045 176 145 223 200
chair 0.5826 1 256 104 373
chair 0.3187 319 155 340 208
chair 0.3166 0 199 30 347
chair 0.2385 403 139 453 171
chair 0.2084 0 197 29 248
chair 0.1990 406 141 450 289
chair 0.1917 7 252 191 373
chair 0.1650 300 133 330 154
chair 0.1483 423 224 448 278
chair 0.1056 211 83 329 222
chair 0.0951 314 81 443 264
chair 0.0842 215 141 236 167
chair 0.0833 304 138 338 212
chair 0.0807 409 219 445 373
chair 0.0662 1 131 185 380
chair 0.0511 302 150 445 364
chair 0.0506 170 151 204 196
chair 0.0441 409 142 495 297
chair 0.0421 -1 197 14 339
chair 0.0417 -1 228 53 374
chair 0.0370 393 136 462 324
chair 0.0359 124 157 194 193
chair 0.0333 485 109 500 282
chair 0.0260 207 141 323 211
chair 0.0251 328 137 357 155
chair 0.0227 440 85 501 294
chair 0.0221 299 134 361 157
chair 0.0208 -1 108 69 169
chair 0.0205 209 141 236 182
chair 0.0191 332 142 346 159
chair 0.0171 312 165 336 216
chair 0.0168 310 139 332 163
chair 0.0160 212 148 223 174
chair 0.0156 201 142 239 206
chair 0.0155 406 141 452 210
chair 0.0147 316 143 329 159
chair 0.0142 177 149 194 194
chair 0.0135 492 99 500 267
chair 0.0131 408 235 430 361
chair 0.0129 408 330 445 372
chair 0.0126 382 115 447 391
chair 0.0122 340 138 359 153
chair 0.0113 0 241 8 353
chair 0.0106 -1 200 15 256
chair 0.0105 438 143 499 219
chair 0.0103 406 126 499 232
chair 0.0099 208 146 227 178
chair 0.0092 132 251 379 368
chair 0.0091 478 174 499 372
chair 0.0090 317 174 333 209
chair 0.0079 369 253 422 372
chair 0.0078 408 155 498 203
chair 0.0077 191 192 448 337
chair 0.0076 419 143 452 179
chair 0.0071 162 174 171 192
chair 0.0070 336 210 454 380
chair 0.0067 0 200 134 355
chair 0.0063 0 -4 87 199
chair 0.0063 317 138 347 165
chair 0.0060 319 149 339 182
chair 0.0059 309 134 356 179
chair 0.0057 327 145 341 158
chair 0.0056 320 156 339 173
chair 0.0054 302 301 430 372
chair 0.0052 122 173 163 219
chair 0.0046 475 69 500 288
chair 0.0045 494 107 500 219
chair 0.0045 427 210 468 297
chair 0.0041 0 274 31 379
chair 0.0040 194 185 214 200
chair 0.0040 218 139 248 166
chair 0.0039 359 217 399 264
chair 0.0037 212 352 305 375
chair 0.0036 187 146 221 181
chair 0.0034 177 117 344 243
chair 0.0034 142 168 175 199
chair 0.0032 425 171 447 290
chair 0.0031 310 235 402 345
chair 0.0031 121 155 216 224
chair 0.0029 260 126 384 242
chair 0.0027 488 158 500 264
chair 0.0027 495 160 500 204
chair 0.0026 395 128 461 191
chair 0.0026 0 184 46 255
chair 0.0025 267 138 332 209
chair 0.0025 316 187 329 212
chair 0.0025 337 207 417 272
chair 0.0024 153 185 170 201
chair 0.0023 368 124 466 230
chair 0.0023 292 135 376 219
chair 0.0022 470 253 500 371
chair 0.0022 382 126 453 165
chair 0.0022 153 156 182 193
chair 0.0021 186 175 211 209
chair 0.0021 295 152 341 233
chair 0.0021 130 148 297 227
chair 0.0021 489 207 500 369
sofa 0.0034 211 83 329 222
sofa 0.0033 304 106 449 364
sofa 0.0028 304 133 332 156
sofa 0.0022 299 134 361 157
sofa 0.0011 101 184 421 340
diningtable 0.5567 139 204 429 331
diningtable 0.1355 437 163 498 302
diningtable 0.1267 403 151 481 293
diningtable 0.0261 209 228 356 272
diningtable 0.0254 105 187 335 267
diningtable 0.0191 -1 108 69 169
diningtable 0.0142 6 100 242 366
diningtable 0.0128 184 239 441 378
diningtable 0.0121 322 76 454 285
diningtable 0.0103 408 155 498 203
diningtable 0.0097 124 195 200 238
diningtable 0.0092 438 143 499 219
diningtable 0.0073 152 197 254 245
diningtable 0.0067 139 213 260 258
diningtable 0.0064 108 179 238 260
diningtable 0.0058 176 201 235 240
diningtable 0.0048 410 159 452 307
diningtable 0.0047 272 239 332 274
diningtable 0.0041 482 140 500 332
diningtable 0.0038 0 99 46 131
diningtable 0.0034 149 224 374 283
diningtable 0.0034 158 137 393 300
diningtable 0.0033 202 215 388 262
diningtable 0.0033 236 225 326 257
diningtable 0.0031 438 164 493 199
diningtable 0.0026 406 126 499 232
diningtable 0.0026 0 146 60 209
diningtable 0.0025 -1 90 71 141
diningtable 0.0025 320 156 339 173
diningtable 0.0024 106 155 223 309
diningtable 0.0022 121 179 204 222
diningtable 0.0022 260 233 303 264
diningtable 0.0021 49 171 387 350
diningtable 0.0020 184 190 367 250
diningtable 0.0019 0 97 46 115
diningtable 0.0019 195 213 241 246
diningtable 0.0019 320 155 339 195
diningtable 0.0019 159 195 195 210
diningtable 0.0017 154 192 180 210
diningtable 0.0016 422 206 474 302
diningtable 0.0016 327 145 341 158
diningtable 0.0016 208 223 272 256
diningtable 0.0016 299 134 361 157
diningtable 0.0016 197 207 233 237
diningtable 0.0015 311 136 351 167
diningtable 0.0014 307 136 334 165
diningtable 0.0014 175 288 372 373
diningtable 0.0013 177 242 343 342
diningtable 0.0012 0 73 47 119
diningtable 0.0012 1 113 45 136
diningtable 0.0012 197 133 327 225
diningtable 0.0012 217 196 262 228
diningtable 0.0012 133 201 164 236
diningtable 0.0012 263 215 412 334
diningtable 0.0011 484 76 500 283
diningtable 0.0010 0 197 29 248
diningtable 0.0010 316 143 329 159
diningtable 0.0010 130 148 297 227
diningtable 0.0010 162 222 210 251
