person 0.0150 184 -2 492 335
person 0.0037 181 0 206 29
bicycle 0.7152 19 8 188 332
bicycle 0.1372 30 32 106 242
bicycle 0.0595 86 147 193 332
bicycle 0.0176 109 22 212 326
bicycle 0.0081 39 114 93 234
bicycle 0.0079 101 205 176 331
bicycle 0.0038 159 185 194 290
bicycle 0.0035 44 128 78 198
bicycle 0.0029 49 75 118 275
bicycle 0.0027 66 54 148 173
bicycle 0.0024 150 154 205 321
bicycle 0.0021 123 152 197 283
bicycle 0.0018 131 215 197 325
bicycle 0.0016 42 188 83 239
bicycle 0.0013 17 8 152 199
bicycle 0.0012 163 211 198 332
bicycle 0.0012 47 113 167 314
bicycle 0.0012 33 71 76 234
bicycle 0.0010 83 68 132 157
bicycle 0.0010 0 1 54 158
car 0.0014 9 140 42 165
car 0.0011 0 151 25 170
bottle 0.0479 0 132 10 170
bottle 0.0394 9 140 42 165
bottle 0.0351 0 151 25 170
bottle 0.0111 -1 137 26 169
bottle 0.0084 0 149 8 172
bottle 0.0037 2 136 24 153
bottle 0.0027 0 119 9 151
bottle 0.0014 31 121 40 148
bottle 0.0014 28 127 42 158
bottle 0.0010 12 138 35 153
bottle 0.0010 0 104 19 175
chair 0.0281 182 -1 494 335
chair 0.0093 191 15 221 133
chair 0.0049 109 22 212 326
chair 0.0018 195 36 214 151
chair 0.0012 196 4 321 111
sofa 0.0037 182 -1 494 335
pottedplant 0.0156 181 1 206 29
