bottle 0.9967 176 13 291 459
chair 0.2820 0 161 65 339
chair 0.2104 173 18 292 433
chair 0.0754 114 141 199 340
chair 0.0395 117 130 198 224
chair 0.0385 0 160 65 251
chair 0.0125 102 75 295 276
chair 0.0078 60 78 254 369
chair 0.0076 -22 65 337 428
chair 0.0063 9 187 144 458
chair 0.0018 287 252 310 334
chair 0.0016 128 146 282 215
chair 0.0014 0 161 28 244
chair 0.0012 122 150 195 201
chair 0.0011 113 103 252 230
chair 0.0010 41 155 201 345
chair 0.0010 0 159 36 292
sofa 0.0035 172 18 293 433
sofa 0.0023 0 161 65 339
pottedplant 0.0020 177 -14 293 425
diningtable 0.4194 3 328 315 498
diningtable 0.0938 8 193 144 469
diningtable 0.0210 -34 79 346 501
diningtable 0.0105 8 338 155 461
diningtable 0.0102 -8 334 252 416
diningtable 0.0069 170 -24 288 477
diningtable 0.0063 88 124 225 363
diningtable 0.0057 1 345 139 413
diningtable 0.0041 23 410 304 499
diningtable 0.0034 0 325 85 408
diningtable 0.0024 1 155 66 275
diningtable 0.0024 12 393 141 480
diningtable 0.0021 3 341 91 450
diningtable 0.0020 131 337 318 469
diningtable 0.0010 77 338 181 416
