person 0.5970 310 79 496 361
person 0.0187 328 226 457 331
person 0.0121 174 103 480 343
person 0.0070 234 129 397 335
person 0.0065 273 119 436 272
person 0.0044 0 1 12 21
person 0.0032 312 257 367 336
person 0.0027 -2 4 74 140
person 0.0025 0 0 28 21
person 0.0022 0 -2 18 89
person 0.0021 0 1 21 49
person 0.0014 0 1 14 37
person 0.0013 239 115 393 240
person 0.0012 0 0 69 370
dog 0.0037 174 103 480 343
dog 0.0032 239 115 393 240
dog 0.0032 162 120 349 310
dog 0.0025 0 3 72 157
dog 0.0024 165 1 286 51
dog 0.0022 322 238 437 320
dog 0.0019 327 75 495 360
dog 0.0012 273 119 436 272
sheep 0.1775 164 122 347 309
sheep 0.1160 -2 4 74 140
sheep 0.0810 239 115 393 240
sheep 0.0691 -2 113 353 333
sheep 0.0441 174 103 480 343
sheep 0.0241 163 4 290 50
sheep 0.0122 273 119 436 272
sheep 0.0094 327 75 495 360
sheep 0.0088 -1 3 70 283
sheep 0.0062 234 129 397 335
sheep 0.0048 209 111 352 214
sheep 0.0040 0 7 206 357
sheep 0.0026 316 158 388 225
sheep 0.0023 7 195 318 316
sheep 0.0020 140 55 375 258
sheep 0.0018 136 224 233 312
sheep 0.0018 288 1 345 33
sheep 0.0017 239 113 310 165
sheep 0.0013 442 64 500 208
sheep 0.0011 0 6 20 193
sheep 0.0011 249 22 490 292
sheep 0.0011 43 7 378 295
cow 0.1703 165 1 287 51
cow 0.1212 -2 4 74 140
cow 0.0561 -2 113 353 333
cow 0.0457 164 122 347 309
cow 0.0247 244 111 385 237
cow 0.0153 174 103 480 343
cow 0.0125 -1 3 70 283
cow 0.0065 327 75 495 360
cow 0.0045 0 7 206 357
cow 0.0030 273 119 436 272
cow 0.0021 222 112 342 210
cow 0.0019 235 106 398 329
cow 0.0016 0 0 20 122
cow 0.0013 164 14 348 128
cow 0.0011 288 1 345 33
cow 0.0011 0 7 19 229
cow 0.0010 239 113 310 165
bottle 0.0537 318 246 441 326
chair 0.0010 320 76 496 388
diningtable 0.0010 467 189 500 248
