person 0.0088 0 -4 18 241
person 0.0087 492 49 499 63
person 0.0069 469 48 500 66
person 0.0041 457 48 501 97
person 0.0031 0 0 16 111
person 0.0026 495 68 500 100
person 0.0021 493 50 500 95
person 0.0021 0 13 10 134
person 0.0021 31 59 40 74
person 0.0016 466 41 500 75
person 0.0014 492 59 500 129
person 0.0010 0 0 13 35
person 0.0010 26 57 44 93
car 0.6373 377 50 405 64
car 0.5433 465 48 500 85
car 0.2301 354 51 381 84
car 0.1199 277 50 306 77
car 0.0970 294 40 380 84
car 0.0829 292 37 346 79
car 0.0464 292 49 312 81
car 0.0457 274 49 297 66
car 0.0238 466 64 500 102
car 0.0225 354 51 382 64
car 0.0219 367 50 394 63
car 0.0100 275 44 317 82
car 0.0093 292 45 311 67
car 0.0059 308 47 370 98
car 0.0046 495 68 500 100
car 0.0039 493 50 500 95
car 0.0034 281 53 313 92
car 0.0033 278 40 392 110
car 0.0030 451 45 501 111
car 0.0024 18 -5 526 283
car 0.0023 383 54 409 68
car 0.0023 470 74 500 161
car 0.0023 354 53 404 79
car 0.0023 294 70 312 94
car 0.0020 378 51 434 64
car 0.0019 349 48 376 68
car 0.0018 459 62 497 131
car 0.0017 281 38 436 86
car 0.0017 469 48 500 66
car 0.0017 493 71 500 117
car 0.0014 368 46 415 73
car 0.0014 0 -6 18 280
car 0.0013 328 51 384 92
car 0.0013 295 32 497 138
car 0.0012 486 46 502 89
car 0.0012 492 49 499 63
car 0.0011 25 20 479 90
car 0.0010 0 -4 12 96
motorbike 0.9963 3 0 500 309
motorbike 0.0072 469 67 500 139
motorbike 0.0060 0 -6 18 280
motorbike 0.0047 471 71 500 202
motorbike 0.0044 460 47 498 98
motorbike 0.0036 488 72 500 136
motorbike 0.0025 455 63 499 172
motorbike 0.0018 493 71 500 117
motorbike 0.0018 489 76 500 189
motorbike 0.0013 0 0 16 111
motorbike 0.0011 467 69 499 97
motorbike 0.0010 0 4 50 266
bus 0.0029 465 48 500 85
chair 0.0031 0 0 16 111
chair 0.0016 0 0 18 199
