person 0.9678 137 109 317 368
person 0.0150 189 189 312 327
person 0.0012 205 144 303 238
bicycle 0.0011 152 205 325 378
motorbike 0.0016 139 119 315 376
bottle 0.9528 449 315 489 375
bottle 0.1065 208 172 263 212
bottle 0.0164 201 221 244 283
bottle 0.0089 158 97 316 344
bottle 0.0054 183 177 293 291
bottle 0.0036 242 322 288 372
bottle 0.0032 192 175 256 252
bottle 0.0014 308 344 333 373
bottle 0.0011 214 159 296 204
bottle 0.0011 448 357 487 374
bottle 0.0010 215 172 255 197
bottle 0.0010 201 148 309 245
chair 0.0166 140 227 354 370
chair 0.0140 139 119 315 376
chair 0.0080 165 320 309 371
chair 0.0055 189 189 312 327
chair 0.0034 168 341 201 374
chair 0.0024 152 203 507 374
chair 0.0010 242 322 288 372
diningtable 0.0016 139 119 315 376
diningtable 0.0011 308 207 501 374
