person 0.9763 23 38 324 373
person 0.1259 0 76 43 243
person 0.0829 0 89 23 240
person 0.0209 1 46 73 238
person 0.0057 1 60 52 341
person 0.0040 3 27 129 242
person 0.0037 9 165 71 238
person 0.0023 3 211 75 321
person 0.0019 0 37 44 178
dog 0.9769 32 224 188 500
dog 0.0018 0 32 47 229
dog 0.0010 -1 201 161 330
bottle 0.0053 1 46 39 62
bottle 0.0023 1 45 18 62
chair 0.0021 3 27 318 349
chair 0.0019 9 169 71 233
chair 0.0011 1 50 51 236
sofa 0.0068 3 27 318 349
sofa 0.0031 1 50 51 236
sofa 0.0023 9 165 71 238
sofa 0.0016 3 96 75 310
