person 0.0108 243 128 270 147
person 0.0096 264 124 323 153
person 0.0092 294 123 330 153
person 0.0062 471 95 500 234
person 0.0044 487 97 500 135
person 0.0041 68 94 473 260
person 0.0017 237 123 282 152
person 0.0015 484 100 500 167
person 0.0015 476 74 500 171
person 0.0012 233 99 282 149
person 0.0010 484 111 500 234
person 0.0010 242 130 308 151
car 0.9744 39 94 456 257
car 0.7377 0 138 29 255
car 0.5053 469 102 500 243
car 0.0039 484 96 501 232
car 0.0031 0 38 28 243
car 0.0025 460 145 497 236
car 0.0020 -2 121 16 244
car 0.0017 472 170 500 252
car 0.0012 0 100 44 259
car 0.0012 476 74 500 171
car 0.0010 488 155 500 248
motorbike 0.0041 469 102 500 243
bus 0.0044 470 92 500 236
sofa 0.0014 36 79 456 251
