person 0.1082 172 117 198 163
person 0.0344 178 117 196 134
person 0.0332 122 114 160 160
person 0.0253 31 150 42 172
person 0.0171 137 115 159 151
person 0.0164 35 151 44 171
person 0.0130 0 146 9 179
person 0.0122 0 4 502 323
person 0.0104 234 107 254 140
person 0.0065 -1 203 14 236
person 0.0056 492 195 500 211
person 0.0052 137 112 186 162
person 0.0051 0 170 5 190
person 0.0042 491 198 500 220
person 0.0038 200 129 211 142
person 0.0037 428 131 446 156
person 0.0027 127 102 164 150
person 0.0024 236 123 252 140
person 0.0024 492 170 500 212
person 0.0024 199 130 211 157
person 0.0022 232 108 245 140
person 0.0018 490 159 500 184
person 0.0017 256 121 274 142
person 0.0016 180 118 212 161
person 0.0014 0 152 10 210
person 0.0013 241 102 275 142
person 0.0013 0 139 12 170
person 0.0013 60 115 79 168
person 0.0012 0 177 19 256
person 0.0012 225 99 260 145
person 0.0010 210 124 222 143
person 0.0010 64 113 108 167
car 0.0735 492 195 500 211
car 0.0566 2 171 26 187
car 0.0412 491 198 500 220
car 0.0212 490 159 500 184
car 0.0077 0 170 5 190
car 0.0072 491 161 500 204
car 0.0070 0 154 8 187
car 0.0045 -1 203 14 236
car 0.0037 0 177 19 256
car 0.0034 0 158 26 226
car 0.0032 489 148 500 178
car 0.0030 0 177 15 227
car 0.0024 0 170 11 213
car 0.0013 488 143 500 164
car 0.0013 489 194 500 229
car 0.0011 15 172 27 187
car 0.0010 18 36 525 335
car 0.0010 0 106 26 253
motorbike 0.0014 492 195 500 211
bus 0.9988 10 37 491 336
bus 0.0102 489 148 500 178
bus 0.0065 490 159 500 184
bus 0.0062 0 106 26 253
bus 0.0058 -1 198 16 242
bus 0.0038 488 143 500 164
bus 0.0025 0 177 19 256
bus 0.0020 0 177 15 227
bus 0.0019 491 160 500 205
bus 0.0016 486 137 500 214
bus 0.0013 1 170 26 188
bus 0.0012 0 158 26 226
bus 0.0011 -1 109 29 178
train 0.0043 0 177 19 256
train 0.0031 0 185 15 234
train 0.0012 0 137 27 255
pottedplant 0.0049 492 170 500 212
pottedplant 0.0030 492 195 500 211
pottedplant 0.0016 491 198 500 220
diningtable 0.0017 -1 203 14 236
