person 0.1118 29 229 41 246
person 0.0453 29 226 42 239
person 0.0201 63 227 77 234
person 0.0163 60 227 70 234
person 0.0155 17 231 34 244
person 0.0112 35 230 44 246
person 0.0077 35 225 44 237
person 0.0064 461 238 475 245
person 0.0059 85 229 92 235
person 0.0051 213 225 219 235
person 0.0047 467 237 485 245
person 0.0047 116 233 127 241
person 0.0035 53 235 69 246
person 0.0030 234 237 257 246
person 0.0026 173 228 184 238
person 0.0024 477 238 489 245
person 0.0023 16 229 34 239
person 0.0022 209 238 220 246
person 0.0022 244 237 262 247
person 0.0020 20 225 44 242
person 0.0020 443 239 452 245
person 0.0020 172 233 186 243
person 0.0019 112 228 125 236
person 0.0018 47 238 59 246
person 0.0017 231 236 244 245
person 0.0016 205 227 213 233
person 0.0016 67 229 91 235
person 0.0012 241 191 303 246
person 0.0010 178 235 191 244
person 0.0010 409 238 421 243
person 0.0010 201 237 215 245
bicycle 0.0032 29 229 41 246
car 0.0188 16 229 34 239
car 0.0166 17 231 34 244
car 0.0135 63 227 77 234
car 0.0117 29 226 42 239
car 0.0114 467 237 485 245
car 0.0103 67 229 91 235
car 0.0099 172 233 186 243
car 0.0070 178 235 191 244
car 0.0070 321 237 339 245
car 0.0055 201 237 215 245
car 0.0054 477 238 489 245
car 0.0049 234 237 257 246
car 0.0043 443 239 452 245
car 0.0030 461 238 475 245
car 0.0030 316 238 332 244
car 0.0025 29 229 41 246
car 0.0025 157 234 180 243
car 0.0024 35 225 44 237
car 0.0023 60 227 70 234
car 0.0019 0 234 27 244
car 0.0018 20 225 44 242
car 0.0017 447 238 469 245
car 0.0017 339 237 359 247
car 0.0017 209 238 220 246
car 0.0016 231 236 244 245
car 0.0015 326 237 356 247
car 0.0013 186 237 208 245
car 0.0011 282 236 299 244
motorbike 0.0036 29 229 41 246
aeroplane 0.0255 -2 195 500 273
aeroplane 0.0123 240 190 310 243
aeroplane 0.0026 -7 97 505 280
train 0.0054 -2 195 500 273
train 0.0010 -18 233 418 275
boat 0.3308 0 222 497 286
boat 0.0346 1 230 188 269
boat 0.0194 -5 158 506 293
boat 0.0112 0 212 260 266
boat 0.0083 485 225 500 255
boat 0.0082 485 244 500 258
boat 0.0067 467 237 485 245
boat 0.0046 477 238 489 245
boat 0.0034 69 218 330 256
boat 0.0024 0 246 8 269
boat 0.0024 240 191 292 244
boat 0.0023 338 238 497 260
boat 0.0022 8 235 428 269
boat 0.0022 461 238 475 245
boat 0.0022 -4 8 501 289
boat 0.0018 28 227 173 254
boat 0.0013 443 239 452 245
boat 0.0013 480 207 500 257
boat 0.0012 0 261 9 272
boat 0.0010 234 237 257 246
boat 0.0010 234 243 261 251
boat 0.0010 310 236 431 247
boat 0.0010 486 251 500 261
bird 0.0205 241 190 310 243
bird 0.0012 478 307 487 313
