person 0.9926 83 25 243 328
person 0.9811 295 77 441 300
person 0.0013 481 51 500 141
person 0.0011 446 97 500 141
bicycle 0.0039 87 52 236 330
motorbike 0.7486 173 45 346 180
motorbike 0.0086 87 52 236 330
motorbike 0.0085 169 47 260 184
motorbike 0.0027 196 41 449 162
motorbike 0.0022 149 38 368 289
motorbike 0.0013 104 43 241 200
motorbike 0.0011 253 68 377 162
motorbike 0.0011 218 82 336 182
boat 0.0021 446 95 500 142
chair 0.3217 94 159 223 320
chair 0.2162 87 51 235 330
chair 0.0906 96 219 182 324
chair 0.0465 97 220 158 294
chair 0.0093 87 155 164 314
chair 0.0043 164 147 212 195
chair 0.0035 186 161 211 199
chair 0.0023 130 226 220 318
chair 0.0019 166 123 225 200
chair 0.0017 168 168 204 194
chair 0.0015 112 223 165 273
chair 0.0015 116 163 207 269
chair 0.0013 301 77 436 284
chair 0.0012 75 133 144 288
chair 0.0012 154 134 214 216
diningtable 0.0026 87 51 235 330
