person 0.0155 14 189 31 213
person 0.0089 219 193 309 226
person 0.0075 241 197 268 224
person 0.0075 0 199 25 221
person 0.0050 -1 189 30 239
person 0.0030 0 203 13 218
person 0.0027 0 191 9 215
person 0.0026 384 174 393 185
person 0.0019 380 170 385 181
person 0.0018 234 193 255 212
person 0.0016 275 185 295 198
person 0.0014 233 196 256 224
person 0.0013 253 185 311 224
person 0.0012 382 171 393 181
person 0.0012 252 193 274 211
person 0.0012 11 191 31 229
person 0.0011 207 193 259 229
person 0.0011 -1 204 16 235
person 0.0010 268 193 317 227
car 0.0033 14 189 31 213
car 0.0018 -1 189 30 239
car 0.0014 0 203 13 218
car 0.0010 193 189 326 234
bird 0.0086 14 189 31 213
bird 0.0027 0 199 25 221
bird 0.0015 0 203 13 218
bird 0.0014 -1 189 30 239
dog 0.0070 13 189 31 214
dog 0.0029 -1 189 30 239
dog 0.0016 205 191 315 229
dog 0.0012 0 199 25 221
horse 0.0077 216 193 311 227
horse 0.0065 -1 189 30 239
horse 0.0042 0 190 30 215
horse 0.0023 0 199 25 221
horse 0.0017 268 194 317 226
horse 0.0011 0 203 13 218
sheep 0.0073 14 189 31 213
sheep 0.0072 0 199 25 221
sheep 0.0057 -1 192 29 231
sheep 0.0029 0 203 13 218
sheep 0.0012 -1 204 16 235
sheep 0.0011 384 174 393 185
cow 0.8468 205 191 315 229
cow 0.2269 204 192 251 229
cow 0.2109 268 194 317 226
cow 0.0586 275 185 295 198
cow 0.0555 14 189 31 213
cow 0.0446 241 197 268 224
cow 0.0288 274 170 286 183
cow 0.0255 0 193 28 229
cow 0.0210 227 188 301 221
cow 0.0140 270 171 284 189
cow 0.0103 384 174 393 185
cow 0.0102 252 193 274 211
cow 0.0099 233 196 256 224
cow 0.0087 0 203 13 218
cow 0.0073 234 193 255 212
cow 0.0059 220 193 251 213
cow 0.0055 -1 204 16 235
cow 0.0051 273 169 291 193
cow 0.0049 259 197 288 225
cow 0.0040 0 186 29 283
cow 0.0037 240 192 269 214
cow 0.0036 11 191 31 229
cow 0.0035 382 171 393 181
cow 0.0032 215 206 295 230
cow 0.0030 267 188 301 217
cow 0.0028 250 182 299 203
cow 0.0027 0 191 9 215
cow 0.0022 261 184 289 199
cow 0.0022 213 210 237 229
cow 0.0021 274 184 307 199
cow 0.0019 283 214 319 227
cow 0.0019 14 187 31 203
cow 0.0018 257 190 290 214
cow 0.0017 426 170 433 177
cow 0.0016 243 210 264 227
cow 0.0016 405 179 417 186
cow 0.0016 209 191 245 216
cow 0.0014 219 176 309 211
cow 0.0013 231 208 279 228
cow 0.0013 9 195 422 262
cow 0.0013 150 191 410 247
cow 0.0011 294 193 310 211
cow 0.0011 380 170 385 181
chair 0.0015 -1 189 30 239
