person 0.2225 376 114 387 141
person 0.1398 292 109 318 134
person 0.0876 0 105 26 144
person 0.0768 383 124 392 144
person 0.0502 288 102 321 143
person 0.0254 235 113 259 136
person 0.0185 345 99 352 131
person 0.0151 345 103 354 144
person 0.0137 350 132 377 150
person 0.0111 30 122 76 157
person 0.0098 381 115 391 140
person 0.0087 350 134 356 151
person 0.0068 345 95 351 118
person 0.0053 346 118 355 149
person 0.0052 463 121 486 143
person 0.0049 0 92 12 142
person 0.0040 493 114 500 153
person 0.0040 375 120 397 146
person 0.0028 478 122 489 144
person 0.0028 288 102 353 149
person 0.0027 483 112 499 321
person 0.0027 464 110 488 139
person 0.0026 40 99 87 144
person 0.0025 270 97 316 132
person 0.0025 0 87 27 128
person 0.0024 44 128 75 153
person 0.0024 -1 117 16 147
person 0.0021 468 104 488 124
person 0.0021 475 104 492 143
person 0.0021 34 104 89 170
person 0.0020 411 132 440 153
person 0.0018 0 108 50 161
person 0.0017 0 69 22 142
person 0.0016 0 92 41 141
person 0.0014 20 94 109 185
person 0.0014 492 89 500 144
person 0.0014 342 100 368 147
person 0.0013 0 290 32 373
person 0.0013 16 104 77 146
person 0.0013 493 103 500 184
person 0.0013 491 126 500 219
person 0.0012 278 99 306 127
person 0.0012 362 118 375 132
person 0.0012 392 130 405 143
person 0.0011 377 111 385 126
person 0.0011 186 71 359 160
person 0.0011 255 107 334 141
person 0.0010 381 136 394 146
person 0.0010 343 96 356 136
bicycle 0.0025 376 118 387 145
bicycle 0.0018 34 79 422 345
car 0.7400 433 83 500 265
car 0.5393 411 132 440 153
car 0.4787 185 71 358 159
car 0.3907 0 65 144 291
car 0.0951 413 132 438 143
car 0.0379 355 128 379 146
car 0.0308 411 137 439 164
car 0.0127 149 62 377 226
car 0.0071 111 66 441 318
car 0.0028 397 134 437 167
car 0.0027 376 118 387 145
car 0.0026 349 125 445 159
car 0.0022 275 99 331 146
car 0.0021 430 136 438 148
car 0.0019 349 123 391 151
car 0.0016 286 107 356 157
car 0.0014 377 132 441 157
car 0.0013 209 97 387 171
car 0.0012 409 131 446 172
car 0.0011 350 134 356 151
motorbike 0.9939 33 77 456 345
motorbike 0.0016 482 130 500 376
motorbike 0.0012 0 74 144 308
motorbike 0.0011 376 118 387 145
motorbike 0.0010 149 62 377 226
bus 0.0043 434 82 499 248
bus 0.0035 0 58 143 270
bus 0.0015 187 71 357 161
dog 0.0024 0 290 32 373
