person 0.5489 190 116 208 132
person 0.3915 37 77 84 147
person 0.3581 164 119 176 132
person 0.3333 167 119 185 132
person 0.1515 42 80 119 144
person 0.1025 169 123 184 135
person 0.0537 177 116 198 132
person 0.0500 218 113 233 131
person 0.0280 40 75 81 111
person 0.0216 154 142 175 177
person 0.0157 77 93 123 145
person 0.0136 69 107 368 174
person 0.0115 79 111 120 140
person 0.0109 100 114 121 137
person 0.0106 128 114 273 168
person 0.0093 180 116 221 163
person 0.0088 161 116 181 134
person 0.0086 203 112 230 132
person 0.0085 177 124 195 134
person 0.0079 36 105 73 143
person 0.0073 40 75 65 88
person 0.0066 58 83 83 125
person 0.0053 187 120 208 137
person 0.0043 163 120 187 138
person 0.0029 36 105 51 139
person 0.0024 76 120 109 142
person 0.0024 110 115 123 136
person 0.0019 193 119 215 140
person 0.0018 4 102 439 205
person 0.0018 185 140 210 167
person 0.0016 173 121 202 138
person 0.0015 40 79 216 172
person 0.0013 215 139 233 166
person 0.0012 175 108 227 134
person 0.0012 181 109 257 169
person 0.0011 161 106 209 135
person 0.0011 59 84 80 105
person 0.0011 34 109 92 150
person 0.0011 57 112 116 148
person 0.0010 120 106 317 137
person 0.0010 150 113 220 166
aeroplane 0.0096 6 101 440 205
boat 0.8634 6 75 437 201
boat 0.0045 69 107 368 174
boat 0.0022 106 120 407 197
boat 0.0011 128 114 273 168
dog 0.0010 100 114 121 137
