person 0.8779 144 58 230 168
person 0.6619 174 0 501 276
person 0.5334 0 25 112 278
person 0.2857 195 78 241 180
person 0.2176 0 29 64 160
person 0.0929 180 86 258 269
person 0.0689 108 69 252 277
person 0.0390 0 74 66 273
person 0.0218 11 32 244 264
person 0.0200 31 103 132 193
person 0.0145 194 76 320 271
person 0.0139 30 135 225 279
person 0.0138 111 259 204 279
person 0.0115 0 90 43 179
person 0.0111 0 42 27 264
person 0.0066 0 161 61 280
person 0.0042 0 21 187 186
person 0.0037 194 40 277 225
person 0.0034 -3 16 108 143
person 0.0031 0 74 8 176
person 0.0030 29 10 394 275
person 0.0027 140 149 250 273
person 0.0026 60 64 230 192
person 0.0020 44 125 119 164
person 0.0018 0 176 5 288
person 0.0018 338 220 496 276
person 0.0015 -1 21 34 170
person 0.0013 0 177 16 278
person 0.0012 44 203 99 278
person 0.0011 34 115 104 178
person 0.0011 445 18 500 267
person 0.0011 115 39 289 178
person 0.0010 0 81 5 246
person 0.0010 0 15 7 141
person 0.0010 0 242 6 278
bottle 0.0067 45 247 81 278
bottle 0.0012 43 205 97 277
pottedplant 0.0023 185 0 249 70
