person 0.0516 384 180 400 206
person 0.0448 190 70 206 97
person 0.0411 373 184 420 236
person 0.0335 391 183 423 218
person 0.0267 396 184 429 235
person 0.0254 398 182 421 206
person 0.0170 376 180 404 221
person 0.0067 407 182 429 204
person 0.0063 373 196 391 227
person 0.0058 404 185 429 216
person 0.0049 242 46 265 82
person 0.0033 386 194 412 227
person 0.0028 405 56 427 80
person 0.0027 415 20 446 72
person 0.0013 105 116 246 206
person 0.0013 440 157 465 236
person 0.0012 254 64 270 82
person 0.0012 415 184 434 218
person 0.0012 326 184 351 218
person 0.0012 477 107 500 247
person 0.0011 445 108 498 246
person 0.0010 255 58 276 80
person 0.0010 190 69 218 101
person 0.0010 374 192 390 214
bird 0.0049 279 60 292 79
bird 0.0029 287 58 300 80
bird 0.0018 302 58 325 80
bird 0.0015 244 45 265 74
bird 0.0015 446 88 470 106
bird 0.0013 255 58 276 80
cat 0.0011 242 46 265 82
dog 0.0013 377 183 421 235
dog 0.0013 495 234 500 263
dog 0.0010 255 58 276 80
dog 0.0010 398 181 421 206
bottle 0.0046 277 196 289 226
bottle 0.0039 252 181 279 203
bottle 0.0035 353 56 367 80
bottle 0.0029 324 58 333 80
bottle 0.0022 366 57 387 80
bottle 0.0011 84 203 103 258
bottle 0.0011 190 70 205 97
bottle 0.0011 330 60 352 79
bottle 0.0011 265 188 281 201
bottle 0.0011 489 107 500 143
chair 0.5004 98 112 244 273
chair 0.1504 111 173 235 262
chair 0.1014 77 157 110 242
chair 0.0164 85 158 111 205
chair 0.0073 67 351 213 372
chair 0.0058 0 304 19 357
chair 0.0051 107 155 147 200
chair 0.0043 0 310 27 377
chair 0.0040 74 147 133 250
chair 0.0039 373 184 420 236
chair 0.0035 396 184 429 235
chair 0.0035 82 201 105 260
chair 0.0034 329 301 500 372
chair 0.0034 60 305 218 369
chair 0.0033 70 147 223 306
chair 0.0028 0 346 44 383
chair 0.0027 92 176 109 206
chair 0.0026 0 357 42 375
chair 0.0025 0 240 25 348
chair 0.0024 137 181 178 200
chair 0.0023 0 289 46 376
chair 0.0021 495 222 500 259
chair 0.0018 75 155 145 209
chair 0.0018 2 289 40 326
chair 0.0017 492 194 500 267
chair 0.0015 88 159 128 226
chair 0.0015 90 182 109 220
chair 0.0014 454 165 495 237
chair 0.0013 -4 326 216 374
chair 0.0012 90 274 208 335
chair 0.0012 487 162 500 242
chair 0.0012 81 154 211 237
chair 0.0011 91 200 108 220
chair 0.0011 39 289 325 371
chair 0.0011 64 183 296 326
chair 0.0011 2 305 98 371
chair 0.0011 78 160 89 243
chair 0.0010 81 173 105 209
sofa 0.5919 98 112 244 273
sofa 0.0569 111 173 235 262
sofa 0.0146 329 301 500 372
sofa 0.0045 0 304 19 357
sofa 0.0042 0 289 46 376
sofa 0.0037 0 240 25 348
sofa 0.0028 92 203 221 330
sofa 0.0027 232 241 504 369
sofa 0.0027 7 289 344 373
sofa 0.0024 0 310 27 377
sofa 0.0022 131 287 440 372
sofa 0.0021 20 198 485 396
sofa 0.0019 2 305 98 371
sofa 0.0018 0 241 106 367
sofa 0.0018 64 183 296 326
sofa 0.0018 181 257 370 335
sofa 0.0017 60 305 218 369
sofa 0.0014 201 270 322 325
sofa 0.0013 61 268 266 344
sofa 0.0012 30 331 335 373
sofa 0.0010 55 82 279 369
sofa 0.0010 0 249 46 339
sofa 0.0010 288 279 504 351
pottedplant 0.8631 207 72 241 114
pottedplant 0.8523 76 201 218 333
pottedplant 0.6928 306 -2 382 80
pottedplant 0.1812 237 182 284 224
pottedplant 0.1640 277 196 289 226
pottedplant 0.0370 251 181 280 204
pottedplant 0.0294 242 46 268 83
pottedplant 0.0273 29 270 68 306
pottedplant 0.0251 240 196 271 225
pottedplant 0.0215 471 110 500 171
pottedplant 0.0179 262 187 285 215
pottedplant 0.0130 488 108 500 177
pottedplant 0.0123 265 188 281 201
pottedplant 0.0107 94 270 201 327
pottedplant 0.0072 326 184 352 218
pottedplant 0.0066 0 304 19 357
pottedplant 0.0065 444 108 499 246
pottedplant 0.0058 477 107 500 247
pottedplant 0.0055 452 111 484 161
pottedplant 0.0053 257 184 291 223
pottedplant 0.0043 31 237 253 359
pottedplant 0.0042 366 57 387 80
pottedplant 0.0039 489 106 500 144
pottedplant 0.0037 357 5 389 78
pottedplant 0.0037 358 39 383 80
pottedplant 0.0036 190 69 218 101
pottedplant 0.0035 190 70 206 97
pottedplant 0.0033 298 200 310 218
pottedplant 0.0024 244 173 270 214
pottedplant 0.0024 277 213 289 226
pottedplant 0.0024 239 48 256 82
pottedplant 0.0024 236 189 253 217
pottedplant 0.0024 96 118 241 268
pottedplant 0.0022 201 52 270 115
pottedplant 0.0021 335 11 387 82
pottedplant 0.0019 322 32 376 82
pottedplant 0.0018 240 66 250 82
pottedplant 0.0018 212 90 236 115
pottedplant 0.0018 348 38 374 79
pottedplant 0.0018 95 147 105 164
pottedplant 0.0017 236 221 258 242
pottedplant 0.0016 252 184 263 201
pottedplant 0.0016 491 129 500 178
pottedplant 0.0016 0 240 25 348
pottedplant 0.0014 190 66 255 129
pottedplant 0.0014 170 44 321 105
pottedplant 0.0012 327 38 356 80
pottedplant 0.0012 0 289 46 376
pottedplant 0.0012 330 59 353 80
pottedplant 0.0011 326 192 338 214
pottedplant 0.0011 440 80 471 115
pottedplant 0.0010 181 264 213 291
pottedplant 0.0010 326 201 335 219
pottedplant 0.0010 160 58 282 144
pottedplant 0.0010 51 229 162 311
pottedplant 0.0010 442 99 503 182
pottedplant 0.0010 353 56 368 80
diningtable 0.0414 61 268 266 344
diningtable 0.0371 17 240 323 365
diningtable 0.0106 92 203 221 330
diningtable 0.0043 329 301 500 372
diningtable 0.0033 35 288 286 369
diningtable 0.0031 97 276 216 336
diningtable 0.0029 60 305 218 369
diningtable 0.0026 201 270 322 325
diningtable 0.0017 30 331 335 373
diningtable 0.0016 0 240 25 348
diningtable 0.0015 0 304 19 357
diningtable 0.0012 0 289 46 376
diningtable 0.0012 -4 326 216 374
diningtable 0.0010 20 198 485 396
tvmonitor 0.0047 496 40 499 91
tvmonitor 0.0013 495 18 499 133
