person 0.9912 51 53 188 297
person 0.9804 330 72 445 334
person 0.9729 180 64 304 293
person 0.9000 306 103 341 137
person 0.8290 280 84 313 141
person 0.8237 437 112 452 158
person 0.6191 243 48 302 140
person 0.1572 474 122 494 147
person 0.1547 242 47 271 69
person 0.0366 190 50 296 140
person 0.0349 283 96 341 138
person 0.0234 489 123 500 146
person 0.0213 465 122 489 145
person 0.0208 254 79 308 146
person 0.0182 226 46 285 128
person 0.0128 284 139 342 213
person 0.0121 265 61 298 131
person 0.0120 406 115 426 137
person 0.0098 236 48 275 108
person 0.0097 34 107 75 138
person 0.0093 240 47 278 83
person 0.0071 423 115 453 153
person 0.0064 297 118 310 136
person 0.0064 278 103 350 206
person 0.0059 455 124 479 142
person 0.0059 401 117 417 129
person 0.0058 292 113 313 139
person 0.0046 296 107 329 138
person 0.0044 408 127 427 143
person 0.0043 418 122 435 144
person 0.0039 421 115 433 138
person 0.0034 257 81 484 147
person 0.0034 343 108 358 124
person 0.0033 492 119 500 136
person 0.0032 337 119 347 128
person 0.0028 314 127 345 139
person 0.0025 231 66 345 233
person 0.0025 302 104 323 129
person 0.0025 194 90 286 187
person 0.0024 36 107 53 127
person 0.0023 35 70 323 305
person 0.0022 267 62 329 221
person 0.0021 305 101 340 206
person 0.0021 253 274 293 343
person 0.0020 273 83 292 107
person 0.0018 47 107 76 127
person 0.0018 353 142 397 283
person 0.0017 155 42 329 180
person 0.0017 302 122 357 223
person 0.0017 433 110 467 159
person 0.0017 264 88 284 123
person 0.0016 287 83 313 115
person 0.0015 255 109 389 281
person 0.0014 305 121 343 144
person 0.0014 443 119 498 149
person 0.0014 222 65 288 161
person 0.0013 398 121 420 146
person 0.0013 0 75 15 167
person 0.0013 260 49 284 84
person 0.0013 490 132 500 150
person 0.0012 331 105 349 128
person 0.0012 283 87 450 207
person 0.0012 267 53 276 77
person 0.0011 273 77 290 99
person 0.0011 341 117 355 128
person 0.0011 269 80 355 134
person 0.0011 411 120 441 146
person 0.0010 252 77 275 114
person 0.0010 267 65 280 88
person 0.0010 264 69 285 103
person 0.0010 33 107 55 139
person 0.0010 305 96 318 115
bicycle 0.0045 34 107 75 138
bicycle 0.0011 175 119 197 146
car 0.2456 489 123 500 146
car 0.1447 474 122 494 147
car 0.0670 408 127 427 143
car 0.0565 465 122 489 145
car 0.0421 34 107 75 138
car 0.0260 435 113 454 156
car 0.0151 443 121 491 146
car 0.0120 455 124 479 142
car 0.0100 175 120 197 145
car 0.0089 436 114 476 154
car 0.0060 443 110 471 138
car 0.0054 492 119 500 136
car 0.0047 490 132 500 150
car 0.0045 0 84 11 144
car 0.0030 406 114 427 140
car 0.0024 0 75 15 167
car 0.0024 71 102 181 139
car 0.0022 0 105 10 183
car 0.0021 418 122 435 144
car 0.0021 309 104 348 139
car 0.0019 397 120 421 147
car 0.0018 411 120 441 146
car 0.0017 472 114 497 141
car 0.0016 2 103 56 140
car 0.0016 401 117 417 129
car 0.0016 36 107 53 127
car 0.0015 33 107 55 139
car 0.0015 413 114 456 154
car 0.0013 460 118 494 138
car 0.0012 324 81 436 339
car 0.0012 53 111 85 136
car 0.0011 33 112 75 159
motorbike 0.0072 34 107 75 138
bus 0.0046 443 110 471 138
cat 0.0020 177 248 254 344
cat 0.0019 306 240 396 360
cat 0.0013 82 247 176 349
cat 0.0010 0 265 92 383
dog 0.9880 172 242 263 351
dog 0.9864 84 249 177 348
dog 0.9820 306 243 398 364
dog 0.9757 -1 262 94 372
dog 0.9305 245 181 314 345
dog 0.0429 298 215 341 264
dog 0.0229 290 269 316 318
dog 0.0214 295 220 347 332
dog 0.0161 301 223 325 261
dog 0.0156 140 174 358 348
dog 0.0099 253 274 293 343
dog 0.0095 277 179 355 292
dog 0.0087 228 161 339 291
dog 0.0070 296 205 421 343
dog 0.0070 332 94 427 329
dog 0.0068 159 282 193 344
dog 0.0065 74 213 192 331
dog 0.0063 298 198 370 273
dog 0.0050 308 250 352 341
dog 0.0043 285 221 319 336
dog 0.0037 244 188 288 295
dog 0.0033 282 221 325 278
dog 0.0030 258 271 285 327
dog 0.0030 297 228 328 310
dog 0.0024 245 169 314 269
dog 0.0023 158 306 182 343
dog 0.0018 228 230 343 355
dog 0.0016 314 204 392 262
dog 0.0016 260 259 324 335
dog 0.0015 51 154 438 360
dog 0.0015 49 246 287 353
dog 0.0011 287 266 334 327
dog 0.0010 176 279 197 318
dog 0.0010 253 283 277 330
dog 0.0010 148 253 208 343
dog 0.0010 242 252 283 339
dog 0.0010 282 260 359 352
horse 0.0012 177 248 254 344
sheep 0.0018 174 241 262 350
sheep 0.0014 82 247 176 349
bottle 0.0653 371 207 383 236
bottle 0.0453 366 203 379 237
bottle 0.0365 372 219 384 237
bottle 0.0249 332 94 427 329
bottle 0.0120 368 193 385 233
bottle 0.0043 158 308 183 341
bottle 0.0038 369 216 387 241
bottle 0.0034 353 142 397 283
bottle 0.0030 367 219 378 237
bottle 0.0016 133 192 141 204
bottle 0.0014 365 195 378 210
bottle 0.0014 363 209 381 248
bottle 0.0012 333 202 346 219
chair 0.0093 35 108 75 138
chair 0.0044 175 119 197 146
chair 0.0035 54 42 186 341
chair 0.0026 489 123 500 146
chair 0.0016 35 118 74 147
chair 0.0013 34 107 54 139
chair 0.0013 325 79 436 339
chair 0.0012 102 183 146 255
chair 0.0010 474 122 494 147
sofa 0.0022 324 81 436 339
pottedplant 0.0014 34 107 75 138
