person 0.0017 208 281 288 403
person 0.0013 216 254 288 338
bird 0.0028 334 409 361 428
bird 0.0014 138 309 166 331
bird 0.0011 326 414 375 452
bird 0.0010 327 420 342 440
dog 0.0030 334 409 361 428
dog 0.0018 326 414 375 452
sheep 0.0133 334 409 361 428
sheep 0.0088 326 414 375 452
sheep 0.0023 327 420 342 440
sheep 0.0011 331 405 371 435
chair 0.9946 88 302 185 437
chair 0.9599 204 287 280 416
chair 0.0216 207 342 274 414
chair 0.0066 258 290 287 392
chair 0.0054 213 261 285 346
chair 0.0037 103 304 182 359
chair 0.0034 138 309 166 331
chair 0.0027 220 289 279 336
chair 0.0016 244 296 278 388
chair 0.0015 227 336 251 349
chair 0.0011 220 332 242 349
chair 0.0010 116 306 173 340
