person 0.0367 390 296 402 311
person 0.0286 113 117 131 130
person 0.0245 120 116 135 130
person 0.0112 0 128 7 140
person 0.0060 354 221 368 243
person 0.0056 1 127 24 140
person 0.0051 16 128 25 139
person 0.0035 138 114 158 131
person 0.0024 115 114 139 132
person 0.0022 128 114 150 132
person 0.0013 85 115 100 127
person 0.0012 443 178 453 187
person 0.0011 92 115 106 126
person 0.0011 0 62 9 73
person 0.0011 120 105 136 127
person 0.0011 109 100 124 108
person 0.0010 111 105 131 126
person 0.0010 124 101 136 108
car 0.1088 159 60 176 69
car 0.0453 95 80 110 87
car 0.0290 124 59 149 69
car 0.0177 169 58 189 69
car 0.0104 121 55 144 64
car 0.0098 151 63 164 69
car 0.0095 165 55 191 65
car 0.0086 160 56 177 64
car 0.0085 0 59 29 73
car 0.0071 100 80 114 88
car 0.0055 179 58 193 69
car 0.0047 109 100 124 108
car 0.0045 1 127 24 140
car 0.0043 0 128 7 140
car 0.0042 145 64 157 69
car 0.0027 0 62 9 73
car 0.0023 95 76 110 83
car 0.0018 0 68 8 78
car 0.0012 124 101 136 108
car 0.0012 108 101 118 108
car 0.0010 160 56 194 71
aeroplane 0.9215 11 -9 500 275
aeroplane 0.2431 355 2 461 58
aeroplane 0.0885 215 50 238 65
aeroplane 0.0384 390 14 484 57
aeroplane 0.0299 0 58 29 74
aeroplane 0.0258 196 49 238 67
aeroplane 0.0091 165 55 191 65
aeroplane 0.0081 354 2 404 53
aeroplane 0.0080 470 38 499 57
aeroplane 0.0073 0 62 9 73
aeroplane 0.0068 351 29 465 61
aeroplane 0.0060 0 41 29 80
aeroplane 0.0059 397 35 495 58
aeroplane 0.0041 162 48 237 71
aeroplane 0.0040 0 50 29 68
aeroplane 0.0037 0 42 5 71
aeroplane 0.0035 405 39 469 57
aeroplane 0.0029 178 55 193 65
aeroplane 0.0028 160 56 177 64
aeroplane 0.0028 469 20 500 58
aeroplane 0.0027 179 58 193 69
aeroplane 0.0026 370 2 391 19
aeroplane 0.0026 0 35 4 63
aeroplane 0.0023 0 68 8 78
aeroplane 0.0019 414 44 458 56
aeroplane 0.0016 0 60 29 87
aeroplane 0.0015 402 47 454 60
aeroplane 0.0015 364 8 396 24
aeroplane 0.0015 0 56 12 76
aeroplane 0.0015 169 58 189 69
aeroplane 0.0013 0 35 28 124
aeroplane 0.0013 0 38 8 75
aeroplane 0.0012 -1 13 30 76
aeroplane 0.0012 251 39 315 61
aeroplane 0.0011 371 0 404 20
aeroplane 0.0011 18 43 244 130
aeroplane 0.0011 417 2 435 17
aeroplane 0.0011 401 18 500 100
aeroplane 0.0011 441 23 500 59
aeroplane 0.0010 446 0 500 55
aeroplane 0.0010 159 60 176 69
aeroplane 0.0010 385 -1 498 266
bus 0.0109 0 59 29 73
bus 0.0012 0 62 9 73
train 0.0015 0 59 29 73
bird 0.0098 390 296 402 311
dog 0.0050 390 296 402 311
