sheep 0.9933 146 273 287 375
sheep 0.9848 190 217 251 279
sheep 0.9823 354 234 440 298
sheep 0.9814 1 281 156 375
sheep 0.9750 408 265 501 371
sheep 0.9600 26 203 106 259
sheep 0.8632 443 233 500 273
sheep 0.8415 0 219 45 258
sheep 0.6328 0 246 67 293
sheep 0.4986 467 251 501 297
sheep 0.3512 0 250 68 340
sheep 0.1013 468 253 501 368
sheep 0.0336 0 222 65 277
sheep 0.0220 0 198 502 333
sheep 0.0197 0 165 5 222
sheep 0.0178 17 242 70 281
sheep 0.0137 490 250 500 291
sheep 0.0128 408 232 497 299
sheep 0.0115 0 199 277 320
sheep 0.0104 151 210 284 272
sheep 0.0100 419 237 476 278
sheep 0.0092 446 249 501 342
sheep 0.0075 448 231 499 254
sheep 0.0065 434 246 501 290
sheep 0.0059 492 232 500 268
sheep 0.0056 486 258 500 375
sheep 0.0055 35 250 67 284
sheep 0.0054 469 246 500 274
sheep 0.0051 422 239 456 274
sheep 0.0049 0 160 4 206
sheep 0.0047 3 201 111 324
sheep 0.0046 487 252 500 325
sheep 0.0043 0 219 7 259
sheep 0.0037 0 239 5 337
sheep 0.0035 -1 219 34 288
sheep 0.0035 79 205 106 237
sheep 0.0031 439 198 501 279
sheep 0.0031 493 226 500 256
sheep 0.0031 0 281 55 374
sheep 0.0029 0 251 3 307
sheep 0.0029 6 188 181 274
sheep 0.0029 0 167 62 291
sheep 0.0028 0 185 48 254
sheep 0.0028 0 282 19 375
sheep 0.0027 0 199 4 244
sheep 0.0026 0 293 9 378
sheep 0.0025 219 208 515 314
sheep 0.0025 74 204 108 257
sheep 0.0025 155 220 493 370
sheep 0.0025 468 234 500 266
sheep 0.0023 0 177 6 265
sheep 0.0021 353 224 506 293
sheep 0.0020 441 233 474 266
sheep 0.0019 0 357 32 374
sheep 0.0017 0 258 31 355
sheep 0.0016 0 265 3 330
sheep 0.0015 5 227 331 374
sheep 0.0015 485 242 500 279
sheep 0.0015 -1 242 32 307
sheep 0.0015 377 244 484 293
sheep 0.0015 447 211 499 252
sheep 0.0014 0 218 7 300
sheep 0.0014 0 324 27 376
sheep 0.0014 -1 175 21 256
sheep 0.0012 0 357 10 374
sheep 0.0011 0 233 4 285
sheep 0.0011 0 336 9 374
sheep 0.0011 159 181 497 280
sheep 0.0010 -1 159 14 233
cow 0.0027 143 273 290 374
cow 0.0017 410 264 500 372
cow 0.0013 28 201 109 260
cow 0.0012 -5 282 156 373
cow 0.0012 444 232 500 269
cow 0.0011 192 216 252 280
