person 0.0422 50 59 69 91
person 0.0265 64 59 82 91
person 0.0245 346 142 378 199
person 0.0074 327 129 396 214
person 0.0040 48 56 82 93
person 0.0031 26 54 74 93
person 0.0018 30 58 52 91
person 0.0011 356 144 379 179
bottle 0.0013 399 142 412 197
chair 0.9286 77 289 329 330
chair 0.0059 5 165 60 256
chair 0.0050 0 161 98 330
chair 0.0032 1 215 61 329
chair 0.0028 57 243 357 298
chair 0.0026 0 175 18 333
chair 0.0023 0 294 95 330
chair 0.0020 76 254 333 339
chair 0.0013 0 253 91 330
chair 0.0013 0 249 20 331
chair 0.0011 0 193 7 341
chair 0.0011 0 299 11 332
chair 0.0010 0 203 350 298
diningtable 0.0114 80 223 336 286
diningtable 0.0065 -49 176 548 322
tvmonitor 0.9507 121 39 352 188
tvmonitor 0.0029 30 37 458 278
