person 0.0274 56 233 97 277
person 0.0066 19 238 62 281
person 0.0018 86 25 153 71
person 0.0017 42 223 94 270
person 0.0014 200 -1 270 50
person 0.0010 33 15 87 73
person 0.0010 159 23 173 40
car 0.9495 0 169 246 497
car 0.5929 4 54 354 444
car 0.4608 111 191 338 390
car 0.0456 0 -4 371 285
car 0.0097 22 14 333 159
car 0.0043 227 48 375 306
car 0.0026 132 231 263 364
car 0.0014 23 161 299 362
car 0.0012 3 67 349 220
car 0.0011 72 0 281 98
motorbike 0.0058 110 183 327 408
motorbike 0.0014 4 54 354 444
bus 0.0435 -1 -5 372 359
bus 0.0045 0 0 368 116
bus 0.0013 9 11 344 197
bus 0.0013 72 0 281 98
bus 0.0011 227 48 375 306
train 0.0018 1 0 352 133
train 0.0011 -1 -5 372 359
