person 0.9820 366 159 501 327
person 0.9563 269 59 318 100
person 0.9168 164 37 215 96
person 0.9083 88 39 124 92
person 0.8851 432 70 483 127
person 0.8703 120 37 179 89
person 0.7646 4 45 90 176
person 0.7261 398 71 434 125
person 0.3801 0 33 14 64
person 0.1181 0 31 17 171
person 0.0392 0 16 18 65
person 0.0286 29 43 94 92
person 0.0182 0 -2 10 58
person 0.0179 401 95 433 125
person 0.0154 10 44 494 132
person 0.0150 0 40 8 167
person 0.0136 0 32 13 119
person 0.0127 14 50 492 207
person 0.0122 265 81 287 101
person 0.0121 399 84 434 160
person 0.0092 398 74 466 126
person 0.0060 -3 29 102 97
person 0.0060 5 16 497 102
person 0.0049 0 28 24 123
person 0.0048 399 70 416 93
person 0.0045 83 40 165 90
person 0.0045 52 34 210 91
person 0.0042 55 40 128 93
person 0.0040 0 54 30 170
person 0.0036 478 145 500 320
person 0.0035 427 221 501 317
person 0.0030 94 56 122 90
person 0.0028 0 32 187 162
person 0.0027 400 71 431 98
person 0.0026 174 56 198 90
person 0.0026 442 82 472 122
person 0.0025 495 80 500 128
person 0.0023 267 68 299 101
person 0.0022 16 -67 487 97
person 0.0020 37 39 308 121
person 0.0020 379 54 499 288
person 0.0020 421 82 489 144
person 0.0019 30 57 72 109
person 0.0017 390 66 497 176
person 0.0017 64 57 110 95
person 0.0015 333 66 485 128
person 0.0015 0 58 6 129
person 0.0014 414 90 437 120
person 0.0014 110 42 215 106
person 0.0014 439 93 495 133
person 0.0014 369 72 459 166
person 0.0014 488 216 500 299
person 0.0013 0 31 54 131
person 0.0012 145 45 172 84
person 0.0012 0 80 18 228
person 0.0012 440 144 501 326
person 0.0011 472 214 500 302
person 0.0010 482 63 500 291
motorbike 0.9495 405 221 497 328
motorbike 0.2357 365 158 501 332
motorbike 0.0059 478 215 500 330
motorbike 0.0023 444 177 501 324
motorbike 0.0012 430 259 500 331
motorbike 0.0012 488 232 500 322
boat 0.0022 10 48 495 211
