person 0.2970 160 155 179 193
person 0.2936 316 173 323 188
person 0.1221 464 167 471 177
person 0.1013 168 156 180 188
person 0.0889 337 175 343 186
person 0.0788 287 178 293 186
person 0.0673 496 162 500 179
person 0.0575 283 179 289 186
person 0.0541 325 173 332 187
person 0.0465 151 153 181 202
person 0.0450 297 177 306 186
person 0.0444 348 173 356 187
person 0.0332 307 176 314 187
person 0.0190 424 163 432 180
person 0.0171 317 168 326 183
person 0.0167 325 168 331 183
person 0.0166 261 178 268 188
person 0.0140 496 163 499 200
person 0.0123 267 178 278 187
person 0.0120 150 168 171 198
person 0.0115 228 176 237 191
person 0.0106 348 167 354 184
person 0.0099 161 121 169 145
person 0.0084 170 156 179 173
person 0.0062 355 176 368 188
person 0.0059 422 151 433 179
person 0.0058 169 170 181 190
person 0.0053 336 168 343 183
person 0.0049 164 155 177 177
person 0.0049 315 170 327 190
person 0.0041 225 178 232 192
person 0.0040 310 164 318 183
person 0.0038 493 148 500 181
person 0.0037 152 164 170 186
person 0.0036 135 114 148 137
person 0.0031 389 170 404 180
person 0.0030 191 178 198 187
person 0.0024 497 181 499 202
person 0.0024 156 121 167 144
person 0.0024 383 170 399 181
person 0.0022 224 184 231 194
person 0.0022 414 158 421 168
person 0.0019 162 165 186 196
person 0.0018 154 176 178 201
person 0.0017 495 134 500 175
person 0.0014 290 159 387 191
person 0.0014 345 171 358 189
person 0.0013 322 169 336 191
person 0.0013 384 173 407 188
person 0.0012 429 163 440 180
person 0.0012 235 178 253 189
person 0.0011 231 169 236 178
person 0.0011 482 165 494 177
person 0.0011 459 163 474 180
person 0.0010 214 150 220 158
bicycle 0.0048 155 160 179 200
bicycle 0.0041 380 173 403 188
bicycle 0.0016 150 168 171 198
bicycle 0.0013 496 162 500 179
car 0.0016 283 179 289 186
car 0.0015 496 162 500 179
train 0.9585 -2 2 257 217
train 0.1633 408 135 502 184
train 0.0540 318 127 497 192
train 0.0161 314 133 390 187
train 0.0133 371 96 500 187
train 0.0044 354 132 387 178
train 0.0033 305 159 398 192
train 0.0031 440 149 450 158
train 0.0030 475 133 499 182
train 0.0028 402 147 474 180
train 0.0028 421 149 434 180
train 0.0026 369 146 498 196
train 0.0020 432 151 443 159
train 0.0019 496 154 500 177
train 0.0015 303 21 501 197
train 0.0013 430 144 499 200
train 0.0012 258 160 376 192
train 0.0012 495 134 500 175
train 0.0012 427 151 446 177
train 0.0011 340 131 418 193
train 0.0011 380 166 413 185
train 0.0011 424 55 504 181
train 0.0010 414 158 421 168
diningtable 0.0010 380 173 403 188
