person 0.9966 120 71 239 282
person 0.0048 0 178 12 282
person 0.0038 -1 149 20 248
person 0.0025 0 153 24 361
person 0.0024 0 161 48 243
person 0.0012 -1 125 31 267
bicycle 0.0041 0 164 48 241
car 0.0013 0 164 48 241
motorbike 0.0010 0 161 48 243
dog 0.4111 316 206 434 274
dog 0.0298 345 317 434 347
dog 0.0061 318 205 384 290
dog 0.0055 315 213 431 328
dog 0.0027 318 249 388 291
dog 0.0026 312 180 477 286
dog 0.0010 346 316 393 342
horse 0.0038 316 206 434 274
sheep 0.0997 316 206 434 274
sheep 0.0031 318 205 384 290
sheep 0.0015 389 192 444 247
cow 0.0053 316 206 434 274
chair 0.2010 0 177 27 371
chair 0.0958 0 177 47 243
chair 0.0276 0 188 12 291
chair 0.0164 0 276 28 374
chair 0.0087 0 120 51 353
chair 0.0051 0 165 21 261
chair 0.0044 0 208 15 349
chair 0.0018 0 235 10 280
chair 0.0018 0 202 11 257
chair 0.0015 0 194 23 303
chair 0.0013 2 246 42 375
chair 0.0013 -1 145 32 283
chair 0.0010 -1 264 15 369
diningtable 0.0015 0 206 28 373
