person 0.7049 377 122 383 141
person 0.5091 211 123 217 138
person 0.4866 231 126 238 138
person 0.4536 124 128 129 138
person 0.4399 367 124 374 138
person 0.2771 224 127 230 138
person 0.2482 361 123 365 138
person 0.2318 466 172 480 183
person 0.0989 72 128 77 136
person 0.0904 91 126 97 136
person 0.0644 77 127 84 136
person 0.0605 464 173 474 182
person 0.0402 477 175 498 208
person 0.0313 466 171 479 178
person 0.0281 480 89 492 98
person 0.0264 472 87 481 98
person 0.0230 173 128 178 136
person 0.0211 243 127 252 139
person 0.0206 465 172 483 206
person 0.0197 378 121 383 131
person 0.0174 120 129 126 138
person 0.0171 478 124 490 135
person 0.0171 375 120 385 144
person 0.0142 476 174 497 187
person 0.0134 464 172 484 189
person 0.0133 242 127 269 141
person 0.0125 491 178 500 206
person 0.0122 465 171 473 178
person 0.0120 93 127 101 137
person 0.0109 143 131 148 138
person 0.0107 385 128 392 137
person 0.0106 298 129 307 136
person 0.0097 392 129 400 134
person 0.0095 182 116 188 124
person 0.0093 359 121 364 131
person 0.0091 135 130 145 139
person 0.0085 491 87 500 98
person 0.0084 226 124 241 141
person 0.0074 209 120 220 141
person 0.0074 34 94 481 158
person 0.0066 491 65 500 99
person 0.0063 363 121 377 143
person 0.0060 478 122 489 131
person 0.0058 212 121 217 132
person 0.0053 473 170 499 193
person 0.0051 383 91 390 100
person 0.0048 378 136 384 142
person 0.0040 350 125 357 136
person 0.0039 379 90 385 99
person 0.0038 454 173 497 211
person 0.0035 454 90 474 99
person 0.0034 367 122 373 131
person 0.0034 489 174 500 189
person 0.0034 219 124 235 141
person 0.0034 472 74 482 97
person 0.0034 356 119 368 143
person 0.0034 452 91 464 99
person 0.0032 323 99 500 152
person 0.0032 489 125 499 137
person 0.0029 493 112 500 135
person 0.0029 90 122 97 130
person 0.0025 242 129 252 151
person 0.0023 464 167 482 181
person 0.0022 319 130 327 137
person 0.0022 468 125 486 135
person 0.0020 121 125 135 141
person 0.0020 178 128 196 137
person 0.0019 234 126 258 141
person 0.0019 6 35 513 147
person 0.0019 133 137 145 143
person 0.0018 40 117 325 147
person 0.0018 462 65 492 100
person 0.0017 233 125 260 158
person 0.0017 176 114 458 151
person 0.0016 353 120 386 144
person 0.0016 471 153 501 206
person 0.0016 208 122 245 141
person 0.0015 369 119 391 144
person 0.0015 243 129 266 148
person 0.0014 392 122 402 130
person 0.0014 485 182 500 213
person 0.0013 203 119 228 143
person 0.0013 101 128 121 137
person 0.0013 277 128 286 138
person 0.0012 462 175 489 221
person 0.0012 201 124 214 139
person 0.0012 495 102 500 126
person 0.0012 86 123 99 139
person 0.0011 246 129 282 150
person 0.0011 485 164 500 199
person 0.0010 382 137 389 142
person 0.0010 165 121 311 238
person 0.0010 365 136 373 144
person 0.0010 469 181 484 215
person 0.0010 493 194 500 221
bicycle 0.0012 231 126 238 138
car 0.0283 454 90 474 99
car 0.0138 452 91 464 99
car 0.0083 247 127 279 140
car 0.0067 480 89 492 98
car 0.0036 472 87 481 98
car 0.0029 491 87 500 98
car 0.0021 231 126 238 138
car 0.0021 450 87 482 99
car 0.0019 444 85 504 100
car 0.0014 245 128 283 151
bus 0.0020 37 106 70 116
boat 0.0128 477 175 498 208
boat 0.0063 124 128 129 138
boat 0.0060 475 171 498 192
boat 0.0059 466 172 480 183
boat 0.0058 298 129 307 136
boat 0.0051 122 137 140 144
boat 0.0050 133 137 145 143
boat 0.0036 0 119 144 153
boat 0.0035 91 126 97 136
boat 0.0034 71 135 148 148
boat 0.0028 135 130 145 139
boat 0.0025 491 178 500 206
boat 0.0024 224 127 230 138
boat 0.0024 77 127 84 136
boat 0.0023 466 171 479 178
boat 0.0023 93 127 101 137
boat 0.0022 489 174 500 189
boat 0.0021 37 106 70 116
boat 0.0021 67 122 135 142
boat 0.0019 465 172 484 206
boat 0.0018 182 116 188 124
boat 0.0016 471 153 501 206
boat 0.0016 247 127 278 139
boat 0.0016 464 172 484 189
boat 0.0015 478 124 490 135
boat 0.0014 468 125 486 135
boat 0.0013 231 126 238 138
boat 0.0012 0 116 7 130
boat 0.0012 100 136 141 145
boat 0.0011 287 130 300 136
boat 0.0011 87 139 114 145
boat 0.0010 6 35 513 147
boat 0.0010 474 123 496 138
boat 0.0010 485 164 500 199
bird 0.0546 466 172 480 183
bird 0.0228 464 173 474 182
bird 0.0192 466 171 479 178
bird 0.0091 465 171 473 178
bird 0.0032 476 174 497 187
bird 0.0032 464 172 484 189
bird 0.0030 477 175 498 208
bird 0.0029 478 124 490 135
bird 0.0022 465 172 483 206
bird 0.0017 72 128 77 136
bird 0.0015 124 128 129 138
bird 0.0015 173 128 178 136
bird 0.0015 464 167 482 181
bird 0.0014 298 129 307 136
bird 0.0013 98 147 106 153
bird 0.0011 492 185 500 211
bird 0.0010 143 131 148 138
dog 0.9678 163 132 290 255
dog 0.1188 171 139 225 250
dog 0.0049 108 110 369 249
chair 0.0015 231 126 238 138
chair 0.0011 224 127 230 138
