person 0.0012 493 171 500 328
car 0.0054 23 4 84 78
car 0.0048 25 19 80 60
car 0.0020 20 0 76 43
car 0.0014 27 31 77 48
car 0.0013 31 21 55 35
car 0.0012 27 15 60 38
bottle 0.0422 492 0 500 36
bottle 0.0080 451 5 463 32
bottle 0.0040 386 2 398 35
bottle 0.0029 459 8 468 29
bottle 0.0025 390 2 405 35
bottle 0.0025 318 63 357 110
bottle 0.0022 397 5 415 33
bottle 0.0020 442 24 451 35
bottle 0.0020 490 21 500 38
bottle 0.0019 414 8 424 31
bottle 0.0016 347 8 367 50
bottle 0.0014 423 8 438 34
bottle 0.0013 475 4 495 34
bottle 0.0012 477 5 494 18
bottle 0.0012 453 18 463 34
bottle 0.0011 404 19 415 36
chair 0.9931 117 89 290 343
chair 0.7104 370 39 451 110
chair 0.5325 360 169 499 371
chair 0.2253 373 78 499 295
chair 0.1979 2 62 215 258
chair 0.1870 345 5 367 50
chair 0.0450 204 46 287 104
chair 0.0430 342 32 475 206
chair 0.0424 451 72 499 217
chair 0.0414 401 91 500 227
chair 0.0253 316 35 502 350
chair 0.0194 448 135 501 228
chair 0.0187 223 79 492 210
chair 0.0148 393 172 500 230
chair 0.0098 480 82 500 196
chair 0.0077 488 96 500 191
chair 0.0053 83 27 314 247
chair 0.0052 478 78 500 318
chair 0.0048 447 97 498 295
chair 0.0047 346 4 360 38
chair 0.0043 489 28 500 183
chair 0.0037 493 233 500 323
chair 0.0037 493 171 500 328
chair 0.0035 403 147 497 326
chair 0.0035 350 8 365 34
chair 0.0031 471 32 500 203
chair 0.0030 490 126 500 180
chair 0.0029 484 145 500 361
chair 0.0029 440 171 499 370
chair 0.0028 455 98 500 173
chair 0.0027 318 63 357 110
chair 0.0025 313 34 431 106
chair 0.0025 490 104 500 164
chair 0.0023 358 18 382 40
chair 0.0023 349 5 392 50
chair 0.0022 471 119 500 207
chair 0.0021 363 21 377 36
chair 0.0021 373 26 495 118
chair 0.0020 454 288 499 374
chair 0.0017 337 11 377 68
chair 0.0016 8 122 156 260
chair 0.0015 321 47 380 64
chair 0.0015 235 42 258 58
chair 0.0015 479 242 499 378
chair 0.0015 175 68 496 322
chair 0.0014 322 45 392 83
chair 0.0013 491 124 500 240
chair 0.0012 357 25 393 55
chair 0.0011 361 53 434 188
chair 0.0010 102 89 221 257
chair 0.0010 490 277 500 377
chair 0.0010 483 13 500 149
chair 0.0010 382 227 416 252
sofa 0.8005 17 43 298 265
sofa 0.1884 109 66 299 332
sofa 0.0521 2 64 174 260
sofa 0.0212 204 46 287 104
sofa 0.0169 58 45 290 120
sofa 0.0148 78 47 318 190
sofa 0.0081 26 44 468 336
sofa 0.0057 85 64 494 229
sofa 0.0018 25 58 227 149
sofa 0.0010 87 60 204 139
pottedplant 0.0081 474 4 495 35
pottedplant 0.0040 491 0 500 37
pottedplant 0.0016 244 1 277 55
pottedplant 0.0015 477 4 495 19
diningtable 0.4945 176 66 493 360
diningtable 0.3327 180 77 488 204
diningtable 0.0104 370 39 451 110
diningtable 0.0081 287 96 383 133
diningtable 0.0042 313 34 431 106
diningtable 0.0042 322 45 392 83
diningtable 0.0035 324 47 393 66
diningtable 0.0032 357 25 393 55
diningtable 0.0029 291 59 380 136
diningtable 0.0026 318 63 357 110
diningtable 0.0023 342 32 475 206
diningtable 0.0023 67 58 504 243
diningtable 0.0020 325 8 484 80
diningtable 0.0013 181 32 459 167
diningtable 0.0012 483 127 500 343
diningtable 0.0010 347 8 367 50
diningtable 0.0010 286 165 462 351
