person 0.0499 243 -3 499 185
person 0.0149 167 138 499 333
person 0.0145 65 -2 499 342
person 0.0021 80 37 342 321
person 0.0012 390 -1 499 176
cat 0.8280 96 42 324 319
cat 0.0504 24 30 462 324
dog 0.0012 93 52 328 323
chair 0.0086 243 -3 499 185
chair 0.0062 18 27 474 324
chair 0.0025 182 136 492 334
chair 0.0012 242 0 347 87
sofa 0.2557 18 27 474 324
sofa 0.0416 91 42 327 319
sofa 0.0184 243 -3 499 185
sofa 0.0151 220 -6 495 340
sofa 0.0149 2 -10 505 203
sofa 0.0138 168 140 499 331
sofa 0.0048 -2 1 191 331
sofa 0.0010 -1 97 134 329
