sheep 0.9691 1 -3 165 442
sheep 0.9648 123 130 275 445
sheep 0.9235 131 -3 336 414
sheep 0.0205 124 0 304 20
sheep 0.0083 211 -1 333 22
sheep 0.0079 18 0 315 45
sheep 0.0079 119 1 297 105
sheep 0.0058 198 0 300 14
sheep 0.0050 246 0 330 10
sheep 0.0044 59 -2 259 134
sheep 0.0041 106 0 247 55
sheep 0.0041 130 0 223 130
sheep 0.0037 224 -3 336 361
sheep 0.0037 161 0 328 41
sheep 0.0035 10 0 267 21
sheep 0.0027 15 33 318 458
sheep 0.0025 141 2 333 187
sheep 0.0021 238 2 333 96
sheep 0.0020 256 0 331 52
sheep 0.0018 107 0 256 9
sheep 0.0018 1 0 47 52
sheep 0.0017 2 -1 85 25
sheep 0.0015 111 0 233 26
sheep 0.0014 257 0 317 6
sheep 0.0013 6 0 110 54
sheep 0.0012 0 0 36 10
