person 0.4496 305 189 322 211
person 0.2437 342 170 354 200
person 0.2382 398 176 415 194
person 0.1523 387 181 410 197
person 0.1385 180 174 192 195
person 0.1240 402 127 413 139
person 0.1077 384 181 399 197
person 0.1010 382 124 391 140
person 0.0956 377 128 385 139
person 0.0742 298 102 500 228
person 0.0566 460 129 471 139
person 0.0534 391 124 404 140
person 0.0458 412 130 419 139
person 0.0452 424 128 432 139
person 0.0416 364 129 375 139
person 0.0416 359 178 377 205
person 0.0397 224 206 230 218
person 0.0375 6 161 21 183
person 0.0360 247 192 258 205
person 0.0341 345 118 357 134
person 0.0307 440 178 452 192
person 0.0257 65 174 74 187
person 0.0253 215 206 222 217
person 0.0251 286 181 301 205
person 0.0251 434 128 441 139
person 0.0250 7 156 19 173
person 0.0248 126 172 136 194
person 0.0232 338 171 351 209
person 0.0228 307 187 330 216
person 0.0225 481 132 491 139
person 0.0220 0 152 10 174
person 0.0217 365 117 376 134
person 0.0190 60 174 67 185
person 0.0176 493 130 499 139
person 0.0171 312 183 327 203
person 0.0169 355 118 366 134
person 0.0167 412 183 420 195
person 0.0164 361 176 377 193
person 0.0160 209 180 221 199
person 0.0151 451 130 460 140
person 0.0150 0 157 11 188
person 0.0148 205 205 213 217
person 0.0142 250 187 260 202
person 0.0142 432 177 444 193
person 0.0136 261 187 272 202
person 0.0128 441 127 453 139
person 0.0123 433 184 444 194
person 0.0122 269 186 279 202
person 0.0122 37 164 46 183
person 0.0121 440 183 450 194
person 0.0117 472 130 480 140
person 0.0103 56 168 67 182
person 0.0103 240 187 250 201
person 0.0102 30 137 468 252
person 0.0098 345 124 358 139
person 0.0097 354 126 368 139
person 0.0092 339 173 360 214
person 0.0090 423 175 436 193
person 0.0089 132 172 143 194
person 0.0077 47 167 58 182
person 0.0074 243 192 251 205
person 0.0071 132 184 139 195
person 0.0068 342 179 355 220
person 0.0067 85 172 92 189
person 0.0062 423 185 432 195
person 0.0061 374 119 385 136
person 0.0061 164 201 171 214
person 0.0059 462 176 474 193
person 0.0056 0 151 29 194
person 0.0056 49 174 57 185
person 0.0055 128 183 137 195
person 0.0055 467 175 481 192
person 0.0053 321 170 353 220
person 0.0047 220 182 230 198
person 0.0044 292 182 310 203
person 0.0043 0 149 7 164
person 0.0040 75 173 87 189
person 0.0038 164 200 170 210
person 0.0037 204 180 214 199
person 0.0035 324 178 338 205
person 0.0035 478 174 487 193
person 0.0034 386 122 410 141
person 0.0033 153 198 163 211
person 0.0032 195 174 202 194
person 0.0031 372 124 388 141
person 0.0030 27 159 41 185
person 0.0028 316 175 346 208
person 0.0028 38 173 43 187
person 0.0027 360 125 379 140
person 0.0027 13 151 34 179
person 0.0027 343 200 355 220
person 0.0027 85 166 93 183
person 0.0025 372 173 381 193
person 0.0025 357 175 369 194
person 0.0024 462 185 474 193
person 0.0024 156 202 163 213
person 0.0023 450 176 459 192
person 0.0022 359 177 384 216
person 0.0021 173 174 187 195
person 0.0021 219 175 229 194
bus 0.9794 42 140 376 251
bus 0.9652 0 134 70 198
bus 0.9621 300 104 499 241
bus 0.0149 0 151 29 194
bus 0.0096 6 161 21 183
bus 0.0088 0 157 11 188
bus 0.0068 0 127 22 199
bus 0.0067 12 134 71 155
bus 0.0063 41 149 102 213
bus 0.0053 378 153 498 236
bus 0.0052 0 152 10 174
bus 0.0043 0 89 18 186
bus 0.0038 37 164 46 183
bus 0.0034 0 147 14 183
bus 0.0034 27 159 41 185
bus 0.0031 13 151 34 179
bus 0.0028 7 156 19 173
bus 0.0022 -1 126 68 165
bus 0.0015 39 135 69 153
bus 0.0014 47 167 58 182
bus 0.0014 62 147 105 155
bus 0.0012 9 153 39 190
bus 0.0011 0 149 7 164
train 0.0021 18 142 391 251
train 0.0012 -5 134 73 204
