person 0.0058 9 226 61 251
person 0.0051 308 227 321 234
person 0.0039 335 227 346 236
person 0.0038 310 228 331 234
person 0.0037 306 203 319 218
person 0.0029 0 208 11 230
person 0.0029 427 171 441 190
person 0.0028 422 171 438 180
person 0.0028 10 243 20 253
person 0.0023 228 152 237 160
person 0.0021 0 223 8 233
person 0.0020 457 233 481 252
person 0.0015 397 184 403 193
person 0.0012 20 205 42 217
person 0.0011 43 201 58 206
car 0.1659 66 194 99 207
car 0.0429 80 196 100 206
car 0.0201 0 208 11 230
car 0.0187 201 231 248 243
car 0.0098 427 170 441 180
car 0.0093 65 195 82 206
car 0.0083 80 221 121 247
car 0.0079 455 241 482 255
car 0.0078 247 233 278 239
car 0.0074 245 229 283 239
car 0.0074 -1 206 31 230
car 0.0059 342 242 373 255
car 0.0048 43 201 58 206
car 0.0048 0 223 8 233
car 0.0045 10 205 33 219
car 0.0038 338 160 362 170
car 0.0038 13 242 35 252
car 0.0037 8 221 60 251
car 0.0033 92 200 106 205
car 0.0033 284 233 342 260
car 0.0028 231 234 256 240
car 0.0024 32 201 55 207
car 0.0022 264 216 289 238
car 0.0019 128 250 187 270
car 0.0019 199 249 255 264
car 0.0019 14 241 52 252
car 0.0018 459 232 486 253
car 0.0018 361 245 374 254
car 0.0014 103 199 117 205
car 0.0014 427 171 441 190
car 0.0011 0 196 7 211
car 0.0011 51 199 73 205
car 0.0010 10 243 20 253
aeroplane 0.8391 0 77 487 226
aeroplane 0.0130 204 152 240 161
aeroplane 0.0076 256 163 375 186
aeroplane 0.0063 384 123 480 146
aeroplane 0.0047 230 160 444 191
aeroplane 0.0043 131 150 443 234
aeroplane 0.0039 339 162 406 191
aeroplane 0.0037 179 112 492 173
aeroplane 0.0036 329 187 488 254
aeroplane 0.0036 257 137 475 247
aeroplane 0.0029 228 152 237 160
aeroplane 0.0023 66 193 99 207
aeroplane 0.0020 0 95 51 181
aeroplane 0.0019 92 120 479 256
aeroplane 0.0016 343 155 478 205
aeroplane 0.0015 0 178 59 223
aeroplane 0.0015 265 153 284 158
aeroplane 0.0014 338 160 362 170
aeroplane 0.0013 205 155 240 163
aeroplane 0.0013 319 106 488 196
aeroplane 0.0012 276 150 430 210
aeroplane 0.0011 190 129 442 189
aeroplane 0.0011 5 194 79 210
aeroplane 0.0010 339 124 482 155
bus 0.0183 284 232 342 260
bus 0.0170 80 221 122 249
bus 0.0067 8 221 60 251
bus 0.0046 0 208 11 230
bus 0.0043 66 194 99 207
bus 0.0013 339 229 375 254
bus 0.0013 -1 201 33 231
train 0.0010 80 221 121 247
boat 0.0035 66 194 99 207
boat 0.0023 384 125 475 144
