person 0.0072 490 14 500 23
person 0.0055 477 14 498 24
person 0.0040 227 224 243 237
person 0.0027 145 192 156 211
person 0.0015 223 225 234 236
boat 0.6125 52 73 504 330
boat 0.0106 477 14 498 24
boat 0.0081 490 14 500 23
boat 0.0055 67 207 496 331
boat 0.0027 0 203 62 232
boat 0.0025 491 -2 500 24
boat 0.0021 0 177 129 335
bird 0.1186 348 87 388 116
bird 0.0590 477 14 498 24
bird 0.0554 490 14 500 23
bird 0.0141 283 8 315 29
bird 0.0038 485 11 500 25
bird 0.0033 475 19 499 29
bird 0.0028 490 16 500 34
bird 0.0025 491 -2 500 24
bird 0.0024 145 192 156 211
bird 0.0023 1 207 64 230
bird 0.0017 348 85 372 107
bird 0.0015 44 206 59 217
bird 0.0015 33 206 56 219
bird 0.0011 474 15 500 36
bird 0.0011 475 -2 500 24
bird 0.0011 25 204 61 220
