person 0.9830 -1 64 194 370
person 0.0170 149 78 168 113
person 0.0075 444 -18 499 374
person 0.0060 468 95 501 376
person 0.0054 478 18 500 341
person 0.0044 459 281 499 373
person 0.0037 35 -2 90 22
person 0.0034 11 114 269 319
person 0.0025 396 14 500 361
person 0.0020 10 117 165 287
person 0.0019 80 0 105 17
person 0.0018 131 75 169 116
person 0.0013 151 75 166 101
car 0.0012 24 70 475 311
boat 0.0027 26 83 476 344
chair 0.0132 409 55 497 158
chair 0.0073 416 55 459 100
chair 0.0040 419 84 471 102
chair 0.0037 477 69 500 168
chair 0.0021 459 281 499 373
chair 0.0021 399 40 499 260
chair 0.0020 339 2 418 92
chair 0.0019 468 95 501 376
chair 0.0018 441 11 500 151
chair 0.0013 416 52 440 86
chair 0.0013 448 41 500 388
chair 0.0012 475 122 499 164
sofa 0.0091 94 88 487 340
sofa 0.0076 458 218 500 377
sofa 0.0036 462 286 501 374
sofa 0.0035 444 91 501 363
sofa 0.0012 475 61 500 372
sofa 0.0011 444 40 500 166
tvmonitor 0.0018 19 62 481 253
