person 0.0013 145 76 496 373
boat 0.0018 -29 153 541 379
cat 0.0010 149 77 492 373
dog 0.8169 92 75 492 376
dog 0.0039 9 233 503 369
dog 0.0034 32 277 291 375
dog 0.0028 29 69 324 378
dog 0.0018 304 140 501 367
dog 0.0015 122 197 388 342
chair 0.0204 -29 153 541 379
chair 0.0096 232 40 252 80
chair 0.0024 15 243 497 370
chair 0.0024 122 197 388 342
chair 0.0022 8 296 94 375
chair 0.0021 302 122 431 196
chair 0.0020 81 29 499 366
chair 0.0012 286 67 506 239
chair 0.0012 0 19 26 59
chair 0.0012 329 115 496 363
sofa 0.0880 -29 153 541 379
sofa 0.0094 15 243 497 370
sofa 0.0040 122 197 388 342
sofa 0.0011 3 298 89 372
sofa 0.0010 169 160 482 363
diningtable 0.0100 -29 153 541 379
diningtable 0.0034 133 3 183 88
diningtable 0.0029 15 243 497 370
diningtable 0.0010 122 197 388 342
tvmonitor 0.0023 0 70 25 118
tvmonitor 0.0012 0 19 26 64
