person 0.9858 449 152 468 216
person 0.9458 296 121 335 183
person 0.3947 266 122 289 186
person 0.0533 264 164 283 187
person 0.0335 352 139 390 175
person 0.0245 449 153 466 181
person 0.0149 69 67 479 270
person 0.0134 371 156 390 174
person 0.0120 281 118 369 188
person 0.0082 362 151 393 178
person 0.0077 299 123 324 168
person 0.0066 328 149 392 179
person 0.0061 301 127 358 180
person 0.0058 472 199 484 214
person 0.0047 90 134 111 157
person 0.0042 316 136 386 175
person 0.0037 252 126 280 183
person 0.0037 362 121 392 170
person 0.0035 188 154 206 173
person 0.0032 161 148 178 180
person 0.0030 163 147 177 164
person 0.0028 356 127 384 165
person 0.0026 221 173 249 182
person 0.0024 372 128 417 174
person 0.0017 200 159 211 171
person 0.0017 99 132 117 158
person 0.0017 81 140 104 156
person 0.0015 81 144 102 164
person 0.0015 186 143 209 172
person 0.0015 451 153 461 163
person 0.0012 169 147 180 164
person 0.0011 87 136 114 172
person 0.0011 111 141 131 170
person 0.0011 168 147 182 181
person 0.0011 268 122 284 152
person 0.0010 366 149 415 183
person 0.0010 458 156 470 178
person 0.0010 222 171 232 180
person 0.0010 317 155 346 174
bus 0.9972 24 61 459 288
bird 0.1034 136 30 143 36
bird 0.0041 135 33 143 39
dog 0.0033 472 199 484 214
pottedplant 0.0079 13 134 28 159
pottedplant 0.0027 6 135 27 173
pottedplant 0.0025 0 131 10 141
pottedplant 0.0010 0 130 12 162
pottedplant 0.0010 0 132 25 143
