bottle 0.0043 0 349 6 506
bottle 0.0013 0 329 13 496
bottle 0.0011 370 260 434 364
chair 0.9820 184 222 347 343
chair 0.0049 43 199 169 366
chair 0.0045 42 229 82 321
chair 0.0019 368 250 435 359
sofa 0.0073 184 222 347 343
pottedplant 0.7254 294 130 502 362
pottedplant 0.2530 53 95 191 354
pottedplant 0.0065 67 207 168 364
pottedplant 0.0049 368 250 435 359
pottedplant 0.0034 114 317 390 391
pottedplant 0.0026 175 329 335 375
pottedplant 0.0019 322 214 479 365
pottedplant 0.0013 0 335 6 502
diningtable 0.6228 -1 320 506 501
diningtable 0.0113 114 317 390 391
diningtable 0.0035 179 228 352 337
diningtable 0.0033 -9 129 520 375
diningtable 0.0017 -32 233 536 422
tvmonitor 0.0021 0 -3 12 370
