person 0.9956 180 185 232 369
person 0.7979 91 173 130 224
person 0.2104 79 168 106 218
person 0.1827 222 187 248 237
person 0.1039 151 178 185 202
person 0.1018 301 76 326 100
person 0.0998 256 188 276 233
person 0.0882 334 79 361 109
person 0.0728 255 191 277 272
person 0.0710 360 83 381 112
person 0.0645 149 173 185 220
person 0.0578 312 76 329 101
person 0.0565 183 53 219 101
person 0.0447 92 179 114 221
person 0.0416 316 85 329 101
person 0.0383 234 190 249 232
person 0.0313 135 58 192 100
person 0.0306 179 75 210 98
person 0.0274 383 83 395 114
person 0.0237 103 58 186 108
person 0.0225 375 185 388 215
person 0.0217 74 40 136 116
person 0.0182 265 188 277 217
person 0.0179 151 65 211 104
person 0.0172 368 82 385 114
person 0.0153 80 37 118 98
person 0.0140 197 52 218 82
person 0.0131 366 186 376 216
person 0.0113 259 188 284 254
person 0.0103 167 183 185 201
person 0.0082 357 82 370 110
person 0.0080 252 184 280 323
person 0.0077 107 63 151 109
person 0.0076 81 158 118 212
person 0.0072 211 186 225 219
person 0.0065 328 182 336 205
person 0.0063 92 178 146 240
person 0.0055 161 182 189 225
person 0.0050 213 185 243 224
person 0.0049 159 74 196 97
person 0.0045 67 70 111 118
person 0.0044 25 -8 427 335
person 0.0044 287 51 301 97
person 0.0039 143 179 158 201
person 0.0035 244 180 303 327
person 0.0034 208 186 228 233
person 0.0032 312 169 362 223
person 0.0031 329 70 356 105
person 0.0030 380 187 392 214
person 0.0030 136 46 181 89
person 0.0029 327 187 336 213
person 0.0028 252 49 279 105
person 0.0028 154 43 202 83
person 0.0026 321 83 341 104
person 0.0025 256 228 274 276
person 0.0025 343 207 354 217
person 0.0024 130 73 201 114
person 0.0024 339 205 348 218
person 0.0022 214 194 240 243
person 0.0022 75 27 174 105
person 0.0020 39 235 45 247
person 0.0020 299 78 313 98
person 0.0018 323 178 340 209
person 0.0018 334 183 348 203
person 0.0018 203 52 223 101
person 0.0018 339 167 415 229
person 0.0017 149 174 171 197
person 0.0017 402 232 425 287
person 0.0016 230 186 294 286
person 0.0016 236 197 272 243
person 0.0015 316 75 347 102
person 0.0015 216 202 233 237
person 0.0014 78 66 169 120
person 0.0014 117 32 204 112
person 0.0014 102 170 154 216
person 0.0014 342 192 355 210
person 0.0013 331 187 351 215
person 0.0013 236 212 250 245
person 0.0013 183 218 216 295
person 0.0013 97 198 410 333
person 0.0013 23 224 30 240
person 0.0013 56 161 146 236
person 0.0013 175 184 236 244
person 0.0012 165 75 211 112
person 0.0012 119 169 171 228
person 0.0011 26 197 39 243
person 0.0011 299 54 327 100
person 0.0011 80 193 88 212
person 0.0011 136 180 162 223
person 0.0011 171 175 182 195
person 0.0010 245 181 283 227
person 0.0010 325 177 356 210
person 0.0010 98 199 123 220
person 0.0010 220 188 252 275
bicycle 0.0010 402 232 425 287
car 0.0028 442 159 474 233
car 0.0017 390 160 444 274
car 0.0014 307 168 430 289
bus 0.9980 28 0 456 351
bus 0.5470 442 159 474 233
bus 0.0819 396 160 442 238
bus 0.0158 302 127 440 254
bus 0.0106 406 164 468 236
bus 0.0089 284 30 445 276
bus 0.0089 392 107 424 241
bus 0.0079 311 169 363 223
bus 0.0075 307 168 430 289
bus 0.0043 324 162 427 233
bus 0.0023 432 158 473 275
bus 0.0022 365 92 443 225
bus 0.0021 390 123 413 223
bus 0.0020 400 162 458 297
bus 0.0020 325 101 476 280
bus 0.0011 148 40 416 320
bus 0.0011 439 133 500 252
train 0.0022 442 159 474 238
bottle 0.0078 200 283 216 306
chair 0.0115 24 -5 426 333
chair 0.0100 301 76 326 100
chair 0.0052 287 51 301 97
chair 0.0031 328 55 354 79
chair 0.0030 328 58 339 75
chair 0.0022 330 77 355 102
chair 0.0020 299 78 313 98
chair 0.0020 299 54 327 100
chair 0.0017 254 48 279 103
chair 0.0017 312 76 329 101
chair 0.0015 329 64 352 88
chair 0.0014 270 51 298 98
chair 0.0012 276 81 287 96
chair 0.0010 357 68 368 84
chair 0.0010 210 17 457 284
