person 0.0043 63 1 178 58
person 0.0020 199 5 214 28
person 0.0016 407 353 452 375
person 0.0011 206 152 295 229
car 0.0064 52 1 172 56
car 0.0027 453 39 499 59
bus 0.0061 58 1 179 55
cat 0.3888 223 156 289 227
cat 0.0052 182 88 340 239
cat 0.0030 190 137 294 225
dog 0.2751 223 156 289 227
dog 0.0321 176 89 340 239
dog 0.0033 407 353 453 376
dog 0.0033 190 137 294 225
bottle 0.0023 407 353 453 376
bottle 0.0017 199 5 214 28
chair 0.0055 407 353 452 375
chair 0.0027 176 89 341 239
chair 0.0026 0 52 26 112
chair 0.0016 8 35 51 97
chair 0.0014 22 51 49 97
chair 0.0013 -1 5 29 113
chair 0.0010 182 100 228 145
sofa 0.0016 182 88 340 239
pottedplant 0.9784 356 96 501 301
pottedplant 0.0018 482 175 500 332
diningtable 0.0330 341 96 495 299
diningtable 0.0057 0 84 106 371
diningtable 0.0011 1 218 502 370
tvmonitor 0.6877 25 0 191 90
tvmonitor 0.1337 61 1 180 58
tvmonitor 0.0014 0 0 25 59
tvmonitor 0.0013 337 96 499 302
