person 0.1820 237 97 253 114
person 0.1502 273 107 289 154
person 0.0288 229 98 245 114
person 0.0277 267 103 285 144
person 0.0250 265 107 284 176
person 0.0238 226 68 250 94
person 0.0197 246 101 257 117
person 0.0123 208 97 223 113
person 0.0119 220 98 234 113
person 0.0097 244 96 260 116
person 0.0086 200 97 216 114
person 0.0061 269 104 283 126
person 0.0053 224 101 249 118
person 0.0039 175 66 292 181
person 0.0036 214 93 237 115
person 0.0031 261 95 289 153
person 0.0026 170 106 180 119
person 0.0024 273 128 290 173
person 0.0021 241 97 265 123
person 0.0021 257 100 272 122
person 0.0019 196 93 219 116
person 0.0015 251 90 280 135
person 0.0015 232 81 288 157
person 0.0012 227 85 246 96
person 0.0012 274 105 287 126
person 0.0010 255 94 270 116
person 0.0010 255 103 278 180
car 0.5016 174 85 280 182
car 0.1331 226 66 250 88
car 0.0050 273 107 290 154
car 0.0017 214 87 234 94
car 0.0017 267 103 286 145
car 0.0016 203 87 226 94
car 0.0015 229 80 290 158
car 0.0014 273 128 290 173
car 0.0012 265 107 284 176
car 0.0012 220 62 260 99
car 0.0012 214 78 239 93
motorbike 0.0129 269 104 291 168
motorbike 0.0040 224 64 255 95
motorbike 0.0018 175 66 292 181
bus 0.0024 176 82 289 180
boat 0.0011 230 66 253 89
bird 0.0023 170 106 180 119
dog 0.0035 170 106 180 119
dog 0.0020 370 173 447 263
dog 0.0010 273 107 289 154
horse 0.0015 226 67 250 94
sheep 0.9918 367 172 448 266
sheep 0.9900 142 156 255 260
sheep 0.0273 170 106 180 119
sheep 0.0114 466 83 485 105
sheep 0.0056 226 68 250 94
sheep 0.0043 33 48 53 66
sheep 0.0035 203 87 226 94
sheep 0.0028 273 107 289 153
sheep 0.0025 478 162 500 230
sheep 0.0023 197 87 217 94
sheep 0.0022 203 81 226 92
sheep 0.0021 214 87 234 94
sheep 0.0020 16 46 33 60
sheep 0.0019 6 41 18 49
sheep 0.0018 409 113 429 127
sheep 0.0014 391 115 404 126
sheep 0.0012 419 115 434 127
sheep 0.0011 416 70 441 93
sheep 0.0011 395 85 422 102
sheep 0.0010 10 43 39 65
sheep 0.0010 214 78 239 93
cow 0.0638 142 156 254 259
cow 0.0219 366 172 446 266
cow 0.0049 226 66 250 88
cow 0.0023 170 106 180 119
cow 0.0011 175 66 292 180
