person 0.1469 323 194 339 214
person 0.0030 146 14 155 28
person 0.0025 131 192 144 199
person 0.0022 136 196 182 210
boat 0.9240 106 193 224 214
boat 0.7232 146 14 155 28
boat 0.4144 323 194 339 214
boat 0.0470 146 21 155 31
boat 0.0343 244 23 251 29
boat 0.0342 109 185 223 206
boat 0.0146 244 16 251 28
boat 0.0107 247 23 255 29
boat 0.0101 69 24 77 31
boat 0.0072 139 12 158 30
boat 0.0036 143 195 191 210
boat 0.0030 102 182 232 223
boat 0.0029 148 15 162 28
boat 0.0026 246 17 256 28
boat 0.0020 0 12 4 27
boat 0.0020 144 16 156 35
boat 0.0018 74 24 83 31
boat 0.0016 313 194 336 214
boat 0.0016 128 13 154 28
boat 0.0016 150 22 161 30
boat 0.0014 0 21 5 34
bird 0.0715 323 194 339 214
bird 0.0011 146 14 155 28
bird 0.0010 212 196 225 211
