person 0.4100 235 135 259 154
person 0.1557 235 136 269 161
person 0.1337 195 137 218 163
person 0.0644 197 135 216 153
person 0.0279 256 135 274 153
person 0.0165 189 135 208 153
person 0.0148 198 136 233 163
person 0.0139 210 136 263 162
person 0.0123 212 138 237 161
person 0.0120 262 135 281 153
person 0.0056 175 140 199 160
person 0.0050 224 135 249 154
person 0.0041 201 135 229 153
person 0.0041 374 165 387 178
person 0.0036 256 136 288 164
person 0.0028 245 137 281 159
person 0.0021 381 166 392 176
person 0.0021 182 134 223 168
person 0.0018 243 123 310 185
person 0.0015 172 131 202 157
person 0.0013 161 144 170 160
person 0.0013 172 141 187 161
person 0.0013 205 108 213 119
person 0.0012 157 61 411 258
person 0.0011 363 164 377 179
person 0.0010 164 113 357 201
person 0.0010 167 126 189 160
boat 0.9694 138 106 438 276
boat 0.0048 114 121 170 159
boat 0.0019 173 48 421 235
boat 0.0010 204 119 355 190
