person 0.9971 397 106 493 334
person 0.9393 91 113 154 177
person 0.5438 485 115 500 317
person 0.2396 489 134 500 267
person 0.0979 105 124 136 180
person 0.0907 486 121 500 225
person 0.0892 36 121 69 160
person 0.0657 485 115 500 174
person 0.0359 489 199 500 276
person 0.0303 228 151 258 243
person 0.0214 115 75 174 131
person 0.0212 316 133 342 156
person 0.0168 476 129 499 272
person 0.0167 312 123 329 141
person 0.0161 205 143 242 243
person 0.0144 202 146 216 179
person 0.0124 349 127 358 144
person 0.0104 346 128 360 157
person 0.0097 358 120 389 161
person 0.0092 111 129 130 174
person 0.0085 309 125 339 163
person 0.0080 46 122 72 150
person 0.0079 198 149 217 195
person 0.0067 368 117 388 152
person 0.0066 420 117 435 136
person 0.0065 487 94 500 157
person 0.0062 269 140 278 163
person 0.0054 313 121 329 134
person 0.0052 219 143 253 206
person 0.0049 350 125 366 146
person 0.0047 362 119 381 150
person 0.0046 309 123 321 144
person 0.0046 348 128 370 156
person 0.0041 233 162 253 199
person 0.0041 364 129 380 156
person 0.0041 374 116 407 160
person 0.0040 193 143 221 211
person 0.0038 203 145 226 198
person 0.0038 309 125 320 160
person 0.0038 475 184 497 257
person 0.0036 372 115 386 132
person 0.0036 490 153 500 229
person 0.0034 317 123 340 144
person 0.0030 379 144 395 163
person 0.0030 39 123 101 163
person 0.0029 -8 -13 509 305
person 0.0024 490 194 500 248
person 0.0023 378 130 400 158
person 0.0021 442 111 503 327
person 0.0020 369 140 392 164
person 0.0020 192 149 205 178
person 0.0020 426 116 444 136
person 0.0016 474 161 500 343
person 0.0016 199 157 231 225
person 0.0016 427 108 470 139
person 0.0015 156 133 207 187
person 0.0015 210 143 241 186
person 0.0014 465 135 485 152
person 0.0014 87 77 168 165
person 0.0014 377 116 401 132
person 0.0014 363 111 381 138
person 0.0013 124 72 172 105
person 0.0012 207 145 220 163
person 0.0012 5 119 87 194
person 0.0012 421 111 453 138
person 0.0012 156 130 178 160
person 0.0011 342 123 381 163
person 0.0010 107 99 176 178
person 0.0010 9 122 58 164
person 0.0010 140 74 180 160
person 0.0010 489 217 500 318
bicycle 0.0012 484 124 500 335
car 0.7185 0 220 82 336
car 0.0226 0 96 87 329
car 0.0037 0 171 22 336
car 0.0031 0 148 5 274
car 0.0019 0 178 3 243
car 0.0019 0 100 6 264
car 0.0018 490 136 500 282
car 0.0011 0 157 6 323
car 0.0010 484 124 500 335
car 0.0010 -6 233 194 326
motorbike 0.0010 484 124 500 335
bus 0.9988 -5 -2 508 323
bus 0.0055 0 100 6 264
bus 0.0050 0 70 16 246
bus 0.0028 0 76 63 280
bus 0.0018 1 99 24 225
bus 0.0014 0 31 97 318
bus 0.0011 0 65 27 288
bus 0.0010 0 68 8 221
bus 0.0010 4 113 89 205
bottle 0.0019 396 231 407 245
bottle 0.0011 398 228 412 246
chair 0.0237 316 133 342 156
chair 0.0085 346 128 360 157
chair 0.0064 475 238 500 312
chair 0.0052 334 136 344 153
chair 0.0046 483 200 500 311
chair 0.0042 342 140 361 165
chair 0.0039 484 124 500 335
chair 0.0025 309 133 340 170
chair 0.0015 233 168 258 248
chair 0.0014 -8 -13 509 305
chair 0.0012 348 128 370 156
