person 0.9541 146 -1 502 374
person 0.0043 321 13 502 344
person 0.0040 389 215 501 371
person 0.0019 431 0 501 368
person 0.0015 131 323 277 372
person 0.0012 113 319 386 371
bicycle 0.0075 131 323 277 372
bicycle 0.0061 113 319 386 371
motorbike 0.0012 131 323 277 372
cat 0.0031 308 100 502 357
cat 0.0017 140 34 507 394
dog 0.0151 140 34 507 394
dog 0.0056 308 100 502 357
dog 0.0010 126 324 426 375
bottle 0.0921 224 357 251 374
bottle 0.0054 130 321 352 374
bottle 0.0042 202 356 253 375
bottle 0.0023 222 360 252 386
bottle 0.0019 143 323 257 374
bottle 0.0014 203 353 281 379
bottle 0.0011 174 353 341 376
chair 0.0127 143 323 257 374
chair 0.0102 142 323 197 373
chair 0.0093 143 312 447 371
chair 0.0051 103 -1 501 372
chair 0.0050 2 -5 281 382
chair 0.0045 -1 0 276 154
sofa 0.1544 -2 0 504 376
sofa 0.0874 13 2 494 155
sofa 0.0114 2 -2 275 314
sofa 0.0053 0 140 275 373
sofa 0.0021 145 305 489 370
sofa 0.0020 11 -5 279 143
sofa 0.0011 41 112 452 340
