person 0.9858 13 14 462 330
person 0.0128 453 160 501 335
person 0.0099 474 97 500 332
person 0.0083 447 -11 499 330
person 0.0043 400 76 500 331
person 0.0040 465 215 501 333
person 0.0026 488 212 500 285
person 0.0024 0 106 72 324
person 0.0019 483 215 501 320
person 0.0017 492 172 500 287
person 0.0011 409 242 499 330
bicycle 0.0028 455 209 499 335
bicycle 0.0012 467 136 501 335
car 0.0039 453 160 501 335
car 0.0021 465 215 501 333
car 0.0016 409 242 499 330
car 0.0015 11 26 464 354
car 0.0011 464 291 501 332
motorbike 0.0066 450 132 499 336
motorbike 0.0025 467 177 500 330
motorbike 0.0013 401 147 500 334
motorbike 0.0010 409 242 499 330
bottle 0.0283 465 215 501 333
bottle 0.0028 464 291 501 332
bottle 0.0026 453 160 501 335
bottle 0.0017 488 212 500 285
chair 0.0093 412 250 497 332
chair 0.0071 456 249 500 333
chair 0.0024 472 204 500 333
chair 0.0014 483 215 501 320
chair 0.0012 452 171 499 333
chair 0.0010 460 289 498 332
sofa 0.0010 9 25 466 355
tvmonitor 0.0017 9 25 466 355
