person 0.0939 462 188 467 198
person 0.0867 91 236 96 248
person 0.0640 124 235 131 248
person 0.0615 147 223 153 233
person 0.0454 136 234 143 246
person 0.0376 211 225 218 238
person 0.0175 203 233 212 241
person 0.0144 220 225 232 237
person 0.0125 193 234 202 242
person 0.0095 203 228 213 238
person 0.0094 309 233 318 266
person 0.0081 229 225 242 235
person 0.0080 310 233 317 243
person 0.0073 481 185 486 194
person 0.0064 211 233 218 242
person 0.0059 222 233 230 243
person 0.0046 489 181 494 189
person 0.0046 258 217 267 227
person 0.0046 472 186 478 196
person 0.0044 394 197 398 207
person 0.0043 452 196 458 202
person 0.0040 240 227 249 235
person 0.0036 231 243 237 253
person 0.0034 191 227 202 239
person 0.0031 326 228 336 236
person 0.0028 374 210 381 217
person 0.0028 152 226 161 234
person 0.0028 490 186 496 193
person 0.0026 120 235 126 246
person 0.0022 229 236 236 245
person 0.0021 216 237 231 260
person 0.0019 333 224 351 234
person 0.0018 94 236 100 247
person 0.0018 137 234 160 246
person 0.0015 249 226 255 233
person 0.0015 254 215 261 227
person 0.0014 409 186 414 202
person 0.0014 125 243 132 249
person 0.0013 483 182 488 189
person 0.0012 23 204 479 255
person 0.0011 92 241 96 250
person 0.0011 404 193 413 206
person 0.0010 213 237 224 262
person 0.0010 461 193 467 202
bicycle 0.0022 371 336 421 373
car 0.0627 262 216 283 226
car 0.0371 287 213 313 223
car 0.0359 326 228 336 236
car 0.0178 333 224 351 234
car 0.0114 220 225 232 237
car 0.0100 258 217 267 227
car 0.0068 203 233 212 241
car 0.0058 203 228 213 238
car 0.0048 229 225 242 235
car 0.0047 279 219 290 226
car 0.0046 211 225 218 238
car 0.0036 191 227 202 239
car 0.0031 240 227 249 235
car 0.0026 178 234 194 241
car 0.0026 287 210 314 219
car 0.0018 193 234 202 242
car 0.0012 103 222 116 233
car 0.0012 374 210 381 217
car 0.0011 138 234 176 247
car 0.0010 168 233 190 242
bus 0.0042 287 213 313 223
bus 0.0033 220 225 232 237
bus 0.0032 229 225 242 235
bus 0.0024 223 216 249 228
bus 0.0015 262 216 283 226
bus 0.0014 211 225 218 238
bus 0.0013 211 215 242 229
bus 0.0010 217 218 253 238
bus 0.0010 215 222 235 238
boat 0.0107 138 234 176 247
boat 0.0043 333 224 351 234
boat 0.0030 326 228 336 236
boat 0.0019 262 216 283 226
boat 0.0018 370 337 429 374
boat 0.0016 203 228 213 238
boat 0.0015 154 234 180 244
boat 0.0010 287 213 313 223
boat 0.0010 462 188 467 198
boat 0.0010 203 233 212 241
bird 0.0120 374 210 381 217
bird 0.0094 326 228 336 236
bird 0.0091 374 214 380 220
bird 0.0047 344 225 352 232
bird 0.0036 333 224 351 234
bird 0.0012 91 236 96 248
bird 0.0011 303 195 497 260
bird 0.0011 310 233 317 243
bird 0.0010 489 181 494 189
dog 0.0018 326 228 336 236
dog 0.0015 333 224 351 234
horse 0.0046 333 224 351 234
horse 0.0027 326 228 336 236
sheep 0.1836 333 224 351 234
sheep 0.1391 326 228 336 236
sheep 0.0417 374 210 381 217
sheep 0.0242 344 225 352 232
sheep 0.0119 374 214 380 220
sheep 0.0035 384 206 394 214
sheep 0.0029 323 223 356 237
sheep 0.0010 327 233 337 238
cow 0.0324 333 224 351 234
cow 0.0279 326 228 336 236
cow 0.0096 374 210 381 217
cow 0.0046 344 225 352 232
cow 0.0016 374 214 380 220
