person 0.7991 119 125 170 161
person 0.4615 59 145 69 158
person 0.2541 217 129 235 156
person 0.1893 214 129 236 187
person 0.1682 134 128 163 158
person 0.1205 220 128 233 145
person 0.0790 27 148 43 158
person 0.0686 49 143 60 159
person 0.0631 53 137 68 156
person 0.0550 187 132 222 184
person 0.0491 166 142 206 183
person 0.0467 64 144 73 159
person 0.0422 50 135 60 156
person 0.0301 218 128 250 191
person 0.0285 182 145 211 182
person 0.0246 35 145 45 156
person 0.0242 38 138 47 154
person 0.0231 492 147 500 178
person 0.0229 427 144 441 165
person 0.0219 51 141 73 163
person 0.0192 46 132 64 159
person 0.0179 188 134 221 156
person 0.0166 114 124 176 186
person 0.0163 70 137 77 155
person 0.0157 43 135 78 170
person 0.0155 26 136 43 156
person 0.0141 170 134 234 213
person 0.0140 470 158 499 190
person 0.0122 116 106 291 219
person 0.0118 490 132 500 157
person 0.0108 253 126 270 183
person 0.0102 74 84 304 298
person 0.0099 473 127 500 189
person 0.0099 23 112 84 197
person 0.0087 252 129 263 179
person 0.0082 416 140 441 170
person 0.0073 125 124 156 150
person 0.0064 185 154 230 191
person 0.0062 456 140 471 164
person 0.0058 221 129 243 158
person 0.0058 419 150 438 171
person 0.0052 382 106 504 212
person 0.0050 495 167 500 194
person 0.0049 477 151 497 174
person 0.0047 408 144 429 164
person 0.0045 394 134 440 175
person 0.0042 188 123 221 145
person 0.0040 400 137 413 155
person 0.0039 79 139 88 163
person 0.0038 203 132 232 156
person 0.0034 34 135 49 157
person 0.0032 215 157 233 190
person 0.0031 482 135 494 154
person 0.0030 395 142 421 164
person 0.0029 486 134 500 173
person 0.0029 249 127 264 161
person 0.0029 139 123 174 152
person 0.0029 24 142 45 162
person 0.0026 27 147 43 176
person 0.0024 60 139 78 165
person 0.0024 199 130 232 179
person 0.0023 453 139 465 165
person 0.0023 453 136 477 169
person 0.0023 459 131 495 175
person 0.0022 177 140 199 168
person 0.0020 383 146 394 160
person 0.0020 408 152 428 171
person 0.0020 175 107 261 244
person 0.0020 426 147 445 173
person 0.0018 392 135 408 156
person 0.0017 389 144 409 162
person 0.0016 317 160 348 186
person 0.0016 366 159 377 167
person 0.0016 440 156 450 170
person 0.0015 177 122 233 167
person 0.0015 345 167 353 180
person 0.0015 428 135 442 157
person 0.0015 165 170 184 192
person 0.0015 479 131 497 160
person 0.0014 492 156 500 207
person 0.0014 487 153 500 191
person 0.0014 160 152 196 192
person 0.0013 451 117 497 198
person 0.0013 256 117 268 131
person 0.0013 253 118 270 152
person 0.0012 394 134 418 158
person 0.0012 239 176 255 193
person 0.0012 222 126 267 197
person 0.0012 44 78 463 218
person 0.0012 466 140 486 166
person 0.0011 400 149 435 173
person 0.0011 214 171 232 191
person 0.0011 65 133 79 159
person 0.0011 215 155 256 193
person 0.0011 456 147 475 176
person 0.0011 467 151 486 172
person 0.0011 117 125 146 159
person 0.0011 471 155 500 234
person 0.0010 208 126 223 144
person 0.0010 384 138 413 167
bicycle 0.0011 26 181 39 201
car 0.9391 316 159 349 206
car 0.9355 342 167 379 215
car 0.0032 318 159 344 173
car 0.0017 366 159 377 167
car 0.0016 314 160 334 182
car 0.0016 323 160 353 184
car 0.0014 347 169 407 214
car 0.0010 323 176 353 207
car 0.0010 317 179 327 206
bus 0.9973 86 71 321 290
bus 0.9835 375 103 501 215
bus 0.8633 27 112 93 201
bus 0.0233 43 135 78 170
bus 0.0217 116 106 291 219
bus 0.0179 316 107 401 183
bus 0.0056 157 114 251 235
bus 0.0048 51 141 73 163
bus 0.0046 170 134 234 213
bus 0.0042 311 105 480 174
bus 0.0034 44 129 65 161
bus 0.0027 27 103 93 131
bus 0.0022 473 127 500 189
bus 0.0021 49 143 60 159
bus 0.0020 59 145 69 158
bus 0.0019 0 111 24 206
bus 0.0013 -3 119 70 198
bus 0.0012 451 117 497 198
bus 0.0010 63 89 507 204
train 0.0508 20 115 90 199
train 0.0033 375 100 502 219
train 0.0018 49 71 319 291
pottedplant 0.0018 378 168 500 293
