person 0.8414 176 23 389 376
person 0.6218 213 78 353 312
person 0.1047 252 118 307 267
person 0.0048 375 107 500 369
bird 0.0055 464 46 485 73
bird 0.0010 253 121 305 262
cat 0.1386 254 121 305 262
cat 0.0851 213 78 353 312
cat 0.0282 201 27 394 372
cat 0.0011 238 85 334 228
dog 0.2663 252 118 307 267
dog 0.2349 213 78 353 312
dog 0.1171 201 27 394 372
dog 0.0165 256 122 303 207
dog 0.0011 238 85 334 228
bottle 0.0796 52 28 71 63
bottle 0.0307 492 76 500 115
bottle 0.0113 468 78 498 116
bottle 0.0067 492 77 500 96
bottle 0.0046 266 199 297 260
bottle 0.0041 472 78 493 95
bottle 0.0023 463 47 485 88
bottle 0.0012 493 66 500 92
chair 0.0977 2 3 135 63
chair 0.0428 176 87 478 370
chair 0.0288 375 107 500 369
chair 0.0222 136 -4 494 164
chair 0.0045 4 2 137 120
chair 0.0038 400 108 499 194
chair 0.0036 213 78 353 312
chair 0.0031 400 241 501 371
chair 0.0018 398 121 499 274
sofa 0.9579 142 -3 489 163
sofa 0.4541 2 3 135 63
sofa 0.1719 375 107 500 369
sofa 0.1068 176 87 478 370
sofa 0.0278 4 2 137 120
sofa 0.0105 46 49 127 85
sofa 0.0059 400 241 501 371
sofa 0.0052 141 0 269 52
sofa 0.0049 213 78 353 312
sofa 0.0046 400 108 499 194
sofa 0.0031 85 0 331 129
sofa 0.0028 398 121 499 274
sofa 0.0028 164 -1 466 90
sofa 0.0013 12 17 126 197
sofa 0.0013 24 2 99 55
sofa 0.0012 2 5 258 73
sofa 0.0012 45 64 103 91
pottedplant 0.0061 462 46 485 90
pottedplant 0.0023 468 78 498 116
pottedplant 0.0018 14 1 110 56
pottedplant 0.0014 492 76 500 115
diningtable 0.0031 17 27 159 198
diningtable 0.0027 456 82 498 119
diningtable 0.0026 400 108 499 194
diningtable 0.0018 14 1 110 56
diningtable 0.0018 406 57 499 164
diningtable 0.0011 423 79 485 123
diningtable 0.0011 446 76 500 162
tvmonitor 0.0016 14 1 110 56
