person 0.5896 0 0 122 282
person 0.0182 -2 8 264 279
person 0.0029 117 30 274 275
person 0.0014 57 0 190 243
person 0.0010 74 76 142 275
cat 0.0025 264 63 451 285
cat 0.0014 108 34 261 272
dog 0.9754 108 34 261 272
dog 0.7764 266 67 467 281
dog 0.0153 8 -2 500 313
dog 0.0059 69 18 358 284
dog 0.0038 414 89 497 279
dog 0.0035 147 58 436 297
bottle 0.0015 49 203 98 272
chair 0.0430 10 253 472 368
chair 0.0394 24 -3 477 380
chair 0.0051 117 30 274 275
chair 0.0044 477 178 500 372
chair 0.0015 411 76 499 284
chair 0.0012 0 0 122 281
sofa 0.1610 17 -4 483 380
sofa 0.1401 10 253 472 368
sofa 0.0218 117 30 274 275
sofa 0.0011 0 0 122 281
diningtable 0.0020 10 253 472 368
tvmonitor 0.0013 8 -18 497 332
