person 0.0254 149 61 214 104
person 0.0190 177 75 216 96
person 0.0088 0 66 9 141
person 0.0041 0 81 8 109
person 0.0038 0 41 16 194
person 0.0038 103 51 155 121
person 0.0033 479 -12 500 252
person 0.0025 0 28 9 121
person 0.0020 123 59 140 93
person 0.0019 168 64 207 91
person 0.0019 432 9 500 228
person 0.0018 93 41 225 120
person 0.0015 0 71 8 195
person 0.0014 151 70 186 101
person 0.0013 90 43 459 286
person 0.0011 153 0 168 10
person 0.0011 152 82 223 100
person 0.0010 449 -6 491 20
person 0.0010 487 0 500 14
bicycle 0.8168 0 76 50 204
bicycle 0.0099 417 143 454 218
bicycle 0.0089 50 119 111 204
bicycle 0.0058 409 74 497 251
bicycle 0.0033 416 164 440 217
bicycle 0.0031 0 76 24 200
bicycle 0.0029 0 71 8 195
bicycle 0.0025 415 125 491 227
bicycle 0.0014 0 105 95 210
bicycle 0.0014 426 171 447 209
bicycle 0.0014 435 166 456 215
bicycle 0.0013 406 141 429 216
bicycle 0.0012 0 66 9 141
bicycle 0.0012 430 160 462 223
bicycle 0.0010 46 50 160 201
car 0.8292 81 42 416 288
car 0.0698 55 41 211 202
car 0.0335 93 41 225 120
car 0.0307 51 118 109 205
car 0.0290 82 43 405 138
car 0.0201 94 53 152 119
car 0.0192 77 47 171 147
car 0.0090 48 63 132 205
car 0.0075 134 60 228 105
car 0.0052 430 41 500 81
car 0.0036 84 51 357 107
car 0.0022 46 51 279 254
car 0.0014 0 98 51 205
car 0.0013 5 -9 207 174
car 0.0012 0 28 9 121
car 0.0010 50 148 91 209
motorbike 0.1466 51 118 109 205
motorbike 0.0539 46 50 160 201
motorbike 0.0029 61 37 271 207
motorbike 0.0017 77 47 171 147
motorbike 0.0014 36 95 112 184
motorbike 0.0014 26 64 120 214
motorbike 0.0010 0 98 51 205
motorbike 0.0010 69 145 92 195
bus 0.0031 6 8 202 178
bus 0.0012 45 49 166 202
bus 0.0010 84 83 425 264
bottle 0.3956 470 105 480 140
bottle 0.3147 481 107 490 138
bottle 0.2408 460 107 471 140
bottle 0.0399 442 111 452 139
bottle 0.0292 454 108 462 140
bottle 0.0211 461 106 471 122
bottle 0.0191 470 99 478 110
bottle 0.0178 432 9 500 228
bottle 0.0122 480 103 491 127
bottle 0.0121 478 95 488 112
bottle 0.0112 462 98 472 110
bottle 0.0060 441 85 454 107
bottle 0.0054 495 110 499 136
bottle 0.0047 458 98 474 132
bottle 0.0041 461 85 470 104
bottle 0.0040 440 89 453 138
bottle 0.0035 479 -12 500 252
bottle 0.0034 465 98 486 133
bottle 0.0032 446 106 468 141
bottle 0.0031 467 116 485 143
bottle 0.0025 495 119 499 143
bottle 0.0025 479 116 490 143
bottle 0.0024 480 66 490 78
bottle 0.0020 453 100 460 128
bottle 0.0016 451 85 461 106
bottle 0.0015 466 70 482 78
bottle 0.0015 491 19 500 129
bottle 0.0015 493 43 500 85
bottle 0.0015 492 88 500 158
bottle 0.0013 494 96 500 131
bottle 0.0012 451 116 464 144
bottle 0.0011 451 93 460 111
bottle 0.0011 487 0 500 14
bottle 0.0011 457 93 476 114
bottle 0.0011 468 88 480 103
bottle 0.0010 466 95 483 113
bottle 0.0010 477 54 494 76
chair 0.0021 0 87 50 214
chair 0.0014 489 142 500 236
chair 0.0013 490 188 500 230
tvmonitor 0.0015 487 0 500 14
