person 0.9400 304 177 403 325
person 0.9342 179 152 229 263
person 0.9218 338 133 396 192
person 0.8954 285 127 337 195
person 0.8772 223 184 297 302
person 0.8571 239 145 289 210
person 0.8086 401 160 493 294
person 0.5825 476 119 500 188
person 0.4605 317 127 339 169
person 0.4129 457 115 487 166
person 0.3230 418 136 476 216
person 0.2615 456 116 496 190
person 0.1055 302 104 318 143
person 0.0860 249 95 490 235
person 0.0538 432 140 471 176
person 0.0483 484 119 500 167
person 0.0352 247 145 479 269
person 0.0348 472 157 500 201
person 0.0320 304 119 338 169
person 0.0289 301 123 325 162
person 0.0275 442 122 500 218
person 0.0243 475 165 501 223
person 0.0219 419 159 453 217
person 0.0207 222 179 439 246
person 0.0196 401 173 463 251
person 0.0196 220 175 438 312
person 0.0140 172 45 485 283
person 0.0135 323 191 400 263
person 0.0133 196 159 325 239
person 0.0122 312 122 357 164
person 0.0114 483 128 501 212
person 0.0105 255 148 291 192
person 0.0093 490 116 500 146
person 0.0088 394 146 475 239
person 0.0083 469 112 501 234
person 0.0081 477 186 500 240
person 0.0081 150 120 367 228
person 0.0078 269 158 293 198
person 0.0077 491 112 500 132
person 0.0075 482 167 501 194
person 0.0071 409 107 494 216
person 0.0071 284 115 387 198
person 0.0064 242 144 278 183
person 0.0064 357 91 514 240
person 0.0064 477 115 498 151
person 0.0057 313 247 414 330
person 0.0056 403 132 455 211
person 0.0055 323 147 342 193
person 0.0051 234 164 293 232
person 0.0051 482 187 501 212
person 0.0049 423 139 454 181
person 0.0047 433 134 501 266
person 0.0044 489 135 500 184
person 0.0037 299 142 325 178
person 0.0035 424 184 449 218
person 0.0035 179 171 333 314
person 0.0035 488 42 500 104
person 0.0034 386 227 493 328
person 0.0033 34 123 474 291
person 0.0033 315 153 431 242
person 0.0032 260 169 288 228
person 0.0029 414 169 443 211
person 0.0028 180 161 250 301
person 0.0028 269 184 410 277
person 0.0027 148 195 210 295
person 0.0027 290 81 459 195
person 0.0027 241 187 360 316
person 0.0026 456 151 497 207
person 0.0026 378 63 502 198
person 0.0025 310 140 361 200
person 0.0024 480 194 500 309
person 0.0024 291 100 414 173
person 0.0024 322 143 380 195
person 0.0023 210 254 301 330
person 0.0022 476 143 499 176
person 0.0021 480 51 500 185
person 0.0020 286 126 321 157
person 0.0018 326 138 356 182
person 0.0018 418 172 474 223
person 0.0018 478 113 496 133
person 0.0018 405 205 445 249
person 0.0018 391 169 431 213
person 0.0017 292 111 317 151
person 0.0017 392 184 442 241
person 0.0017 276 176 292 203
person 0.0017 280 182 293 217
person 0.0016 336 167 387 211
person 0.0016 438 64 500 199
person 0.0015 257 46 420 191
person 0.0015 322 176 425 221
person 0.0015 318 106 387 169
person 0.0014 233 142 370 245
person 0.0014 331 138 354 163
person 0.0014 305 224 333 274
person 0.0013 110 127 316 285
person 0.0013 191 160 238 242
person 0.0012 390 164 427 195
person 0.0012 269 194 283 227
person 0.0012 329 151 349 192
person 0.0012 352 154 443 202
boat 0.0074 0 -1 185 333
boat 0.0029 0 137 108 286
boat 0.0011 79 3 141 147
bottle 0.7118 309 195 317 223
bottle 0.3589 281 192 293 228
bottle 0.2022 271 206 282 229
bottle 0.0602 294 193 308 225
bottle 0.0433 317 195 328 224
bottle 0.0408 287 188 297 210
bottle 0.0354 325 194 336 224
bottle 0.0312 143 49 154 83
bottle 0.0238 280 185 292 214
bottle 0.0217 307 197 319 235
bottle 0.0187 286 208 297 229
bottle 0.0156 278 137 507 270
bottle 0.0147 136 46 146 84
bottle 0.0136 118 47 125 78
bottle 0.0135 259 85 271 103
bottle 0.0115 327 164 340 194
bottle 0.0106 270 79 283 104
bottle 0.0083 256 172 469 244
bottle 0.0082 121 41 133 65
bottle 0.0078 307 192 317 207
bottle 0.0076 355 189 362 207
bottle 0.0070 105 43 114 65
bottle 0.0057 326 191 335 207
bottle 0.0057 150 120 367 228
bottle 0.0056 122 45 135 82
bottle 0.0054 -13 63 523 262
bottle 0.0051 337 57 346 89
bottle 0.0048 187 178 396 245
bottle 0.0047 249 95 490 235
bottle 0.0042 196 159 325 239
bottle 0.0041 295 177 418 324
bottle 0.0039 179 152 229 263
bottle 0.0034 357 186 366 195
bottle 0.0031 343 183 353 196
bottle 0.0030 287 220 297 234
bottle 0.0030 327 98 331 108
bottle 0.0029 137 45 143 62
bottle 0.0029 395 163 495 273
bottle 0.0028 324 147 342 193
bottle 0.0027 285 82 301 102
bottle 0.0027 153 49 162 80
bottle 0.0026 107 44 116 82
bottle 0.0026 270 182 282 219
bottle 0.0026 281 220 290 233
bottle 0.0026 326 177 339 200
bottle 0.0026 122 39 132 55
bottle 0.0022 117 38 128 72
bottle 0.0022 374 72 382 93
bottle 0.0021 144 46 154 64
bottle 0.0020 155 48 162 63
bottle 0.0019 412 136 485 215
bottle 0.0019 52 40 453 206
bottle 0.0019 104 29 118 99
bottle 0.0018 98 43 108 65
bottle 0.0017 125 60 139 87
bottle 0.0017 140 147 454 275
bottle 0.0017 295 81 304 103
bottle 0.0016 303 189 322 211
bottle 0.0016 227 77 503 327
bottle 0.0015 130 55 143 88
bottle 0.0015 91 78 107 129
bottle 0.0015 287 185 299 198
bottle 0.0015 105 31 115 59
bottle 0.0014 346 54 361 94
bottle 0.0014 345 194 358 209
bottle 0.0014 342 168 354 192
bottle 0.0013 324 187 338 213
bottle 0.0013 118 37 126 56
bottle 0.0013 111 43 131 84
bottle 0.0012 269 219 280 231
bottle 0.0012 317 191 329 206
bottle 0.0012 262 95 270 103
bottle 0.0012 272 72 288 99
bottle 0.0012 3 208 45 325
bottle 0.0011 226 185 324 302
bottle 0.0011 336 74 345 89
bottle 0.0011 288 226 299 245
bottle 0.0011 115 52 127 92
bottle 0.0011 265 187 372 244
bottle 0.0011 294 192 306 208
bottle 0.0011 338 135 396 198
bottle 0.0010 328 57 336 87
bottle 0.0010 265 170 286 227
bottle 0.0010 328 75 334 88
bottle 0.0010 258 60 271 83
bottle 0.0010 305 211 319 243
chair 0.9679 395 227 495 329
chair 0.9621 211 254 304 331
chair 0.9053 313 247 414 330
chair 0.8336 154 193 206 298
chair 0.6201 310 222 331 272
chair 0.1483 345 129 360 150
chair 0.0927 239 166 250 195
chair 0.0708 238 147 290 225
chair 0.0588 479 195 500 268
chair 0.0576 153 191 184 237
chair 0.0535 392 176 425 198
chair 0.0515 424 184 449 218
chair 0.0476 332 129 352 151
chair 0.0413 265 157 286 179
chair 0.0409 266 152 286 171
chair 0.0352 417 183 440 216
chair 0.0323 257 150 289 190
chair 0.0323 334 144 352 160
chair 0.0310 403 224 429 245
chair 0.0307 476 189 499 209
chair 0.0304 338 143 358 158
chair 0.0302 1 204 47 330
chair 0.0300 339 136 396 197
chair 0.0287 477 191 499 225
chair 0.0273 281 134 328 200
chair 0.0265 485 195 500 239
chair 0.0244 315 125 351 161
chair 0.0242 412 189 446 225
chair 0.0202 474 178 500 201
chair 0.0192 301 220 332 323
chair 0.0188 238 166 252 214
chair 0.0177 269 155 292 185
chair 0.0167 414 170 443 210
chair 0.0164 176 168 231 295
chair 0.0161 480 198 499 335
chair 0.0147 295 177 418 324
chair 0.0139 393 185 440 241
chair 0.0132 409 178 429 202
chair 0.0129 391 179 426 218
chair 0.0125 288 241 314 273
chair 0.0124 475 165 501 223
chair 0.0123 487 195 500 297
chair 0.0122 472 168 500 193
chair 0.0110 326 120 358 146
chair 0.0107 419 160 453 217
chair 0.0101 412 182 428 214
chair 0.0094 0 210 16 331
chair 0.0093 474 183 501 245
chair 0.0092 403 175 462 248
chair 0.0091 336 137 360 162
chair 0.0088 277 208 323 293
chair 0.0087 243 167 262 193
chair 0.0084 288 247 316 323
chair 0.0075 283 266 301 304
chair 0.0073 230 195 402 305
chair 0.0072 313 126 337 170
chair 0.0067 239 197 251 217
chair 0.0065 475 136 500 209
chair 0.0063 391 224 401 251
chair 0.0063 -1 220 13 258
chair 0.0062 483 174 501 190
chair 0.0061 256 172 469 244
chair 0.0060 0 215 95 325
chair 0.0058 440 217 498 332
chair 0.0050 282 160 302 196
chair 0.0050 490 215 500 276
chair 0.0047 394 195 421 216
chair 0.0046 285 161 299 182
chair 0.0046 410 204 441 232
chair 0.0045 287 185 299 198
chair 0.0042 341 120 361 148
chair 0.0042 237 144 277 199
chair 0.0042 332 149 350 169
chair 0.0041 330 151 347 192
chair 0.0041 390 176 408 197
chair 0.0040 278 137 507 270
chair 0.0038 266 189 367 271
chair 0.0038 358 159 380 181
chair 0.0038 410 198 427 217
chair 0.0038 386 171 396 191
chair 0.0037 393 162 497 311
chair 0.0036 397 204 431 254
chair 0.0035 470 181 481 196
chair 0.0035 409 151 493 229
chair 0.0034 386 178 395 195
chair 0.0034 291 185 315 194
chair 0.0033 389 165 408 177
chair 0.0032 146 211 193 317
chair 0.0032 232 172 279 223
chair 0.0032 410 172 425 183
chair 0.0032 339 150 357 167
chair 0.0031 265 162 286 196
chair 0.0031 418 172 474 223
chair 0.0031 491 204 500 347
chair 0.0031 282 175 326 204
chair 0.0030 165 192 185 228
chair 0.0030 413 214 438 227
chair 0.0028 473 155 500 186
chair 0.0028 313 147 329 172
chair 0.0027 322 131 379 190
pottedplant 0.0125 391 166 426 194
pottedplant 0.0080 346 54 361 94
pottedplant 0.0051 272 76 288 104
pottedplant 0.0030 336 56 346 89
pottedplant 0.0026 393 164 423 180
pottedplant 0.0022 294 193 308 225
pottedplant 0.0022 347 70 360 94
pottedplant 0.0015 285 80 303 102
diningtable 0.3344 221 175 436 306
diningtable 0.1750 256 172 469 244
diningtable 0.1194 226 185 324 302
diningtable 0.1130 271 183 408 277
diningtable 0.0775 390 165 427 196
diningtable 0.0725 476 189 499 209
diningtable 0.0605 474 171 499 207
diningtable 0.0545 252 193 347 268
diningtable 0.0516 249 185 388 245
diningtable 0.0437 477 186 500 240
diningtable 0.0325 483 177 501 199
diningtable 0.0272 292 212 313 244
diningtable 0.0232 271 192 329 241
diningtable 0.0214 319 184 422 239
diningtable 0.0193 475 136 500 209
diningtable 0.0173 395 163 495 273
diningtable 0.0146 482 192 501 225
diningtable 0.0137 295 200 309 236
diningtable 0.0131 340 117 361 124
diningtable 0.0128 288 168 425 229
diningtable 0.0123 282 218 320 252
diningtable 0.0114 328 116 357 125
diningtable 0.0107 389 163 426 181
diningtable 0.0102 393 185 440 241
diningtable 0.0091 305 224 333 274
diningtable 0.0085 272 205 328 296
diningtable 0.0084 392 193 423 221
diningtable 0.0084 271 169 521 319
diningtable 0.0084 378 190 422 228
diningtable 0.0083 281 209 307 247
diningtable 0.0081 473 155 500 186
diningtable 0.0077 313 247 414 330
diningtable 0.0072 209 181 347 249
diningtable 0.0071 332 135 393 199
diningtable 0.0056 286 223 302 247
diningtable 0.0055 206 237 350 329
diningtable 0.0055 326 120 358 146
diningtable 0.0055 311 179 423 320
diningtable 0.0055 329 177 418 218
diningtable 0.0054 439 154 500 230
diningtable 0.0052 344 123 360 144
diningtable 0.0049 486 199 500 254
diningtable 0.0045 324 113 361 132
diningtable 0.0042 487 150 500 191
diningtable 0.0042 179 153 230 279
diningtable 0.0041 283 238 319 303
diningtable 0.0041 238 184 250 214
diningtable 0.0040 383 204 416 229
diningtable 0.0039 389 165 408 177
diningtable 0.0034 249 95 490 235
diningtable 0.0034 332 129 352 151
diningtable 0.0033 293 227 309 243
diningtable 0.0032 404 222 430 239
diningtable 0.0032 283 203 299 231
diningtable 0.0031 140 147 454 275
diningtable 0.0031 239 197 251 217
diningtable 0.0030 296 217 309 240
diningtable 0.0029 226 182 296 241
diningtable 0.0029 258 209 347 336
diningtable 0.0028 364 179 394 216
diningtable 0.0027 407 213 432 227
diningtable 0.0026 288 196 332 257
diningtable 0.0026 315 125 351 161
diningtable 0.0025 410 172 425 183
diningtable 0.0025 418 164 493 214
diningtable 0.0025 377 195 399 220
diningtable 0.0024 309 197 337 236
diningtable 0.0024 238 147 290 225
diningtable 0.0024 461 162 492 215
diningtable 0.0023 334 144 352 160
diningtable 0.0022 480 194 500 309
diningtable 0.0022 401 173 463 251
diningtable 0.0021 388 199 405 218
diningtable 0.0021 291 100 414 173
diningtable 0.0020 338 165 400 213
diningtable 0.0018 470 181 481 196
diningtable 0.0018 451 120 500 218
diningtable 0.0018 332 149 350 169
diningtable 0.0018 268 165 366 232
diningtable 0.0017 338 143 358 158
diningtable 0.0017 284 131 338 203
diningtable 0.0017 331 110 348 120
diningtable 0.0017 437 169 501 317
diningtable 0.0017 318 106 387 169
diningtable 0.0017 360 190 419 242
diningtable 0.0016 261 198 307 255
diningtable 0.0016 336 137 360 162
diningtable 0.0016 232 172 279 223
diningtable 0.0016 239 170 249 207
diningtable 0.0015 235 193 254 220
diningtable 0.0015 287 220 297 234
diningtable 0.0014 390 168 407 191
diningtable 0.0014 412 189 446 225
diningtable 0.0014 359 166 433 222
diningtable 0.0013 428 139 504 201
diningtable 0.0013 221 175 248 221
diningtable 0.0013 397 204 431 254
diningtable 0.0012 -1 220 13 258
diningtable 0.0012 366 178 392 201
diningtable 0.0012 185 81 470 322
tvmonitor 0.0218 482 43 500 106
tvmonitor 0.0035 491 42 500 89
tvmonitor 0.0029 487 64 500 120
tvmonitor 0.0015 147 0 166 28
tvmonitor 0.0010 150 1 187 27
