person 0.9179 233 152 260 236
person 0.9006 107 141 147 228
person 0.7664 358 131 403 218
person 0.6772 430 223 443 248
person 0.3217 312 151 430 271
person 0.2541 464 220 470 244
person 0.1607 0 215 13 253
person 0.1586 26 210 40 233
person 0.1298 104 158 391 271
person 0.1181 8 208 18 221
person 0.1143 3 215 23 253
person 0.1003 0 207 9 222
person 0.1002 23 212 42 252
person 0.0974 0 209 12 238
person 0.0939 10 211 21 235
person 0.0899 193 158 291 262
person 0.0864 36 213 51 233
person 0.0742 81 151 166 252
person 0.0723 14 217 33 252
person 0.0690 464 219 469 234
person 0.0564 351 142 431 234
person 0.0561 34 215 54 251
person 0.0442 175 201 195 285
person 0.0435 16 215 28 233
person 0.0392 166 197 195 255
person 0.0320 120 140 158 209
person 0.0313 43 212 57 233
person 0.0308 36 207 48 226
person 0.0214 0 200 5 214
person 0.0205 131 147 150 184
person 0.0191 39 216 65 250
person 0.0181 113 140 147 192
person 0.0176 8 120 487 283
person 0.0162 287 198 316 249
person 0.0155 234 153 258 199
person 0.0143 45 207 56 226
person 0.0133 6 207 21 226
person 0.0129 396 153 422 183
person 0.0117 135 151 145 180
person 0.0108 6 209 48 253
person 0.0106 54 211 66 235
person 0.0103 20 210 30 223
person 0.0098 50 218 70 250
person 0.0088 230 161 278 255
person 0.0080 12 211 34 238
person 0.0075 390 153 411 183
person 0.0074 56 208 67 225
person 0.0074 21 210 70 251
person 0.0072 68 216 107 280
person 0.0068 288 157 315 216
person 0.0068 495 197 500 230
person 0.0067 431 214 443 239
person 0.0066 490 207 500 243
person 0.0063 45 208 76 254
person 0.0062 395 154 428 221
person 0.0061 36 196 46 217
person 0.0060 487 224 500 244
person 0.0054 0 204 15 229
person 0.0049 45 146 206 280
person 0.0048 429 199 446 250
person 0.0046 421 223 439 248
person 0.0044 144 169 178 246
person 0.0044 185 151 479 260
person 0.0043 458 218 476 247
person 0.0042 488 149 499 163
person 0.0040 146 200 186 253
person 0.0039 33 204 52 229
person 0.0038 438 226 454 246
person 0.0036 68 225 76 244
person 0.0035 169 217 184 251
person 0.0034 92 128 174 226
person 0.0034 43 185 134 279
person 0.0034 0 178 23 250
person 0.0033 303 105 338 159
person 0.0032 140 147 153 168
person 0.0030 20 231 44 252
person 0.0030 144 148 172 196
person 0.0028 123 146 140 183
person 0.0027 85 180 268 281
person 0.0027 2 159 112 257
person 0.0026 240 187 266 240
person 0.0026 368 160 418 252
person 0.0025 492 136 500 159
person 0.0025 134 148 161 204
person 0.0024 380 151 415 220
person 0.0023 402 156 430 193
person 0.0023 477 224 497 245
person 0.0022 172 198 196 232
person 0.0022 0 233 7 269
person 0.0022 159 194 204 288
person 0.0021 461 214 472 239
person 0.0021 244 200 261 228
person 0.0021 1 177 53 250
person 0.0021 286 204 305 246
person 0.0020 280 161 320 254
person 0.0020 287 160 299 176
person 0.0020 46 194 58 217
person 0.0019 303 186 317 202
person 0.0019 416 204 447 252
person 0.0018 119 141 143 173
bicycle 0.0023 430 230 442 250
car 0.0019 487 224 500 244
car 0.0010 0 207 9 222
motorbike 0.0012 0 215 13 253
boat 0.0025 487 224 500 244
bird 0.0013 487 224 500 244
bird 0.0011 430 223 443 248
dog 0.0206 430 223 443 248
dog 0.0062 487 224 500 244
dog 0.0024 438 232 455 248
horse 0.9945 173 163 314 286
horse 0.9938 287 155 451 291
horse 0.9498 60 164 175 286
horse 0.0760 207 158 280 258
horse 0.0682 81 151 166 252
horse 0.0550 104 158 391 271
horse 0.0534 2 215 23 253
horse 0.0456 13 217 34 253
horse 0.0453 22 212 43 252
horse 0.0423 0 215 13 253
horse 0.0235 34 214 54 251
horse 0.0136 6 209 48 253
horse 0.0109 95 120 405 341
horse 0.0109 286 202 315 247
horse 0.0097 10 211 21 235
horse 0.0091 0 209 12 238
horse 0.0090 43 185 134 279
horse 0.0089 39 216 65 251
horse 0.0078 430 223 443 248
horse 0.0069 20 231 44 252
horse 0.0060 26 210 40 233
horse 0.0059 413 159 448 212
horse 0.0053 395 154 428 221
horse 0.0051 21 210 70 251
horse 0.0048 67 214 108 280
horse 0.0045 415 172 449 247
horse 0.0042 36 213 51 233
horse 0.0034 487 224 500 244
horse 0.0033 100 181 161 284
horse 0.0033 16 215 28 233
horse 0.0032 106 233 132 248
horse 0.0029 213 231 257 251
horse 0.0027 0 233 7 269
horse 0.0027 33 232 54 251
horse 0.0024 360 140 414 234
horse 0.0022 242 170 311 278
horse 0.0022 0 220 10 284
horse 0.0021 0 178 23 250
horse 0.0020 280 161 320 254
horse 0.0020 85 180 268 281
horse 0.0019 378 162 446 260
horse 0.0019 49 217 71 250
horse 0.0018 194 219 277 250
horse 0.0018 0 207 9 222
horse 0.0018 185 151 479 260
horse 0.0016 70 187 152 258
horse 0.0016 12 211 34 238
horse 0.0016 424 166 448 204
horse 0.0016 164 197 196 256
horse 0.0015 -11 145 184 280
horse 0.0015 45 208 76 254
horse 0.0014 1 177 53 250
horse 0.0013 87 223 136 260
horse 0.0013 8 208 18 221
horse 0.0011 191 192 298 253
horse 0.0011 43 212 57 233
horse 0.0011 144 198 190 255
horse 0.0010 106 140 148 229
sheep 0.0053 487 224 500 244
sheep 0.0024 430 223 443 248
cow 0.0035 0 229 12 254
cow 0.0027 2 231 21 254
cow 0.0025 0 215 14 253
cow 0.0023 487 224 500 244
cow 0.0019 13 230 36 253
cow 0.0017 430 223 443 248
cow 0.0013 22 212 43 252
chair 0.1378 487 224 500 244
chair 0.0120 488 149 499 163
chair 0.0068 490 207 500 243
chair 0.0037 488 232 500 247
chair 0.0036 477 224 497 245
chair 0.0033 483 150 493 162
chair 0.0032 464 223 485 245
chair 0.0026 495 197 500 230
chair 0.0025 492 136 500 159
chair 0.0022 430 223 443 248
chair 0.0020 471 155 477 162
chair 0.0019 464 220 470 244
diningtable 0.0017 487 224 500 244
