person 0.6642 375 149 390 179
person 0.0060 441 152 454 159
person 0.0043 379 154 393 185
person 0.0030 428 150 446 161
person 0.0022 417 147 439 163
person 0.0020 380 148 392 163
person 0.0019 430 154 444 167
person 0.0016 431 157 447 190
person 0.0013 406 145 427 162
person 0.0013 1 -9 412 338
car 0.0051 450 155 463 166
bus 0.0017 485 124 501 183
train 0.9980 -2 11 419 369
train 0.0996 384 120 500 185
train 0.0273 481 123 500 189
train 0.0120 430 158 466 190
train 0.0072 378 136 495 167
train 0.0049 432 136 501 188
train 0.0037 385 163 439 187
train 0.0026 442 158 498 194
train 0.0021 394 140 442 164
train 0.0015 381 158 486 191
train 0.0015 433 150 480 176
train 0.0013 417 147 439 163
train 0.0011 441 152 454 159
train 0.0011 355 123 464 167
train 0.0010 439 109 502 177
train 0.0010 448 153 463 160
train 0.0010 406 145 427 162
diningtable 0.0012 432 172 462 191
