person 0.9503 -2 24 249 367
person 0.9414 110 78 259 358
person 0.0107 0 32 16 365
person 0.0080 118 86 242 205
person 0.0073 0 16 49 380
person 0.0054 0 97 14 132
person 0.0046 0 67 16 174
person 0.0033 93 137 122 175
person 0.0027 195 143 248 207
person 0.0026 0 19 98 374
person 0.0025 134 99 260 256
person 0.0022 184 124 261 266
person 0.0020 0 25 15 138
person 0.0016 147 250 216 371
person 0.0014 136 84 227 149
person 0.0013 148 166 255 356
person 0.0013 0 68 14 126
person 0.0013 0 82 10 204
person 0.0013 0 20 27 298
person 0.0010 216 169 259 264
person 0.0010 1 97 43 219
dog 0.0013 304 78 497 307
horse 0.8172 311 80 500 298
sheep 0.0016 312 74 501 313
cow 0.0621 311 80 500 298
bottle 0.0039 193 253 219 296
chair 0.0028 0 40 219 380
chair 0.0018 92 140 121 173
chair 0.0011 -1 228 51 373
chair 0.0011 0 288 20 374
sofa 0.0022 0 40 219 380
