person 0.8956 29 84 145 209
person 0.0026 248 227 317 254
person 0.0013 31 86 74 128
person 0.0011 25 115 198 293
person 0.0010 114 47 439 256
bicycle 0.0744 25 175 201 296
bicycle 0.0026 116 192 210 291
bicycle 0.0012 36 199 106 288
car 0.0049 124 152 387 243
car 0.0020 66 92 448 284
bus 0.0014 1 21 491 133
bird 0.0023 248 227 317 254
dog 0.0084 245 228 317 254
horse 0.9850 88 25 462 297
horse 0.0239 160 166 400 237
horse 0.0068 67 103 359 284
horse 0.0045 245 228 317 254
horse 0.0019 192 183 359 230
horse 0.0014 150 184 421 268
horse 0.0012 23 108 214 294
chair 0.0047 25 115 198 293
pottedplant 0.0022 475 99 499 138
pottedplant 0.0011 456 103 499 149
