person 0.0564 422 293 430 299
person 0.0446 492 259 499 276
person 0.0294 113 235 120 241
person 0.0232 478 277 493 285
person 0.0187 458 274 476 283
person 0.0182 479 280 494 289
person 0.0123 491 272 500 286
person 0.0107 449 272 461 280
person 0.0106 465 274 484 286
person 0.0059 448 280 499 299
person 0.0055 492 280 500 290
person 0.0054 410 293 430 301
person 0.0054 97 246 102 251
person 0.0031 493 251 499 272
person 0.0025 110 235 117 242
person 0.0024 442 270 454 281
person 0.0021 475 270 499 289
person 0.0019 0 0 94 64
person 0.0017 67 215 72 225
person 0.0017 473 280 498 294
person 0.0014 230 226 239 232
person 0.0011 445 262 501 296
aeroplane 0.0022 0 0 94 64
boat 0.9339 167 170 244 235
boat 0.9002 440 125 500 302
boat 0.1072 67 215 72 225
boat 0.0941 113 235 120 241
boat 0.0858 248 209 278 225
boat 0.0641 440 276 498 300
boat 0.0590 132 216 142 225
boat 0.0542 261 209 288 225
boat 0.0188 273 206 291 220
boat 0.0150 242 201 284 227
boat 0.0141 175 224 239 234
boat 0.0123 135 216 164 226
boat 0.0100 110 235 117 242
boat 0.0085 244 205 269 222
boat 0.0079 439 257 501 299
boat 0.0075 422 293 430 299
boat 0.0069 492 259 499 276
boat 0.0064 52 214 73 227
boat 0.0064 410 293 430 301
boat 0.0063 489 125 500 298
boat 0.0056 241 214 250 222
boat 0.0048 491 272 500 286
boat 0.0046 21 209 47 229
boat 0.0043 475 133 499 289
boat 0.0038 447 286 499 302
boat 0.0036 438 218 500 298
boat 0.0036 458 274 476 283
boat 0.0031 162 217 176 225
boat 0.0027 492 280 500 290
boat 0.0025 128 216 137 225
boat 0.0024 97 246 102 251
boat 0.0024 479 280 494 289
boat 0.0023 285 206 297 214
boat 0.0022 28 178 476 264
boat 0.0020 0 0 110 376
boat 0.0020 473 280 498 294
boat 0.0020 0 0 94 64
boat 0.0019 168 217 183 226
boat 0.0018 172 202 242 236
boat 0.0018 13 142 496 312
boat 0.0018 63 212 77 228
boat 0.0018 466 18 501 299
boat 0.0017 493 251 499 272
boat 0.0016 110 180 256 241
boat 0.0016 64 219 77 235
boat 0.0014 492 187 500 292
boat 0.0014 465 274 484 286
boat 0.0014 475 270 499 289
boat 0.0013 238 207 249 220
boat 0.0012 133 195 184 228
boat 0.0012 494 227 499 273
boat 0.0012 23 208 42 219
boat 0.0012 134 172 223 231
boat 0.0012 230 226 239 232
boat 0.0011 2 203 50 237
boat 0.0011 150 189 207 230
boat 0.0010 494 109 500 255
boat 0.0010 412 59 499 297
bird 0.1192 0 -1 93 59
bird 0.0211 113 235 120 241
bird 0.0210 97 246 102 251
bird 0.0144 422 293 430 299
bird 0.0123 97 278 103 282
bird 0.0068 9 2 164 59
bird 0.0067 0 -1 95 128
bird 0.0066 410 293 430 301
bird 0.0047 86 260 97 272
bird 0.0045 110 235 117 242
bird 0.0037 87 257 96 267
bird 0.0031 0 0 110 376
bird 0.0028 0 0 46 59
bird 0.0021 28 -1 95 43
bird 0.0012 79 256 89 265
bird 0.0011 23 208 42 219
pottedplant 0.0049 1 217 123 370
