person 0.0359 177 79 190 108
person 0.0161 5 117 26 147
person 0.0114 147 87 188 157
person 0.0060 245 7 340 143
person 0.0012 172 78 189 131
person 0.0012 148 78 182 123
bird 0.0487 245 3 342 148
bird 0.0288 146 82 190 150
bird 0.0201 409 93 463 156
bird 0.0096 174 79 188 107
bird 0.0037 148 78 182 123
bird 0.0033 438 118 451 134
bird 0.0025 149 79 174 109
bird 0.0017 423 121 452 147
bird 0.0013 427 117 450 137
bird 0.0011 429 108 461 143
bird 0.0011 414 110 439 141
bird 0.0010 149 99 185 130
bird 0.0010 435 122 457 144
bird 0.0010 419 108 436 122
cat 0.0188 200 185 257 233
cat 0.0170 245 7 340 143
cat 0.0038 146 91 190 158
dog 0.0258 147 87 188 157
dog 0.0176 245 7 340 143
dog 0.0019 200 185 257 233
dog 0.0012 148 78 182 123
horse 0.0462 245 7 340 143
horse 0.0421 147 87 188 157
horse 0.0099 200 185 257 233
horse 0.0011 148 78 182 123
cow 0.0015 147 87 188 157
chair 0.0026 55 220 486 371
chair 0.0020 322 184 400 247
sofa 0.9862 50 218 478 372
