person 0.0508 482 126 488 145
person 0.0130 494 126 500 145
person 0.0126 449 119 463 155
person 0.0093 494 132 500 156
person 0.0066 472 125 480 147
person 0.0048 494 143 500 163
person 0.0047 240 85 254 104
person 0.0032 496 105 500 146
person 0.0027 23 69 42 86
person 0.0027 279 94 288 116
person 0.0026 237 76 256 101
person 0.0024 479 123 492 149
person 0.0023 459 120 470 151
person 0.0021 353 86 362 103
person 0.0020 299 88 308 100
person 0.0019 280 91 288 107
person 0.0019 77 70 91 86
person 0.0018 453 118 462 135
person 0.0017 80 70 99 87
person 0.0016 469 133 481 153
person 0.0016 493 127 499 201
person 0.0014 468 121 484 152
person 0.0014 492 118 500 154
person 0.0014 494 142 500 184
person 0.0013 461 133 470 154
person 0.0013 299 79 309 98
person 0.0012 397 110 403 125
person 0.0012 441 129 456 157
person 0.0011 460 116 468 137
person 0.0010 470 116 478 137
person 0.0010 15 66 49 88
person 0.0010 493 85 499 164
person 0.0010 31 66 55 87
person 0.0010 455 117 475 154
car 0.0023 494 132 500 156
car 0.0011 494 126 500 145
aeroplane 0.0022 406 73 488 159
bus 0.0021 396 73 500 158
train 0.9252 396 73 500 158
train 0.9166 206 49 399 173
train 0.2366 0 48 212 163
train 0.0292 -3 33 502 188
train 0.0291 0 52 124 122
train 0.0033 326 63 492 160
train 0.0026 0 71 64 126
train 0.0023 154 23 443 147
train 0.0018 59 64 183 140
train 0.0017 493 75 499 156
train 0.0013 495 88 500 144
train 0.0013 482 69 500 142
train 0.0012 1 54 58 157
train 0.0011 295 59 409 153
train 0.0011 146 91 214 152
