person 0.9846 314 93 385 241
person 0.1105 229 193 244 224
person 0.0182 208 168 221 188
person 0.0075 232 193 252 222
person 0.0060 229 193 243 210
person 0.0058 252 80 273 89
person 0.0032 240 190 270 223
person 0.0029 194 168 220 191
person 0.0024 248 190 264 209
person 0.0020 252 79 263 87
person 0.0019 317 101 356 170
person 0.0019 316 117 342 163
person 0.0016 232 181 278 222
person 0.0016 237 194 248 209
person 0.0015 153 152 315 277
person 0.0015 261 82 282 90
person 0.0015 242 127 251 138
person 0.0014 185 211 195 227
person 0.0013 218 187 253 215
person 0.0012 187 209 203 226
person 0.0010 314 119 334 140
boat 0.6564 122 1 309 278
boat 0.1579 54 64 69 89
boat 0.1356 102 58 117 91
boat 0.1297 131 148 311 279
boat 0.1227 78 62 103 90
boat 0.1131 53 79 71 90
boat 0.1053 0 78 23 88
boat 0.1050 252 80 273 89
boat 0.1002 89 61 109 91
boat 0.0992 72 81 93 90
boat 0.0990 90 79 108 91
boat 0.0988 78 79 104 90
boat 0.0916 101 77 119 91
boat 0.0895 47 80 60 90
boat 0.0888 21 81 47 89
boat 0.0853 61 82 82 89
boat 0.0849 0 77 14 87
boat 0.0735 111 77 130 90
boat 0.0721 44 65 61 88
boat 0.0660 12 81 36 88
boat 0.0637 90 87 109 92
boat 0.0631 35 81 52 89
boat 0.0615 74 63 93 89
boat 0.0612 261 82 282 90
boat 0.0573 109 59 132 90
boat 0.0557 261 86 281 93
boat 0.0478 12 54 34 88
boat 0.0433 79 87 104 92
boat 0.0431 119 77 134 88
boat 0.0379 88 59 126 92
boat 0.0364 252 79 263 87
boat 0.0298 33 65 54 88
boat 0.0297 98 87 123 92
boat 0.0290 71 87 94 92
boat 0.0285 20 61 48 88
boat 0.0258 35 61 98 93
boat 0.0228 1 60 24 86
boat 0.0213 -6 55 136 108
boat 0.0207 261 81 323 91
boat 0.0181 52 87 72 92
boat 0.0158 0 67 14 85
boat 0.0152 109 87 130 92
boat 0.0146 53 59 119 93
boat 0.0142 60 87 82 92
boat 0.0115 56 77 86 89
boat 0.0112 47 87 60 91
boat 0.0106 3 78 45 88
boat 0.0101 2 55 52 90
boat 0.0100 119 66 135 86
boat 0.0083 27 76 57 89
boat 0.0083 55 63 86 89
boat 0.0071 40 74 66 90
boat 0.0054 34 86 52 92
boat 0.0047 21 86 48 92
boat 0.0044 260 85 323 94
boat 0.0039 0 45 12 85
boat 0.0035 73 85 109 94
boat 0.0031 90 85 131 94
boat 0.0029 459 78 497 88
boat 0.0024 415 88 424 93
boat 0.0022 120 87 134 93
boat 0.0017 456 88 471 92
boat 0.0017 5 26 114 95
boat 0.0016 254 84 278 95
boat 0.0016 107 54 116 79
boat 0.0014 253 67 309 93
boat 0.0013 414 83 425 88
boat 0.0013 0 85 9 94
boat 0.0012 451 88 466 92
boat 0.0012 19 40 71 88
boat 0.0012 363 82 380 88
boat 0.0012 252 63 278 88
boat 0.0010 -5 68 174 122
boat 0.0010 51 85 92 94
bird 0.0012 208 168 221 188
chair 0.0011 124 3 318 270
