bird 0.0019 229 20 237 30
horse 0.0013 178 16 197 36
horse 0.0010 139 19 163 37
horse 0.0010 99 19 121 36
sheep 0.0015 178 16 197 36
sheep 0.0015 10 26 50 87
sheep 0.0014 373 21 410 41
sheep 0.0013 99 19 121 36
cow 0.9965 65 35 216 112
cow 0.9913 155 63 350 201
cow 0.9878 297 26 371 66
cow 0.9804 10 26 50 87
cow 0.9572 255 25 295 68
cow 0.9546 441 24 473 48
cow 0.9101 373 21 410 41
cow 0.8772 99 19 121 36
cow 0.8757 178 16 197 36
cow 0.7197 229 20 237 30
cow 0.6629 139 19 163 37
cow 0.1071 13 5 491 59
cow 0.0528 67 31 116 100
cow 0.0377 268 23 293 37
cow 0.0273 138 19 146 35
cow 0.0268 160 20 169 32
cow 0.0265 0 2 501 130
cow 0.0178 267 24 296 52
cow 0.0130 100 0 397 212
cow 0.0115 440 28 456 46
cow 0.0103 352 29 370 46
cow 0.0092 192 32 206 39
cow 0.0084 76 9 327 42
cow 0.0079 226 17 239 34
cow 0.0078 185 17 203 36
cow 0.0075 36 24 161 109
cow 0.0074 -11 21 351 112
cow 0.0062 47 11 210 39
cow 0.0058 384 18 395 25
cow 0.0057 149 17 168 28
cow 0.0050 213 14 504 61
cow 0.0044 356 17 363 23
cow 0.0039 93 10 347 73
cow 0.0036 373 22 391 40
cow 0.0035 69 0 79 6
cow 0.0035 222 20 370 69
cow 0.0034 176 15 185 26
cow 0.0033 0 8 198 71
cow 0.0028 156 17 174 35
cow 0.0027 196 32 213 38
cow 0.0025 134 17 150 37
cow 0.0024 137 13 180 39
cow 0.0023 107 19 127 35
cow 0.0020 88 14 126 41
cow 0.0020 10 -37 495 50
cow 0.0019 98 28 121 42
cow 0.0019 7 24 78 94
cow 0.0018 52 16 149 78
cow 0.0017 353 22 369 38
cow 0.0016 139 30 161 41
cow 0.0016 75 0 81 6
cow 0.0015 222 19 235 31
cow 0.0013 456 21 473 42
cow 0.0013 75 34 146 114
cow 0.0013 332 27 370 48
cow 0.0013 346 20 518 58
cow 0.0012 399 22 411 36
cow 0.0012 123 16 159 39
cow 0.0011 66 2 80 9
cow 0.0010 140 15 159 29
cow 0.0010 167 17 189 35
cow 0.0010 54 5 229 89
cow 0.0010 181 17 250 36
