car 0.0022 353 64 367 73
bird 0.0031 487 114 500 138
dog 0.0018 487 114 500 138
sheep 0.9941 86 125 226 298
sheep 0.9913 238 136 327 307
sheep 0.9851 404 136 500 288
sheep 0.8848 273 114 364 181
sheep 0.8661 -1 107 109 240
sheep 0.1135 487 114 500 138
sheep 0.0665 399 124 436 141
sheep 0.0510 238 136 271 155
sheep 0.0336 450 135 483 152
sheep 0.0327 454 128 481 142
sheep 0.0312 320 113 361 158
sheep 0.0242 239 133 318 179
sheep 0.0229 403 130 467 157
sheep 0.0198 409 136 482 169
sheep 0.0173 397 126 421 139
sheep 0.0169 325 117 352 149
sheep 0.0156 271 112 366 247
sheep 0.0156 249 107 497 188
sheep 0.0145 398 127 439 153
sheep 0.0134 388 65 406 73
sheep 0.0132 286 112 354 158
sheep 0.0131 358 110 368 117
sheep 0.0127 428 128 443 140
sheep 0.0104 116 127 158 143
sheep 0.0102 462 131 484 143
sheep 0.0086 13 102 484 195
sheep 0.0085 13 79 486 307
sheep 0.0079 272 135 317 173
sheep 0.0079 274 111 327 142
sheep 0.0075 78 126 160 142
sheep 0.0073 446 132 500 263
sheep 0.0071 406 135 444 156
sheep 0.0071 456 118 473 134
sheep 0.0069 449 138 482 163
sheep 0.0069 244 104 504 276
sheep 0.0065 450 127 488 157
sheep 0.0054 353 64 367 73
sheep 0.0052 433 128 458 140
sheep 0.0050 421 127 452 142
sheep 0.0047 237 134 277 171
sheep 0.0045 193 102 380 296
sheep 0.0040 426 134 486 154
sheep 0.0039 464 136 484 145
sheep 0.0036 486 98 500 135
sheep 0.0035 336 138 365 154
sheep 0.0035 488 126 500 156
sheep 0.0034 449 138 497 176
sheep 0.0032 442 127 473 139
sheep 0.0029 401 108 497 195
sheep 0.0027 426 125 485 142
sheep 0.0026 0 106 5 258
sheep 0.0025 487 110 500 178
sheep 0.0025 308 129 333 160
sheep 0.0024 493 153 500 287
sheep 0.0024 481 130 500 268
sheep 0.0023 0 103 18 249
sheep 0.0020 439 115 472 133
sheep 0.0019 233 68 256 82
sheep 0.0019 25 112 188 239
sheep 0.0018 479 116 497 135
sheep 0.0018 273 121 297 145
sheep 0.0017 329 134 350 154
sheep 0.0017 -1 91 59 225
sheep 0.0017 229 54 266 81
sheep 0.0017 319 116 350 134
sheep 0.0017 361 111 371 116
sheep 0.0017 -3 61 499 162
sheep 0.0015 207 49 245 79
sheep 0.0015 0 93 24 192
sheep 0.0015 423 106 484 141
sheep 0.0014 438 112 473 124
sheep 0.0014 397 127 406 137
sheep 0.0013 481 113 500 206
sheep 0.0013 246 70 498 164
sheep 0.0013 456 112 471 124
sheep 0.0013 448 103 497 145
sheep 0.0012 163 89 418 218
sheep 0.0011 491 107 500 217
sheep 0.0011 303 117 484 163
sheep 0.0010 435 116 459 132
sheep 0.0010 400 119 450 137
sheep 0.0010 402 138 437 163
cow 0.0044 388 65 406 73
cow 0.0014 405 137 500 287
cow 0.0010 238 139 327 315
