person 0.0138 0 37 7 61
person 0.0041 57 39 70 58
person 0.0040 0 26 5 53
person 0.0036 25 33 73 70
person 0.0024 37 35 66 63
person 0.0020 59 41 71 69
person 0.0016 19 44 26 55
person 0.0015 59 37 67 44
person 0.0014 23 36 45 62
person 0.0010 47 33 59 43
bicycle 0.1344 73 79 352 291
car 0.8230 66 43 80 67
car 0.6929 23 37 68 72
car 0.6113 0 37 7 61
car 0.2392 64 40 80 57
car 0.0479 0 35 24 60
car 0.0464 59 41 71 69
car 0.0343 0 26 5 53
car 0.0326 70 44 86 67
car 0.0126 19 44 26 55
car 0.0096 66 38 79 45
car 0.0068 57 39 70 58
car 0.0025 0 13 3 40
car 0.0016 68 38 92 64
car 0.0013 0 45 4 87
car 0.0013 54 35 74 66
car 0.0013 65 41 103 68
car 0.0012 21 49 26 60
car 0.0011 59 37 67 44
car 0.0010 15 34 54 66
car 0.0010 0 40 13 68
motorbike 0.0806 67 77 371 283
motorbike 0.0014 0 44 6 64
bus 0.0042 0 35 8 62
bus 0.0036 22 33 70 70
bus 0.0022 0 26 5 53
bus 0.0018 0 13 3 40
