person 0.9356 146 122 184 167
person 0.2111 183 118 224 163
person 0.0878 189 137 226 168
person 0.0425 480 106 494 160
person 0.0362 495 129 499 157
person 0.0194 180 133 215 168
person 0.0188 196 127 231 161
person 0.0176 176 125 201 166
person 0.0144 76 60 89 74
person 0.0129 429 123 446 144
person 0.0109 492 109 499 158
person 0.0080 154 131 196 170
person 0.0069 197 148 228 174
person 0.0062 68 61 79 75
person 0.0062 97 53 428 286
person 0.0052 0 124 3 163
person 0.0046 84 59 95 75
person 0.0039 284 133 301 173
person 0.0038 47 60 58 77
person 0.0037 144 116 210 171
person 0.0028 146 144 157 164
person 0.0027 25 32 113 182
person 0.0027 176 122 195 147
person 0.0026 198 137 249 166
person 0.0026 368 43 377 56
person 0.0025 443 124 450 143
person 0.0024 41 60 49 77
person 0.0023 47 117 54 128
person 0.0022 489 104 499 144
person 0.0022 122 124 134 162
person 0.0021 200 117 226 153
person 0.0021 164 126 188 162
person 0.0019 184 122 213 146
person 0.0017 382 44 391 55
person 0.0015 368 49 376 57
person 0.0014 0 124 2 143
person 0.0013 46 67 56 78
person 0.0013 60 62 68 76
person 0.0012 293 132 306 174
person 0.0012 280 127 311 185
person 0.0012 140 100 302 212
person 0.0012 67 69 77 77
person 0.0011 158 115 244 192
person 0.0011 495 138 499 163
person 0.0011 61 69 68 77
person 0.0010 172 122 187 147
person 0.0010 63 58 83 77
person 0.0010 372 40 386 56
car 0.0223 492 106 500 143
car 0.0157 494 113 500 155
car 0.0121 478 106 496 144
car 0.0079 464 108 487 139
car 0.0066 487 98 500 134
car 0.0055 428 120 448 145
car 0.0053 455 108 477 138
car 0.0049 478 106 496 124
car 0.0032 451 104 499 141
car 0.0026 0 124 2 143
car 0.0023 448 108 463 160
car 0.0021 426 117 452 164
car 0.0017 451 109 480 157
car 0.0017 460 106 492 160
car 0.0015 457 106 472 125
car 0.0014 472 97 500 149
car 0.0013 0 124 3 163
car 0.0012 467 115 479 149
car 0.0012 447 107 469 143
car 0.0010 450 125 458 163
bus 0.9982 103 37 423 272
bus 0.9951 28 44 110 187
bus 0.0105 422 81 451 152
bus 0.0029 486 97 500 135
bus 0.0027 416 78 439 152
bus 0.0025 427 104 449 146
bus 0.0014 477 101 500 146
bus 0.0014 404 74 432 155
bus 0.0013 492 106 500 143
bus 0.0013 426 117 452 164
