person 0.0187 306 245 320 263
person 0.0181 248 232 258 249
person 0.0180 265 245 280 262
person 0.0172 274 245 292 263
person 0.0139 285 245 299 263
person 0.0041 256 245 276 262
person 0.0039 310 245 332 261
person 0.0039 230 240 243 262
person 0.0039 73 237 87 247
person 0.0036 307 252 319 266
person 0.0035 276 252 290 264
person 0.0025 0 232 10 273
person 0.0022 0 228 8 261
person 0.0022 0 232 28 275
person 0.0021 250 230 258 242
person 0.0018 286 253 296 264
person 0.0017 267 252 283 265
person 0.0017 306 170 319 186
person 0.0016 293 168 309 186
person 0.0014 172 253 186 271
person 0.0014 299 244 311 263
person 0.0013 233 246 253 261
person 0.0013 228 235 242 251
person 0.0011 152 253 164 266
person 0.0011 455 234 461 252
person 0.0011 179 253 194 269
person 0.0011 244 244 263 261
person 0.0010 166 254 175 271
car 0.9988 203 240 355 315
car 0.9966 65 242 235 316
car 0.9964 359 240 471 308
car 0.9953 0 245 122 309
car 0.9235 474 219 500 306
car 0.8445 0 229 28 289
car 0.0095 64 229 445 315
car 0.0050 0 232 10 273
car 0.0035 -8 155 499 287
car 0.0032 -2 230 17 311
car 0.0031 284 238 298 244
car 0.0030 466 222 491 301
car 0.0019 0 232 29 258
car 0.0019 3 242 127 280
car 0.0018 0 246 29 334
car 0.0016 0 228 8 261
car 0.0013 0 230 42 313
car 0.0013 11 247 133 259
car 0.0011 -13 231 210 312
car 0.0011 0 245 12 297
car 0.0011 0 266 11 313
bus 0.0025 248 149 497 242
bus 0.0016 473 219 500 307
train 0.6066 247 149 499 241
train 0.0678 5 128 491 263
train 0.0200 5 158 240 247
boat 0.0012 257 152 497 242
