person 0.0066 127 155 145 185
person 0.0012 315 145 331 164
person 0.0012 418 123 435 164
person 0.0011 312 147 333 178
boat 0.0011 167 136 204 148
chair 0.9579 98 175 179 257
chair 0.9327 328 173 407 256
chair 0.5989 214 192 286 276
chair 0.5245 231 155 280 168
chair 0.2341 206 167 304 230
chair 0.1674 116 177 142 197
chair 0.0956 111 173 180 222
chair 0.0851 280 190 305 235
chair 0.0848 136 164 190 227
chair 0.0847 234 146 258 154
chair 0.0703 131 173 149 192
chair 0.0645 361 172 382 194
chair 0.0623 320 168 381 231
chair 0.0552 224 154 246 167
chair 0.0446 211 163 297 204
chair 0.0405 126 156 141 184
chair 0.0373 220 156 235 168
chair 0.0334 274 154 291 167
chair 0.0305 116 175 162 201
chair 0.0286 139 171 155 189
chair 0.0249 111 175 133 201
chair 0.0217 352 171 369 191
chair 0.0214 273 147 293 160
chair 0.0191 125 177 151 198
chair 0.0189 328 173 391 208
chair 0.0181 240 149 266 157
chair 0.0166 361 167 372 176
chair 0.0149 229 146 262 158
chair 0.0127 332 166 368 193
chair 0.0118 137 180 160 194
chair 0.0106 217 147 271 169
chair 0.0103 309 160 373 201
chair 0.0101 216 162 292 183
chair 0.0091 240 143 253 150
chair 0.0087 104 173 145 211
chair 0.0079 127 158 164 188
chair 0.0078 345 178 376 197
chair 0.0073 147 178 186 202
chair 0.0072 224 148 247 158
chair 0.0071 336 181 363 194
chair 0.0069 297 156 369 225
chair 0.0068 350 151 371 169
chair 0.0062 269 155 282 166
chair 0.0061 352 163 370 181
chair 0.0059 359 146 375 174
chair 0.0054 277 154 311 168
chair 0.0051 258 148 270 155
chair 0.0051 144 183 172 195
chair 0.0048 270 148 281 158
chair 0.0048 215 152 238 169
chair 0.0044 251 136 260 152
chair 0.0042 144 158 209 204
chair 0.0039 214 164 237 177
chair 0.0038 216 145 234 159
chair 0.0032 149 171 185 186
chair 0.0032 204 162 234 223
chair 0.0029 278 199 293 222
chair 0.0029 163 148 338 214
chair 0.0026 98 176 140 246
chair 0.0024 211 159 238 183
chair 0.0024 202 150 225 173
chair 0.0023 138 162 182 197
chair 0.0023 207 188 223 229
chair 0.0022 210 170 238 192
chair 0.0021 340 156 365 168
chair 0.0021 278 165 305 194
chair 0.0021 293 166 316 213
chair 0.0020 241 166 284 176
chair 0.0020 261 167 303 233
chair 0.0018 97 177 127 217
chair 0.0018 327 181 357 197
chair 0.0018 358 162 375 182
chair 0.0018 319 168 343 193
chair 0.0018 167 172 184 183
chair 0.0016 146 170 170 186
chair 0.0016 408 161 421 180
chair 0.0016 233 172 277 188
chair 0.0016 316 198 329 240
chair 0.0015 326 160 358 183
chair 0.0015 220 147 253 162
chair 0.0015 150 188 185 212
chair 0.0014 305 158 336 221
chair 0.0014 351 162 389 197
chair 0.0014 263 152 286 168
chair 0.0013 279 160 306 224
chair 0.0013 302 136 376 191
chair 0.0013 157 185 195 230
chair 0.0013 192 148 237 204
chair 0.0013 414 115 451 199
chair 0.0013 256 134 269 154
chair 0.0012 167 164 186 182
chair 0.0012 101 176 119 190
chair 0.0012 168 151 183 171
chair 0.0012 186 159 216 224
chair 0.0012 281 142 307 163
chair 0.0011 336 150 368 174
chair 0.0011 303 170 319 209
chair 0.0011 274 165 295 175
chair 0.0010 278 162 306 177
chair 0.0010 250 152 297 168
sofa 0.6247 206 167 304 230
sofa 0.5182 96 175 178 257
sofa 0.4550 320 171 404 252
sofa 0.2002 217 194 285 275
sofa 0.0600 136 164 190 227
sofa 0.0488 111 173 180 222
sofa 0.0252 211 163 297 204
sofa 0.0248 309 155 373 226
sofa 0.0184 231 155 280 168
sofa 0.0115 318 168 382 212
sofa 0.0075 116 176 142 198
sofa 0.0073 361 172 381 194
sofa 0.0062 331 166 369 193
sofa 0.0042 138 154 216 208
sofa 0.0040 115 175 163 202
sofa 0.0035 216 162 292 183
sofa 0.0032 309 155 372 191
sofa 0.0030 281 169 307 230
sofa 0.0028 348 170 372 192
sofa 0.0027 104 173 145 211
sofa 0.0020 234 146 258 154
sofa 0.0017 99 159 324 232
sofa 0.0016 355 175 384 200
sofa 0.0014 98 176 142 248
sofa 0.0011 225 146 265 160
sofa 0.0011 176 145 325 267
sofa 0.0011 163 148 338 214
sofa 0.0010 221 153 251 168
sofa 0.0010 317 177 367 246
pottedplant 0.4447 187 147 223 203
pottedplant 0.3072 304 155 370 203
pottedplant 0.2949 139 161 184 190
pottedplant 0.2924 127 156 144 185
pottedplant 0.2536 331 161 370 196
pottedplant 0.2035 302 151 332 208
pottedplant 0.1954 347 114 374 167
pottedplant 0.1777 303 169 319 209
pottedplant 0.1645 136 164 190 227
pottedplant 0.1101 136 161 165 185
pottedplant 0.0914 190 146 223 178
pottedplant 0.0887 186 159 216 224
pottedplant 0.0652 350 141 372 166
pottedplant 0.0634 286 131 302 151
pottedplant 0.0591 273 123 292 145
pottedplant 0.0573 350 151 371 169
pottedplant 0.0522 147 122 178 162
pottedplant 0.0512 138 154 216 208
pottedplant 0.0462 352 163 370 181
pottedplant 0.0453 280 151 320 171
pottedplant 0.0440 136 170 158 190
pottedplant 0.0418 284 126 302 144
pottedplant 0.0383 167 135 205 147
pottedplant 0.0290 278 146 322 210
pottedplant 0.0278 188 159 209 205
pottedplant 0.0277 146 170 170 186
pottedplant 0.0273 275 119 315 161
pottedplant 0.0267 162 161 190 184
pottedplant 0.0258 315 139 344 187
pottedplant 0.0246 202 150 225 173
pottedplant 0.0231 126 157 171 191
pottedplant 0.0227 167 164 186 182
pottedplant 0.0214 326 160 358 183
pottedplant 0.0212 130 120 164 162
pottedplant 0.0211 312 147 333 178
pottedplant 0.0206 129 128 198 235
pottedplant 0.0200 274 138 321 173
pottedplant 0.0199 149 171 185 186
pottedplant 0.0196 267 121 299 158
pottedplant 0.0192 340 156 365 168
pottedplant 0.0188 320 168 381 231
pottedplant 0.0185 141 134 182 182
pottedplant 0.0180 359 146 375 174
pottedplant 0.0167 289 145 354 213
pottedplant 0.0158 309 130 349 172
pottedplant 0.0157 165 135 208 168
pottedplant 0.0151 336 150 368 174
pottedplant 0.0149 126 154 140 176
pottedplant 0.0145 278 141 309 165
pottedplant 0.0144 163 144 210 202
pottedplant 0.0133 174 151 231 229
pottedplant 0.0127 291 163 316 202
pottedplant 0.0121 328 169 357 190
pottedplant 0.0119 127 134 164 185
pottedplant 0.0116 202 144 226 158
pottedplant 0.0115 168 151 183 171
pottedplant 0.0110 192 144 221 164
pottedplant 0.0109 361 167 372 176
pottedplant 0.0108 304 124 344 158
pottedplant 0.0104 302 136 376 191
pottedplant 0.0101 127 138 284 212
pottedplant 0.0097 352 108 373 136
pottedplant 0.0097 167 172 184 183
pottedplant 0.0095 132 121 141 143
pottedplant 0.0094 305 140 394 219
pottedplant 0.0090 219 127 373 207
pottedplant 0.0082 281 169 307 230
pottedplant 0.0081 193 152 219 191
pottedplant 0.0081 340 140 366 167
pottedplant 0.0081 220 156 235 168
pottedplant 0.0075 348 170 372 192
pottedplant 0.0074 346 106 356 121
pottedplant 0.0074 346 147 361 163
pottedplant 0.0069 156 139 180 167
pottedplant 0.0066 355 131 378 175
pottedplant 0.0065 153 148 183 177
pottedplant 0.0059 321 148 337 175
pottedplant 0.0059 362 121 373 141
pottedplant 0.0054 160 150 179 172
pottedplant 0.0054 195 136 215 148
pottedplant 0.0052 162 128 205 156
pottedplant 0.0049 151 122 170 148
pottedplant 0.0049 186 149 211 172
pottedplant 0.0049 313 170 328 209
pottedplant 0.0044 290 161 314 181
pottedplant 0.0044 323 113 381 201
pottedplant 0.0044 194 170 213 210
pottedplant 0.0042 287 127 312 158
pottedplant 0.0041 206 167 304 230
pottedplant 0.0039 340 107 365 161
pottedplant 0.0037 147 178 186 202
pottedplant 0.0036 273 147 293 160
pottedplant 0.0035 172 158 202 187
pottedplant 0.0035 117 167 144 197
pottedplant 0.0034 202 137 231 153
pottedplant 0.0034 176 150 198 171
pottedplant 0.0033 131 173 149 192
pottedplant 0.0033 168 124 204 146
pottedplant 0.0032 67 122 352 227
pottedplant 0.0031 319 168 343 193
diningtable 0.1548 210 165 303 231
diningtable 0.0403 309 155 373 226
diningtable 0.0302 139 159 194 224
diningtable 0.0200 309 155 372 191
diningtable 0.0114 318 168 382 212
diningtable 0.0089 212 168 300 199
diningtable 0.0078 331 166 369 193
diningtable 0.0071 324 176 402 258
diningtable 0.0063 216 162 292 183
diningtable 0.0062 147 178 186 202
diningtable 0.0057 326 160 358 183
diningtable 0.0053 277 154 311 168
diningtable 0.0048 98 173 180 252
diningtable 0.0047 234 146 258 154
diningtable 0.0041 217 194 285 275
diningtable 0.0040 318 151 344 188
diningtable 0.0038 113 171 184 208
diningtable 0.0036 232 155 279 168
diningtable 0.0033 159 150 214 212
diningtable 0.0029 167 136 204 148
diningtable 0.0028 328 169 357 190
diningtable 0.0024 144 183 172 195
diningtable 0.0021 144 161 186 184
diningtable 0.0021 336 181 363 194
diningtable 0.0021 225 146 265 160
diningtable 0.0019 327 181 357 197
diningtable 0.0019 319 168 343 193
diningtable 0.0018 116 175 162 201
diningtable 0.0017 149 171 185 186
diningtable 0.0016 224 148 247 158
diningtable 0.0015 224 154 246 167
diningtable 0.0014 281 142 307 163
diningtable 0.0012 299 158 343 220
diningtable 0.0011 352 163 370 181
diningtable 0.0011 240 149 266 157
diningtable 0.0010 273 147 293 160
tvmonitor 0.0051 0 71 7 234
