person 0.0040 62 106 478 281
person 0.0034 376 128 386 143
person 0.0010 0 100 5 115
car 0.9973 43 106 458 282
car 0.7892 392 135 498 171
car 0.7780 435 132 499 224
car 0.0407 386 145 406 155
car 0.0260 58 137 107 151
car 0.0218 370 140 407 154
car 0.0191 378 144 404 157
car 0.0189 45 120 245 171
car 0.0136 384 142 411 152
car 0.0055 56 132 156 155
car 0.0030 434 102 500 184
car 0.0025 60 128 199 160
car 0.0021 477 128 495 139
car 0.0021 364 130 412 157
car 0.0021 375 133 502 219
car 0.0018 58 137 115 165
car 0.0016 372 140 412 166
car 0.0015 365 137 396 150
car 0.0014 398 143 415 151
car 0.0012 48 108 271 199
car 0.0012 48 137 173 167
car 0.0011 72 139 126 151
car 0.0011 472 131 501 226
motorbike 0.0012 34 121 468 296
bus 0.0026 169 96 240 116
bus 0.0012 479 103 498 126
bus 0.0012 490 106 500 125
bus 0.0012 434 128 500 221
train 0.0047 169 96 240 116
boat 0.0010 170 96 240 117
