person 0.8735 389 217 402 248
person 0.7191 353 221 361 246
person 0.1167 375 217 387 247
person 0.0572 351 224 358 249
person 0.0378 377 231 387 248
person 0.0177 386 226 398 249
person 0.0123 374 190 382 198
person 0.0086 350 223 364 250
person 0.0063 419 220 434 244
person 0.0059 374 213 385 233
person 0.0054 385 217 395 230
person 0.0054 394 217 402 229
person 0.0046 417 230 436 248
person 0.0041 415 230 425 248
person 0.0030 364 187 373 196
person 0.0012 386 188 395 194
person 0.0010 366 216 422 248
car 0.0099 417 230 436 248
motorbike 0.0022 417 230 436 248
aeroplane 0.9885 18 121 468 247
aeroplane 0.0010 0 215 6 226
