person 0.0257 480 0 500 74
person 0.0178 490 -1 500 72
person 0.0054 494 -12 500 49
person 0.0014 11 -2 477 401
person 0.0013 231 0 284 30
person 0.0010 353 -6 500 320
bicycle 0.2016 361 0 498 85
bicycle 0.0298 480 0 500 74
bicycle 0.0154 490 0 500 71
bicycle 0.0105 244 -4 494 91
bicycle 0.0086 449 0 499 82
bicycle 0.0083 0 193 52 433
bicycle 0.0048 8 41 478 458
bicycle 0.0038 38 -9 469 95
bicycle 0.0013 470 3 500 104
bicycle 0.0011 490 6 500 120
car 0.0039 490 0 500 71
car 0.0037 15 -1 483 294
car 0.0017 140 -1 458 115
motorbike 0.9950 10 7 474 418
motorbike 0.6471 335 19 500 368
motorbike 0.3097 321 -3 494 88
motorbike 0.1448 0 193 52 433
motorbike 0.0762 160 -6 492 93
motorbike 0.0577 490 -1 500 72
motorbike 0.0276 474 -4 499 74
motorbike 0.0233 -1 14 60 434
motorbike 0.0092 0 178 99 433
motorbike 0.0046 372 -2 498 222
motorbike 0.0043 27 -27 479 111
motorbike 0.0042 449 0 499 82
motorbike 0.0038 140 11 504 283
motorbike 0.0033 267 0 404 43
motorbike 0.0026 10 -2 246 295
motorbike 0.0019 480 0 500 156
motorbike 0.0018 289 0 427 85
motorbike 0.0018 307 1 364 39
motorbike 0.0017 0 208 26 438
motorbike 0.0015 0 120 20 346
motorbike 0.0014 298 -1 451 49
motorbike 0.0014 0 38 29 426
motorbike 0.0014 4 1 434 222
motorbike 0.0013 485 13 500 93
motorbike 0.0012 329 1 381 42
motorbike 0.0010 494 -12 500 49
pottedplant 0.0012 0 128 54 450
