person 0.0162 213 210 221 232
person 0.0041 48 187 83 209
car 0.5680 363 188 489 231
car 0.1975 365 195 409 230
car 0.0777 455 190 485 235
car 0.0772 48 187 83 209
car 0.0082 48 187 117 210
car 0.0054 123 188 138 202
car 0.0014 425 189 489 235
car 0.0011 198 194 213 206
aeroplane 0.9502 2 148 490 286
aeroplane 0.0128 369 185 468 234
aeroplane 0.0027 48 187 123 208
aeroplane 0.0018 -4 37 498 277
aeroplane 0.0017 261 179 479 262
aeroplane 0.0012 270 167 476 212
aeroplane 0.0011 34 186 211 208
bus 0.0187 48 187 123 208
bus 0.0092 48 187 83 209
bus 0.0077 369 185 468 234
bus 0.0019 365 195 409 230
train 0.0010 369 185 468 234
boat 0.0021 369 185 468 234
