person 0.9917 362 68 459 272
chair 0.0021 0 255 8 302
chair 0.0016 0 247 27 305
chair 0.0010 43 218 83 283
sofa 0.0117 0 6 522 65
pottedplant 0.9296 0 191 69 304
pottedplant 0.0067 63 182 135 258
pottedplant 0.0058 0 201 10 298
pottedplant 0.0038 -1 201 22 305
pottedplant 0.0037 46 221 93 286
pottedplant 0.0032 19 182 113 292
pottedplant 0.0032 0 240 8 299
pottedplant 0.0021 -1 233 45 305
pottedplant 0.0019 50 70 68 88
pottedplant 0.0019 309 83 320 93
pottedplant 0.0019 317 82 332 92
pottedplant 0.0015 65 223 99 258
pottedplant 0.0013 0 247 27 305
pottedplant 0.0011 0 267 5 306
diningtable 0.0045 0 6 522 65
tvmonitor 0.0083 55 183 136 261
