person 0.0012 454 -4 501 143
cat 0.0010 0 176 265 347
dog 0.9906 6 183 277 348
dog 0.6751 114 98 378 230
dog 0.5706 197 46 474 186
dog 0.2508 88 50 491 245
dog 0.1655 0 27 441 330
dog 0.0124 143 124 299 226
dog 0.0043 65 90 304 267
chair 0.0222 -9 -21 488 392
chair 0.0026 454 -4 501 143
chair 0.0011 0 176 265 347
sofa 0.9153 -9 -21 488 392
sofa 0.0782 104 92 385 235
sofa 0.0077 1 4 214 316
sofa 0.0070 454 -4 501 143
sofa 0.0030 211 -1 499 79
sofa 0.0014 0 176 265 347
sofa 0.0013 -3 -18 488 176
sofa 0.0013 468 0 500 238
