person 0.9871 318 131 439 334
person 0.6536 315 134 367 281
person 0.0259 138 275 145 283
person 0.0189 424 254 434 265
person 0.0131 298 133 379 330
person 0.0093 315 208 357 299
person 0.0085 108 266 116 273
person 0.0055 319 264 348 328
person 0.0050 479 258 489 263
person 0.0038 443 256 451 264
person 0.0038 324 257 377 330
person 0.0034 174 253 184 266
person 0.0034 319 123 394 237
person 0.0034 428 256 442 264
person 0.0031 167 274 172 281
person 0.0031 315 226 333 289
person 0.0029 490 255 500 263
person 0.0019 175 236 185 256
person 0.0018 314 230 405 327
person 0.0015 326 133 369 230
person 0.0015 143 273 150 281
person 0.0014 322 132 358 185
person 0.0013 315 270 332 287
person 0.0011 109 270 115 276
car 0.0215 424 254 434 265
car 0.0194 479 258 489 263
car 0.0045 72 263 91 270
car 0.0042 490 255 500 263
car 0.0031 428 256 442 264
car 0.0025 137 248 164 267
car 0.0023 85 261 98 269
car 0.0014 131 258 141 270
car 0.0014 175 236 185 256
car 0.0014 19 265 30 271
car 0.0013 443 256 451 264
car 0.0010 425 260 433 267
car 0.0010 70 264 79 270
bus 0.0017 137 248 164 267
bird 0.0414 138 275 145 283
bird 0.0120 167 274 172 281
bird 0.0032 143 273 150 281
bird 0.0024 139 279 144 285
bird 0.0011 59 283 64 288
dog 0.0022 138 275 145 283
sheep 0.0010 138 275 145 283
bottle 0.0018 320 287 347 326
bottle 0.0010 138 275 145 283
