person 0.9838 262 74 500 372
person 0.9793 17 78 237 377
person 0.0063 -1 292 71 374
person 0.0032 0 123 19 387
person 0.0017 483 97 500 374
person 0.0014 0 151 6 192
person 0.0013 0 144 9 165
person 0.0012 290 201 495 376
person 0.0011 0 123 59 350
person 0.0010 -15 248 263 374
bicycle 0.0018 78 264 98 309
bicycle 0.0018 9 110 238 388
bicycle 0.0010 0 290 84 374
bicycle 0.0010 -15 248 263 374
car 0.0320 416 40 498 84
car 0.0262 -1 123 95 181
car 0.0069 31 170 257 376
car 0.0032 262 90 497 347
car 0.0017 0 151 6 192
car 0.0013 0 73 98 307
car 0.0011 483 67 501 83
motorbike 0.0036 9 110 238 388
motorbike 0.0020 280 159 479 375
motorbike 0.0010 -15 248 263 374
boat 0.0017 280 156 477 371
boat 0.0012 9 110 238 388
bird 0.0027 -1 290 70 374
cat 0.0249 -1 291 71 373
cat 0.0021 280 156 477 371
dog 0.9469 296 163 489 372
dog 0.4861 -1 291 71 373
dog 0.0032 312 0 328 18
dog 0.0020 438 331 500 374
dog 0.0014 2 295 199 371
dog 0.0013 285 324 502 374
horse 0.0024 280 159 479 375
sheep 0.0207 296 163 489 372
sheep 0.0025 438 331 500 374
sheep 0.0024 285 307 498 370
sheep 0.0010 312 0 328 18
cow 0.0011 280 159 479 375
bottle 0.0093 0 145 7 183
bottle 0.0018 0 144 9 165
bottle 0.0016 312 0 328 18
bottle 0.0012 0 164 5 198
chair 0.4472 67 182 265 372
chair 0.1534 176 185 262 369
chair 0.0335 280 156 477 371
chair 0.0295 9 110 238 388
chair 0.0166 246 296 268 374
chair 0.0158 208 213 267 376
chair 0.0101 -1 123 95 181
chair 0.0062 215 294 267 374
chair 0.0056 -15 248 263 374
chair 0.0033 259 63 500 339
chair 0.0032 174 176 202 191
chair 0.0029 210 251 242 372
chair 0.0026 285 307 498 370
chair 0.0025 2 292 81 374
chair 0.0025 75 271 93 344
chair 0.0023 231 224 526 378
chair 0.0022 124 339 209 375
chair 0.0021 75 266 94 309
chair 0.0020 212 260 236 313
chair 0.0018 123 172 211 192
chair 0.0018 72 296 93 356
chair 0.0015 69 173 218 219
chair 0.0014 214 297 240 372
chair 0.0012 48 285 242 375
chair 0.0010 281 328 321 372
sofa 0.0034 281 156 475 372
sofa 0.0020 8 179 265 371
sofa 0.0014 -2 288 71 372
sofa 0.0010 -1 121 86 181
pottedplant 0.0166 3 70 113 163
pottedplant 0.0068 37 81 106 149
pottedplant 0.0021 55 7 214 84
pottedplant 0.0021 -2 -1 115 157
pottedplant 0.0020 0 151 6 192
pottedplant 0.0019 1 48 195 172
pottedplant 0.0010 78 83 127 124
diningtable 0.0019 9 110 238 388
tvmonitor 0.0207 -1 121 86 181
tvmonitor 0.0027 0 151 6 192
tvmonitor 0.0011 0 144 9 165
