person 0.0108 476 0 500 195
person 0.0031 448 1 500 198
person 0.0025 478 16 500 334
person 0.0012 400 -1 500 296
bicycle 0.8934 5 -16 498 382
bicycle 0.0016 15 173 496 350
car 0.0052 476 0 500 162
car 0.0020 0 1 86 124
car 0.0012 0 0 95 294
motorbike 0.1366 11 -17 486 346
bottle 0.0105 476 0 500 162
chair 0.2389 9 -19 488 348
chair 0.0062 85 -1 241 93
chair 0.0032 -2 3 90 127
chair 0.0027 476 2 500 236
chair 0.0018 0 2 100 368
chair 0.0014 4 0 260 370
chair 0.0014 4 0 248 134
chair 0.0012 79 -6 415 93
chair 0.0010 24 4 405 225
pottedplant 0.0074 475 -1 500 164
pottedplant 0.0031 449 0 499 165
diningtable 0.0023 9 -19 488 348
