person 0.2099 311 124 365 190
person 0.0833 394 150 421 193
person 0.0286 243 128 281 188
person 0.0265 254 125 297 188
person 0.0118 392 137 440 207
person 0.0107 67 49 406 281
person 0.0101 267 121 298 166
person 0.0083 388 113 428 196
person 0.0082 296 128 334 188
person 0.0081 250 127 280 159
person 0.0078 283 128 319 186
person 0.0066 309 148 356 194
person 0.0061 379 101 448 260
person 0.0057 416 152 435 195
person 0.0053 257 118 290 154
person 0.0053 297 126 322 158
person 0.0053 220 152 256 194
person 0.0047 142 136 157 166
person 0.0047 493 215 500 263
person 0.0045 257 153 293 195
person 0.0041 330 136 371 189
person 0.0041 330 123 369 165
person 0.0034 222 169 232 197
person 0.0033 419 166 433 194
person 0.0029 244 137 263 187
person 0.0027 300 153 337 194
person 0.0026 282 127 300 159
person 0.0025 150 139 167 165
person 0.0024 271 121 294 151
person 0.0023 324 121 338 147
person 0.0023 223 152 233 194
person 0.0021 245 131 264 156
person 0.0021 294 123 315 151
person 0.0019 314 120 351 170
person 0.0017 402 122 433 187
person 0.0017 214 138 273 188
person 0.0015 230 100 323 205
person 0.0015 406 142 426 184
person 0.0013 335 156 365 188
person 0.0013 275 150 319 197
person 0.0013 200 138 244 209
person 0.0013 329 123 355 149
person 0.0012 102 135 119 153
person 0.0012 171 135 182 151
person 0.0012 344 152 378 189
person 0.0012 162 134 175 153
person 0.0012 235 145 286 198
person 0.0011 113 137 123 152
person 0.0010 147 134 166 156
person 0.0010 392 146 410 181
car 0.0022 387 143 446 256
car 0.0015 448 212 500 262
car 0.0013 493 215 500 263
bus 0.9974 68 59 402 290
bus 0.9280 378 103 447 260
bus 0.0070 385 110 439 210
bus 0.0030 446 127 501 258
bus 0.0016 314 109 427 246
bus 0.0011 446 211 499 262
train 0.0011 379 101 448 260
chair 0.0014 67 49 406 281
