person 0.9437 189 113 279 191
person 0.8548 89 156 273 368
person 0.8351 331 118 431 306
person 0.0124 62 171 133 369
person 0.0089 187 177 366 375
person 0.0087 480 22 500 102
person 0.0078 489 23 500 50
person 0.0055 306 146 412 284
person 0.0050 220 126 437 302
person 0.0039 493 17 500 44
person 0.0038 285 99 349 179
person 0.0030 0 193 84 367
person 0.0030 339 191 455 367
person 0.0026 130 218 354 330
person 0.0024 488 66 500 105
person 0.0018 484 54 500 99
person 0.0017 484 23 500 71
person 0.0014 0 95 14 223
person 0.0011 62 211 190 374
person 0.0011 491 77 500 114
person 0.0010 178 156 312 230
bird 0.0016 334 15 346 27
bottle 0.0155 214 168 222 195
bottle 0.0077 215 164 220 186
bottle 0.0045 419 110 429 143
bottle 0.0039 114 210 125 254
bottle 0.0015 218 155 230 189
bottle 0.0011 210 160 224 189
bottle 0.0011 407 101 427 145
chair 0.9924 286 97 349 180
chair 0.9651 0 194 84 366
chair 0.9621 336 198 456 376
chair 0.6223 417 149 440 192
chair 0.4857 346 115 376 172
chair 0.4633 400 94 429 143
chair 0.2128 186 114 279 190
chair 0.2054 408 146 429 178
chair 0.1862 351 204 366 235
chair 0.1413 340 116 435 290
chair 0.1282 269 152 297 191
chair 0.1095 125 118 197 163
chair 0.0699 352 204 365 219
chair 0.0477 351 111 431 195
chair 0.0418 355 111 369 125
chair 0.0371 353 112 371 133
chair 0.0323 234 298 323 373
chair 0.0263 225 155 290 193
chair 0.0222 348 206 359 237
chair 0.0200 98 150 125 210
chair 0.0198 409 108 427 158
chair 0.0179 194 360 253 375
chair 0.0171 366 166 376 197
chair 0.0159 399 112 420 155
chair 0.0154 120 120 162 163
chair 0.0141 355 120 389 195
chair 0.0139 405 146 436 195
chair 0.0137 265 152 283 174
chair 0.0130 418 147 440 241
chair 0.0121 173 146 305 203
chair 0.0115 263 154 286 189
chair 0.0109 283 176 297 191
chair 0.0098 156 133 184 153
chair 0.0090 236 354 310 374
chair 0.0089 72 291 97 376
chair 0.0088 345 116 413 173
chair 0.0082 343 208 360 249
chair 0.0076 51 326 350 374
chair 0.0071 417 187 442 282
chair 0.0071 247 155 281 191
chair 0.0071 70 162 265 375
chair 0.0064 228 157 260 185
chair 0.0064 348 205 368 252
chair 0.0061 204 137 248 187
chair 0.0061 218 151 230 175
chair 0.0058 218 152 255 193
chair 0.0056 359 100 431 149
chair 0.0052 424 197 447 264
chair 0.0051 100 120 184 189
chair 0.0050 426 160 441 200
chair 0.0045 64 291 298 372
chair 0.0044 0 202 19 377
chair 0.0044 167 134 205 157
chair 0.0043 347 195 390 246
chair 0.0042 152 100 432 191
chair 0.0041 364 142 377 203
chair 0.0039 152 126 206 161
chair 0.0039 306 146 412 284
chair 0.0037 367 167 387 198
chair 0.0036 214 142 237 167
chair 0.0036 402 143 420 168
chair 0.0035 413 188 453 317
chair 0.0035 343 122 364 166
chair 0.0033 274 170 296 192
chair 0.0032 216 155 233 189
chair 0.0032 417 146 434 166
chair 0.0031 357 129 379 175
chair 0.0031 358 168 380 216
chair 0.0031 200 138 208 147
chair 0.0031 65 209 126 371
chair 0.0030 334 167 381 266
chair 0.0030 377 117 420 152
chair 0.0029 159 104 173 128
chair 0.0028 93 79 478 222
chair 0.0028 57 213 206 370
chair 0.0027 202 123 212 145
chair 0.0027 90 326 203 373
chair 0.0027 356 136 396 219
chair 0.0026 184 137 207 151
chair 0.0025 395 143 439 289
chair 0.0025 360 113 375 132
chair 0.0025 423 209 437 252
chair 0.0024 71 252 106 371
chair 0.0024 363 147 392 198
chair 0.0024 100 156 123 191
chair 0.0024 99 140 146 211
chair 0.0024 359 111 375 159
chair 0.0023 363 149 434 196
chair 0.0023 210 152 240 191
chair 0.0022 337 198 370 265
chair 0.0020 399 94 425 121
chair 0.0020 351 197 383 227
chair 0.0019 418 110 429 144
chair 0.0019 215 143 273 185
chair 0.0018 92 136 188 224
chair 0.0018 419 167 439 213
chair 0.0018 135 133 201 169
chair 0.0018 287 99 312 176
chair 0.0018 371 131 452 340
chair 0.0017 200 118 458 276
sofa 0.1114 124 118 197 163
sofa 0.0085 184 113 271 189
sofa 0.0054 110 118 219 182
sofa 0.0039 152 126 206 161
sofa 0.0033 402 95 428 138
sofa 0.0026 91 166 340 375
sofa 0.0024 337 198 456 376
sofa 0.0019 120 120 162 163
sofa 0.0014 286 93 351 181
sofa 0.0011 154 132 185 154
pottedplant 0.0027 252 175 272 220
pottedplant 0.0013 175 8 200 32
pottedplant 0.0012 403 98 428 147
pottedplant 0.0010 168 1 206 43
diningtable 0.6960 84 163 337 367
diningtable 0.0634 346 115 376 172
diningtable 0.0452 187 177 366 375
diningtable 0.0371 353 115 427 167
diningtable 0.0327 174 173 332 286
diningtable 0.0147 230 235 259 297
diningtable 0.0146 136 197 348 315
diningtable 0.0143 190 112 279 180
diningtable 0.0093 68 213 128 372
diningtable 0.0088 217 218 304 329
diningtable 0.0077 56 215 235 369
diningtable 0.0062 353 112 371 133
diningtable 0.0051 271 211 294 274
diningtable 0.0045 403 98 428 147
diningtable 0.0045 216 172 305 254
diningtable 0.0043 377 116 420 152
diningtable 0.0042 178 156 312 230
diningtable 0.0040 284 101 377 176
diningtable 0.0031 -2 200 76 372
diningtable 0.0030 246 233 278 312
diningtable 0.0027 355 111 369 125
diningtable 0.0026 412 125 427 161
diningtable 0.0025 255 209 274 261
diningtable 0.0022 111 249 323 370
diningtable 0.0022 159 133 192 153
diningtable 0.0022 247 203 279 268
diningtable 0.0022 363 149 434 196
diningtable 0.0021 399 111 420 157
diningtable 0.0020 406 111 428 175
diningtable 0.0018 63 162 187 352
diningtable 0.0016 407 143 428 169
diningtable 0.0016 155 253 282 333
diningtable 0.0015 41 202 151 377
diningtable 0.0014 218 259 337 369
diningtable 0.0014 51 326 350 374
diningtable 0.0013 252 175 272 220
diningtable 0.0013 342 121 364 167
diningtable 0.0012 242 174 280 250
diningtable 0.0012 366 113 413 138
diningtable 0.0012 374 118 406 130
diningtable 0.0012 384 118 414 134
diningtable 0.0010 350 119 398 195
diningtable 0.0010 416 147 439 186
tvmonitor 0.0062 0 36 15 202
