person 0.5734 64 116 96 211
person 0.4215 85 81 111 158
person 0.4187 124 87 133 104
person 0.1559 83 79 102 131
person 0.1113 79 80 107 187
person 0.0647 65 169 93 214
person 0.0527 89 82 109 128
person 0.0498 90 55 97 80
person 0.0416 3 -3 204 316
person 0.0310 298 69 304 79
person 0.0244 123 88 134 119
person 0.0220 66 144 92 285
person 0.0218 106 61 114 77
person 0.0157 116 84 130 109
person 0.0139 101 92 112 119
person 0.0126 73 72 131 171
person 0.0120 53 62 149 212
person 0.0111 97 83 108 112
person 0.0096 200 90 208 105
person 0.0090 63 107 99 324
person 0.0080 99 81 115 149
person 0.0073 191 95 202 112
person 0.0069 71 107 95 162
person 0.0061 184 94 191 111
person 0.0054 192 89 203 105
person 0.0051 123 80 133 99
person 0.0051 184 90 191 106
person 0.0051 84 94 102 153
person 0.0050 200 94 208 111
person 0.0050 272 61 277 71
person 0.0048 88 40 97 76
person 0.0043 102 86 112 108
person 0.0042 114 55 123 64
person 0.0033 11 51 109 320
person 0.0032 106 65 117 82
person 0.0032 145 79 154 92
person 0.0031 103 75 138 125
person 0.0029 99 75 119 118
person 0.0024 92 56 103 76
person 0.0024 113 72 130 102
person 0.0023 162 95 171 113
person 0.0022 70 133 90 175
person 0.0021 198 79 212 89
person 0.0021 78 95 120 214
person 0.0021 88 57 98 92
person 0.0020 70 158 89 207
person 0.0019 102 61 135 103
person 0.0018 64 20 221 257
person 0.0016 280 101 288 111
person 0.0015 113 57 126 74
person 0.0015 125 60 135 70
person 0.0015 111 66 125 86
person 0.0014 38 127 91 218
person 0.0014 0 228 17 366
person 0.0013 39 49 173 160
person 0.0013 63 183 86 216
person 0.0013 85 62 100 113
person 0.0012 83 31 93 63
person 0.0011 143 71 154 81
person 0.0011 93 69 108 105
person 0.0011 51 1 73 31
person 0.0011 162 87 172 106
person 0.0010 153 94 165 113
person 0.0010 110 84 131 145
person 0.0010 74 118 93 150
person 0.0010 65 137 82 172
person 0.0010 91 118 105 152
train 0.8246 -2 -6 214 369
train 0.0153 61 44 223 312
train 0.0021 53 62 149 212
train 0.0018 11 51 109 320
