person 0.0022 0 131 43 257
person 0.0011 104 0 141 90
person 0.0010 94 0 148 130
bicycle 0.9752 26 47 496 353
bicycle 0.0031 50 91 202 338
cat 0.0015 0 132 43 257
dog 0.0013 0 132 43 257
bottle 0.7081 277 13 293 58
bottle 0.0525 251 15 276 56
bottle 0.0142 266 180 289 236
bottle 0.0087 251 160 274 234
bottle 0.0026 238 168 256 232
bottle 0.0023 322 2 340 51
bottle 0.0022 300 -1 339 55
bottle 0.0021 168 193 204 243
bottle 0.0012 305 25 334 53
bottle 0.0011 327 108 340 120
bottle 0.0010 334 109 341 119
chair 0.0294 0 131 43 257
chair 0.0036 0 67 51 234
chair 0.0029 50 43 500 357
chair 0.0025 86 96 132 172
chair 0.0018 5 53 103 223
chair 0.0017 50 91 202 338
chair 0.0016 -1 121 110 250
chair 0.0012 301 0 336 54
chair 0.0012 76 95 138 215
chair 0.0011 83 131 122 176
chair 0.0010 0 14 25 229
sofa 0.0798 0 129 44 255
sofa 0.0166 43 54 505 369
sofa 0.0113 0 67 51 234
sofa 0.0067 5 53 103 223
sofa 0.0040 -1 121 110 250
sofa 0.0010 39 86 313 347
pottedplant 0.7044 8 48 97 191
pottedplant 0.0527 8 60 158 220
pottedplant 0.0130 0 67 51 234
pottedplant 0.0111 90 82 151 162
pottedplant 0.0102 93 94 128 135
pottedplant 0.0081 88 2 153 141
pottedplant 0.0066 82 79 139 134
pottedplant 0.0049 13 49 77 146
pottedplant 0.0048 0 129 44 255
pottedplant 0.0045 71 95 139 176
pottedplant 0.0041 101 99 121 132
pottedplant 0.0040 79 90 167 202
pottedplant 0.0033 7 114 59 175
pottedplant 0.0030 70 72 93 101
pottedplant 0.0025 300 -1 339 55
pottedplant 0.0024 0 14 25 229
pottedplant 0.0023 -1 121 110 250
pottedplant 0.0021 22 51 143 157
pottedplant 0.0020 24 87 106 222
pottedplant 0.0017 57 67 90 103
pottedplant 0.0016 119 80 159 158
pottedplant 0.0015 89 28 133 126
pottedplant 0.0015 58 125 88 184
pottedplant 0.0013 27 53 93 121
pottedplant 0.0012 52 80 109 187
pottedplant 0.0011 79 72 97 101
pottedplant 0.0010 0 115 26 193
pottedplant 0.0010 54 69 106 143
pottedplant 0.0010 80 84 97 105
