cat 0.8863 -3 204 126 396
cat 0.1070 34 214 166 362
cat 0.0021 0 164 121 541
dog 0.0023 0 200 122 405
bottle 0.0220 317 457 330 500
bottle 0.0116 304 457 330 499
bottle 0.0016 283 468 329 500
bottle 0.0015 318 486 329 500
chair 0.0065 34 214 166 362
chair 0.0025 0 175 125 389
pottedplant 0.8615 2 1 300 358
pottedplant 0.0067 61 209 164 356
pottedplant 0.0035 1 85 160 356
pottedplant 0.0033 -1 200 154 399
pottedplant 0.0032 -4 0 247 219
pottedplant 0.0016 62 104 252 373
diningtable 0.0228 1 316 232 500
diningtable 0.0010 1 216 337 500
