person 0.0646 49 48 98 194
person 0.0228 52 50 88 119
person 0.0167 64 56 101 146
person 0.0069 69 54 102 223
person 0.0030 53 75 93 156
person 0.0027 492 92 499 121
person 0.0020 66 52 79 82
person 0.0020 51 72 71 120
person 0.0017 486 75 500 233
person 0.0014 60 44 100 111
person 0.0013 78 64 101 164
person 0.0013 62 54 81 98
person 0.0010 75 55 91 79
person 0.0010 51 126 91 187
bicycle 0.7154 61 120 317 276
bicycle 0.0158 480 124 500 228
bicycle 0.0055 238 35 287 95
bicycle 0.0054 259 91 414 202
bicycle 0.0017 144 110 295 248
car 0.0091 480 124 500 228
car 0.0037 492 92 499 121
motorbike 0.9912 259 96 415 211
motorbike 0.9816 64 119 328 274
motorbike 0.2543 480 124 500 228
motorbike 0.0071 144 110 295 248
motorbike 0.0028 484 165 500 234
motorbike 0.0028 237 34 288 96
bus 0.0024 -9 7 513 214
bus 0.0010 493 73 500 120
tvmonitor 0.0017 0 57 10 115
