person 0.2326 392 203 409 255
person 0.1916 480 170 491 185
person 0.0483 454 166 461 175
person 0.0183 459 165 466 174
person 0.0137 395 182 407 203
person 0.0129 391 182 409 216
person 0.0095 391 208 409 232
person 0.0089 451 158 457 169
person 0.0075 398 209 412 243
person 0.0070 492 164 499 178
person 0.0058 444 160 450 168
person 0.0055 446 165 453 173
person 0.0052 472 174 482 185
person 0.0047 388 184 413 253
person 0.0047 492 170 499 187
person 0.0046 402 210 410 227
person 0.0046 390 194 410 226
person 0.0037 474 165 482 178
person 0.0031 400 187 410 207
person 0.0028 476 167 495 189
person 0.0019 492 158 499 169
person 0.0019 460 160 465 168
person 0.0017 464 176 471 183
person 0.0017 397 219 414 255
person 0.0016 441 183 446 196
person 0.0014 436 157 441 166
person 0.0012 488 159 500 199
person 0.0012 436 174 442 185
person 0.0011 438 182 443 195
person 0.0010 398 190 412 230
person 0.0010 90 42 453 296
person 0.0010 399 181 412 205
car 0.0022 492 164 499 178
car 0.0015 480 170 491 185
car 0.0014 492 170 499 187
train 0.9941 80 40 433 297
train 0.0071 4 118 90 149
train 0.0010 0 167 14 256
