person 0.0160 0 151 58 238
person 0.0046 5 153 60 190
person 0.0014 113 95 302 227
car 0.0017 317 248 369 286
boat 0.0015 65 251 310 294
bird 0.0015 2 151 60 204
cat 0.0025 326 60 495 251
cat 0.0021 2 151 60 204
cat 0.0013 -1 145 56 266
dog 0.0023 2 153 61 223
bottle 0.0014 348 226 388 254
chair 0.0148 323 86 459 259
chair 0.0034 2 153 61 223
chair 0.0031 487 86 500 236
chair 0.0026 402 71 500 308
chair 0.0019 17 177 49 222
chair 0.0019 481 79 500 304
chair 0.0011 446 70 500 282
sofa 0.0012 402 71 500 308
pottedplant 0.5018 326 60 495 251
pottedplant 0.1218 -1 145 56 266
pottedplant 0.1188 -1 165 27 264
pottedplant 0.0260 103 63 336 219
pottedplant 0.0068 2 151 60 204
pottedplant 0.0055 0 206 20 297
pottedplant 0.0049 411 63 498 247
pottedplant 0.0034 369 57 466 91
pottedplant 0.0028 107 89 149 229
pottedplant 0.0023 0 218 23 260
pottedplant 0.0022 328 60 495 129
pottedplant 0.0021 1 209 96 271
pottedplant 0.0020 0 126 24 234
pottedplant 0.0018 89 94 187 230
pottedplant 0.0017 0 165 13 235
pottedplant 0.0016 223 78 353 234
pottedplant 0.0015 439 88 499 295
pottedplant 0.0015 1 193 51 309
pottedplant 0.0012 0 250 21 300
pottedplant 0.0012 118 71 331 128
pottedplant 0.0010 -2 124 104 281
pottedplant 0.0010 480 91 500 225
diningtable 0.0252 21 236 479 316
diningtable 0.0061 73 250 320 295
diningtable 0.0028 11 147 492 326
tvmonitor 0.9861 138 101 301 229
tvmonitor 0.0406 323 86 459 259
tvmonitor 0.0074 0 103 47 180
tvmonitor 0.0030 480 91 500 225
tvmonitor 0.0025 54 50 370 283
tvmonitor 0.0019 0 112 112 222
tvmonitor 0.0019 23 90 318 236
tvmonitor 0.0017 1 209 96 271
tvmonitor 0.0013 99 119 328 268
tvmonitor 0.0010 402 71 500 308
