bicycle 0.9909 44 147 286 290
bicycle 0.0207 167 131 299 211
bicycle 0.0064 172 163 288 244
bicycle 0.0029 84 128 264 241
bicycle 0.0017 146 139 300 264
motorbike 0.0089 40 120 291 291
bird 0.0012 150 104 164 117
bottle 0.0042 207 221 220 267
bottle 0.0041 176 223 195 241
bottle 0.0020 171 220 201 247
bottle 0.0012 153 178 166 200
chair 0.0053 210 154 300 246
chair 0.0020 196 123 228 172
chair 0.0018 213 166 290 205
chair 0.0017 292 101 317 152
chair 0.0016 221 100 308 152
chair 0.0015 203 125 227 152
chair 0.0012 199 129 305 203
sofa 0.0013 199 121 304 238
pottedplant 0.8562 199 129 305 203
pottedplant 0.1604 213 166 290 205
pottedplant 0.0555 246 138 301 197
pottedplant 0.0171 210 154 300 246
pottedplant 0.0111 220 173 273 200
pottedplant 0.0096 251 160 295 196
pottedplant 0.0071 201 134 267 183
pottedplant 0.0054 271 134 298 149
pottedplant 0.0041 260 175 287 195
pottedplant 0.0030 152 127 306 238
pottedplant 0.0026 240 168 267 192
pottedplant 0.0021 115 157 164 184
pottedplant 0.0021 189 129 243 185
pottedplant 0.0021 227 187 296 246
pottedplant 0.0020 199 124 230 174
pottedplant 0.0020 31 119 287 290
pottedplant 0.0020 230 142 257 176
pottedplant 0.0017 203 125 227 152
pottedplant 0.0016 225 175 297 217
pottedplant 0.0014 204 152 267 200
pottedplant 0.0013 242 156 265 182
pottedplant 0.0012 268 134 300 159
pottedplant 0.0012 234 139 250 158
pottedplant 0.0010 232 117 302 172
pottedplant 0.0010 161 129 263 195
