person 0.9872 72 49 340 371
person 0.0245 126 0 191 57
person 0.0075 42 2 201 79
person 0.0012 6 123 96 240
person 0.0011 0 156 95 298
person 0.0010 0 220 7 316
bottle 0.0016 0 217 50 280
bottle 0.0012 45 149 79 192
bottle 0.0011 472 125 481 156
chair 0.4720 230 3 500 370
chair 0.2701 30 1 147 84
chair 0.0368 40 53 331 369
chair 0.0361 32 2 72 88
chair 0.0194 61 1 142 53
chair 0.0153 214 23 369 365
chair 0.0115 -3 1 72 135
chair 0.0074 213 -7 503 173
chair 0.0058 286 256 336 375
chair 0.0054 0 213 52 371
chair 0.0049 127 0 194 59
chair 0.0046 8 0 178 125
chair 0.0025 472 38 500 166
chair 0.0024 0 181 95 369
chair 0.0022 448 28 500 268
chair 0.0021 63 0 217 82
chair 0.0016 396 4 500 291
chair 0.0015 476 65 500 285
chair 0.0014 74 240 330 369
chair 0.0012 171 0 416 221
chair 0.0012 447 132 500 313
chair 0.0011 0 -4 47 100
chair 0.0010 233 -1 489 79
sofa 0.0111 213 -4 498 211
sofa 0.0016 229 -2 493 88
diningtable 0.0702 231 -1 497 313
diningtable 0.0172 234 0 504 73
diningtable 0.0027 44 55 327 368
diningtable 0.0024 -1 166 95 370
diningtable 0.0023 30 1 147 84
diningtable 0.0018 396 4 500 291
diningtable 0.0018 214 23 369 365
diningtable 0.0013 143 0 445 225
diningtable 0.0010 0 214 50 372
