car 0.0040 8 31 462 538
boat 0.0037 39 -2 430 487
dog 0.9830 74 8 328 421
chair 0.0072 1 47 468 529
chair 0.0034 -2 79 109 403
chair 0.0031 75 24 325 448
chair 0.0030 3 379 459 499
sofa 0.0245 1 47 468 529
sofa 0.0104 2 312 461 499
sofa 0.0013 2 445 459 499
sofa 0.0012 72 19 325 452
diningtable 0.0295 0 15 464 171
diningtable 0.0061 29 5 431 361
diningtable 0.0029 361 126 465 401
diningtable 0.0024 304 71 458 126
diningtable 0.0019 4 0 455 54
diningtable 0.0010 -2 79 109 403
diningtable 0.0010 297 48 462 455
