person 0.9982 4 -1 283 350
person 0.0022 48 76 271 254
person 0.0013 48 312 309 518
bottle 0.9971 254 204 349 499
chair 0.1083 3 20 284 375
chair 0.0184 50 134 336 357
chair 0.0129 0 124 56 247
chair 0.0059 149 138 221 259
chair 0.0049 -3 157 241 334
chair 0.0045 208 132 370 344
chair 0.0019 0 138 64 344
chair 0.0013 0 314 19 346
sofa 0.0063 15 126 372 374
diningtable 0.8941 -8 328 390 502
diningtable 0.0692 82 372 298 499
diningtable 0.0641 128 405 251 495
diningtable 0.0285 45 350 238 463
diningtable 0.0119 -5 147 393 517
diningtable 0.0020 326 402 375 500
diningtable 0.0020 203 132 381 313
diningtable 0.0018 249 403 373 499
diningtable 0.0013 0 130 55 146
diningtable 0.0011 150 339 320 490
diningtable 0.0010 2 327 162 505
