person 0.0034 28 0 39 12
person 0.0031 392 11 401 22
car 0.0163 0 11 47 44
car 0.0075 368 6 394 23
car 0.0057 0 16 26 36
car 0.0051 0 19 9 35
car 0.0037 26 1 62 14
car 0.0030 16 0 32 11
car 0.0030 91 14 108 24
car 0.0030 72 13 107 25
car 0.0028 93 18 104 28
car 0.0028 128 21 155 35
car 0.0024 28 0 39 12
car 0.0020 0 9 46 26
car 0.0018 359 8 441 25
car 0.0017 388 13 429 23
car 0.0016 392 11 401 22
car 0.0015 73 15 106 33
car 0.0014 0 0 31 15
car 0.0013 405 14 430 22
car 0.0013 -3 5 69 30
car 0.0010 334 2 404 26
car 0.0010 0 4 32 31
boat 0.0017 0 11 47 44
bird 0.0011 315 98 330 128
bird 0.0011 0 99 11 128
bird 0.0011 315 97 329 114
bottle 0.3798 304 102 327 159
bottle 0.2018 147 240 190 334
bottle 0.0193 311 99 329 146
bottle 0.0023 315 98 330 128
bottle 0.0018 285 96 347 178
bottle 0.0016 300 128 327 172
bottle 0.0013 289 140 341 178
chair 0.9886 330 34 488 247
chair 0.9328 145 77 212 129
chair 0.7291 -2 66 70 304
chair 0.0371 0 68 23 312
chair 0.0300 0 74 57 157
chair 0.0144 0 189 15 314
chair 0.0097 0 16 47 51
chair 0.0051 0 61 20 211
chair 0.0043 0 99 11 128
chair 0.0038 121 116 386 356
chair 0.0038 0 120 9 317
chair 0.0035 399 110 459 156
chair 0.0034 0 74 11 133
chair 0.0030 -1 85 53 217
chair 0.0026 0 88 12 174
chair 0.0024 0 1 59 154
chair 0.0023 0 56 16 139
chair 0.0016 0 114 29 191
chair 0.0011 143 100 210 141
chair 0.0011 71 14 107 34
chair 0.0010 93 18 104 28
pottedplant 0.0024 136 111 207 182
pottedplant 0.0021 -1 299 90 367
pottedplant 0.0015 0 99 11 128
pottedplant 0.0015 0 74 11 133
diningtable 0.8774 114 106 391 367
diningtable 0.0785 125 119 378 230
diningtable 0.0154 0 70 67 310
diningtable 0.0114 211 147 315 207
diningtable 0.0050 182 146 340 232
diningtable 0.0045 236 162 313 197
diningtable 0.0044 224 142 287 170
diningtable 0.0040 0 113 21 317
diningtable 0.0037 204 113 371 196
diningtable 0.0023 250 116 283 141
diningtable 0.0020 0 90 24 220
diningtable 0.0020 316 35 487 243
diningtable 0.0017 245 158 283 199
diningtable 0.0015 114 94 371 189
diningtable 0.0015 200 132 285 216
diningtable 0.0011 278 148 319 186
diningtable 0.0010 0 14 48 52
