person 0.8897 219 101 253 141
person 0.0089 157 79 449 287
person 0.0082 286 97 316 137
person 0.0026 204 91 276 149
person 0.0022 268 95 333 139
person 0.0012 299 98 363 133
person 0.0012 212 107 266 160
car 0.9930 170 89 475 289
car 0.8768 135 73 221 150
car 0.0040 207 100 248 144
car 0.0028 286 91 386 137
car 0.0025 133 69 191 104
car 0.0023 215 56 262 96
car 0.0023 184 117 209 131
car 0.0017 221 56 251 73
car 0.0016 187 47 256 82
car 0.0016 152 84 342 146
car 0.0015 121 60 299 156
car 0.0015 244 82 409 142
car 0.0013 186 51 260 106
car 0.0013 179 113 212 136
car 0.0013 133 54 230 118
pottedplant 0.0047 -1 71 59 239
