person 0.8597 87 203 98 232
person 0.6027 449 190 466 245
person 0.1101 455 201 470 243
person 0.0725 102 203 114 223
person 0.0518 179 205 198 221
person 0.0428 191 205 204 220
person 0.0369 308 206 317 215
person 0.0339 98 205 108 222
person 0.0209 458 203 469 224
person 0.0163 446 195 489 244
person 0.0132 449 187 460 219
person 0.0110 420 193 438 212
person 0.0100 311 206 334 215
person 0.0070 428 192 442 211
person 0.0067 468 205 499 242
person 0.0059 399 193 412 205
person 0.0056 96 210 104 225
person 0.0055 479 206 493 217
person 0.0047 322 206 339 215
person 0.0047 105 198 113 210
person 0.0047 95 200 111 224
person 0.0042 294 204 309 215
person 0.0041 451 194 475 233
person 0.0031 413 188 484 246
person 0.0025 350 186 501 245
person 0.0024 171 205 188 218
person 0.0020 200 206 217 218
person 0.0018 411 191 429 210
person 0.0017 65 208 78 217
person 0.0017 86 199 95 208
person 0.0017 215 208 236 216
person 0.0017 494 213 500 246
person 0.0015 228 208 244 217
person 0.0015 468 205 484 221
person 0.0013 443 191 455 232
person 0.0013 443 189 452 215
person 0.0013 431 189 466 246
person 0.0012 413 189 444 215
person 0.0012 391 192 410 205
person 0.0012 396 187 419 203
person 0.0012 415 201 439 220
person 0.0012 210 256 221 268
person 0.0011 111 204 128 216
person 0.0010 471 190 499 232
car 0.0834 342 186 494 247
car 0.0794 153 206 178 216
car 0.0306 228 208 244 217
car 0.0295 191 205 204 220
car 0.0291 204 207 227 217
car 0.0234 336 203 361 214
car 0.0231 200 206 217 218
car 0.0223 311 206 334 215
car 0.0220 179 205 198 221
car 0.0194 322 206 339 215
car 0.0170 215 208 236 216
car 0.0101 65 208 78 217
car 0.0090 98 205 108 222
car 0.0060 171 205 188 218
car 0.0057 280 205 305 216
car 0.0050 308 206 317 215
car 0.0045 86 200 98 229
car 0.0044 102 203 114 223
car 0.0036 467 202 501 243
car 0.0033 144 207 158 216
car 0.0032 189 204 225 219
car 0.0031 70 206 90 219
car 0.0027 234 208 251 217
car 0.0023 198 206 251 217
car 0.0022 302 204 341 215
car 0.0014 294 204 309 215
car 0.0013 163 204 193 219
car 0.0012 95 200 111 224
aeroplane 0.9583 73 87 428 219
bus 0.0015 350 186 501 245
bus 0.0010 153 206 178 216
bird 0.0040 482 94 489 100
pottedplant 0.0425 0 290 63 365
pottedplant 0.0016 1 296 189 371
