person 0.9958 134 47 388 335
person 0.9940 -2 12 135 335
person 0.9131 123 -1 193 202
person 0.3573 187 -2 231 96
person 0.0200 138 107 195 203
person 0.0158 127 4 189 113
person 0.0135 166 5 192 86
person 0.0099 167 122 201 202
person 0.0078 168 11 235 180
person 0.0075 188 3 231 49
person 0.0064 174 1 199 33
person 0.0056 175 1 198 95
person 0.0051 160 94 195 174
person 0.0046 158 8 203 106
person 0.0039 182 9 214 99
person 0.0030 158 77 205 202
person 0.0027 126 122 159 199
person 0.0023 142 123 175 201
person 0.0023 180 2 213 34
person 0.0021 105 -7 298 208
person 0.0017 52 0 204 198
person 0.0017 -10 -6 519 126
person 0.0016 0 78 7 247
person 0.0013 117 99 180 213
person 0.0012 135 8 177 73
person 0.0012 200 2 232 15
car 0.0159 -1 2 142 105
car 0.0107 0 -2 134 287
car 0.0068 230 -3 498 128
car 0.0040 122 38 396 328
car 0.0020 483 109 501 139
car 0.0015 480 83 500 149
car 0.0014 33 0 213 126
car 0.0014 118 -4 183 203
car 0.0010 -10 -6 519 126
aeroplane 0.0754 11 -6 499 127
aeroplane 0.0353 228 2 501 159
aeroplane 0.0116 122 38 396 328
aeroplane 0.0039 34 0 470 265
aeroplane 0.0020 0 2 179 329
bus 0.1065 213 0 503 122
bus 0.0589 0 2 179 329
bus 0.0352 0 -1 142 183
bus 0.0268 10 -11 498 135
bus 0.0257 135 39 414 324
bus 0.0146 118 -4 183 203
bus 0.0118 1 2 195 116
bus 0.0033 34 0 470 265
bus 0.0023 86 1 165 121
bus 0.0022 232 -13 485 243
bus 0.0017 55 -1 228 245
train 0.0357 213 0 503 122
train 0.0230 0 2 179 329
train 0.0120 122 38 396 328
train 0.0091 10 -11 498 135
train 0.0037 0 0 142 183
train 0.0023 118 -4 183 203
train 0.0023 1 2 195 116
train 0.0012 232 -13 485 243
train 0.0010 81 6 189 105
boat 0.0030 0 2 179 329
boat 0.0023 122 38 396 328
boat 0.0014 229 -3 499 127
bottle 0.0066 173 88 185 103
bottle 0.0016 169 86 188 144
