person 0.0080 377 212 387 250
person 0.0054 379 213 386 231
person 0.0026 381 213 396 231
person 0.0018 401 215 414 230
person 0.0010 402 208 408 217
horse 0.7637 228 215 277 259
horse 0.3219 214 215 255 259
horse 0.3099 213 217 236 259
horse 0.0401 270 242 282 257
horse 0.0237 249 239 275 257
horse 0.0193 381 213 396 231
horse 0.0174 401 215 414 230
horse 0.0172 230 215 257 248
horse 0.0125 388 214 405 231
horse 0.0103 249 216 276 249
horse 0.0098 408 222 424 232
horse 0.0090 377 212 387 250
horse 0.0078 379 213 386 231
horse 0.0072 410 217 423 230
horse 0.0056 399 223 419 232
horse 0.0051 274 243 285 256
horse 0.0040 381 218 394 238
horse 0.0028 394 211 421 232
horse 0.0028 380 216 438 249
horse 0.0026 402 208 408 217
horse 0.0025 307 212 397 248
horse 0.0023 247 217 294 259
horse 0.0023 212 240 223 257
horse 0.0022 390 222 404 232
horse 0.0018 232 238 258 258
horse 0.0016 384 220 431 239
horse 0.0016 445 227 498 362
horse 0.0013 162 209 330 259
horse 0.0013 214 237 233 259
horse 0.0011 445 241 498 308
horse 0.0011 376 214 399 244
horse 0.0010 378 204 415 237
