person 0.9859 10 10 498 384
person 0.0124 183 109 397 329
person 0.0016 436 246 501 363
person 0.0011 449 288 499 331
person 0.0010 439 179 501 288
cat 0.0013 449 288 499 331
bottle 0.1256 451 80 498 153
bottle 0.1254 470 164 500 199
bottle 0.0696 449 289 499 331
bottle 0.0188 426 116 469 166
bottle 0.0130 453 114 494 150
bottle 0.0099 419 68 496 171
bottle 0.0046 425 123 451 167
bottle 0.0044 476 66 500 131
bottle 0.0035 450 149 501 214
bottle 0.0032 472 108 500 214
bottle 0.0029 434 112 500 200
bottle 0.0027 416 283 497 341
bottle 0.0025 438 117 458 152
bottle 0.0018 468 162 500 230
bottle 0.0017 176 1 220 50
bottle 0.0016 444 117 467 153
bottle 0.0015 443 244 500 343
bottle 0.0015 458 174 494 209
bottle 0.0014 430 92 483 160
bottle 0.0013 433 105 460 148
bottle 0.0013 438 127 471 160
bottle 0.0010 465 159 500 281
bottle 0.0010 466 184 486 203
chair 0.0068 442 323 500 375
chair 0.0037 0 78 63 367
chair 0.0031 449 288 499 331
chair 0.0020 -1 18 442 379
chair 0.0015 470 325 501 374
chair 0.0013 408 189 502 317
chair 0.0012 401 251 500 360
sofa 0.0017 443 323 499 375
sofa 0.0010 432 290 501 372
pottedplant 0.1886 450 65 499 146
pottedplant 0.1362 476 66 500 131
pottedplant 0.0112 477 53 499 103
pottedplant 0.0102 418 60 497 171
pottedplant 0.0049 485 72 500 156
pottedplant 0.0034 485 63 500 112
pottedplant 0.0034 468 56 500 177
pottedplant 0.0029 450 110 496 155
pottedplant 0.0027 475 16 501 114
pottedplant 0.0022 489 97 500 133
tvmonitor 0.1878 439 179 501 288
tvmonitor 0.0616 183 109 397 329
tvmonitor 0.0603 249 145 338 284
tvmonitor 0.0369 13 34 494 390
tvmonitor 0.0168 408 189 502 317
tvmonitor 0.0108 465 159 500 281
tvmonitor 0.0097 236 156 395 303
tvmonitor 0.0021 218 93 504 353
tvmonitor 0.0019 435 76 500 305
tvmonitor 0.0014 449 288 499 331
tvmonitor 0.0012 469 161 500 228
tvmonitor 0.0012 444 194 499 351
