dog 0.0015 439 109 500 231
horse 0.0013 439 108 500 232
sheep 0.9957 22 134 216 271
sheep 0.9943 351 107 438 193
sheep 0.9919 193 111 364 247
sheep 0.9715 440 109 500 222
sheep 0.0336 150 138 219 258
sheep 0.0168 184 171 216 252
sheep 0.0126 211 115 355 159
sheep 0.0045 142 115 275 240
sheep 0.0043 222 111 428 213
sheep 0.0038 492 99 499 239
sheep 0.0033 491 118 500 140
sheep 0.0031 156 98 488 239
sheep 0.0030 475 123 500 223
sheep 0.0015 409 106 452 163
sheep 0.0015 493 108 500 137
sheep 0.0014 196 111 248 135
sheep 0.0014 438 117 452 143
sheep 0.0013 430 110 447 148
sheep 0.0013 173 100 480 174
sheep 0.0013 210 119 338 142
sheep 0.0013 381 104 445 176
sheep 0.0012 475 114 499 147
sheep 0.0012 66 114 359 273
sheep 0.0012 490 110 500 191
sheep 0.0011 286 121 374 187
sheep 0.0011 349 110 407 167
sheep 0.0010 288 124 356 138
cow 0.0070 12 135 213 278
cow 0.0028 440 109 500 231
cow 0.0024 191 115 368 257
