person 0.7697 11 0 312 179
person 0.0906 144 0 214 29
person 0.0535 154 0 235 46
person 0.0337 210 -1 298 23
person 0.0271 165 0 307 29
person 0.0237 142 -1 325 54
person 0.0205 86 427 373 500
person 0.0183 152 0 302 105
person 0.0130 291 0 375 23
person 0.0127 291 -1 326 17
person 0.0124 1 7 70 234
person 0.0111 51 0 256 48
person 0.0101 16 33 293 303
person 0.0101 221 0 279 12
person 0.0097 245 -1 292 14
person 0.0093 0 -1 65 111
person 0.0048 315 0 375 12
person 0.0047 30 0 286 98
person 0.0045 54 90 248 264
person 0.0044 56 0 225 28
person 0.0042 240 0 337 24
person 0.0038 5 2 148 241
person 0.0037 0 -3 33 107
person 0.0033 255 -1 323 16
person 0.0031 192 -1 360 92
person 0.0027 0 -1 137 108
person 0.0023 7 -9 353 436
person 0.0022 205 -1 312 46
person 0.0022 256 -1 283 12
person 0.0021 153 -1 229 15
person 0.0021 161 0 281 11
person 0.0018 119 -1 208 15
person 0.0018 335 0 376 8
person 0.0017 266 0 287 11
person 0.0016 353 0 376 7
person 0.0015 303 -1 348 16
person 0.0015 251 0 285 22
person 0.0014 282 0 317 22
person 0.0014 185 -2 360 188
person 0.0013 38 318 338 498
person 0.0012 0 0 46 59
person 0.0012 200 0 263 33
person 0.0012 132 0 227 90
person 0.0011 209 0 253 7
person 0.0011 157 8 210 54
bird 0.0010 142 427 371 499
cat 0.0018 138 426 371 500
dog 0.0161 86 427 373 500
sheep 0.0025 142 427 371 499
bottle 0.0180 291 0 325 17
bottle 0.0038 287 0 312 21
bottle 0.0027 289 0 343 22
bottle 0.0023 266 0 287 11
bottle 0.0014 256 -1 283 12
bottle 0.0012 235 -1 281 11
bottle 0.0011 303 -1 348 16
chair 0.7720 13 96 303 477
chair 0.3418 115 218 320 436
chair 0.1598 61 96 243 259
chair 0.0768 14 2 306 250
chair 0.0696 89 134 227 238
chair 0.0440 15 89 151 428
chair 0.0260 142 427 371 499
chair 0.0225 1 7 70 234
chair 0.0204 206 134 272 191
chair 0.0165 62 123 173 283
chair 0.0144 0 -5 22 110
chair 0.0129 134 0 319 182
chair 0.0105 4 65 232 366
chair 0.0098 291 -1 326 17
chair 0.0095 0 0 43 102
chair 0.0070 230 59 250 79
chair 0.0061 124 143 266 224
chair 0.0057 224 -1 284 24
chair 0.0055 5 2 148 241
chair 0.0053 294 -1 358 17
chair 0.0046 315 0 375 12
chair 0.0046 76 151 162 246
chair 0.0038 335 0 376 8
chair 0.0038 165 0 307 29
chair 0.0037 87 270 309 517
chair 0.0035 287 0 337 24
chair 0.0034 353 0 376 7
chair 0.0032 212 0 369 24
chair 0.0030 152 0 302 105
chair 0.0026 15 407 371 500
chair 0.0025 299 0 373 26
chair 0.0025 86 163 198 270
chair 0.0024 146 0 213 29
chair 0.0024 10 0 278 141
chair 0.0023 18 100 116 334
chair 0.0022 143 124 286 204
chair 0.0021 197 13 277 190
chair 0.0021 73 -4 366 433
chair 0.0017 170 11 260 154
chair 0.0017 133 150 210 227
chair 0.0016 142 -1 325 54
chair 0.0015 108 57 288 231
chair 0.0015 266 0 287 11
chair 0.0015 282 0 317 22
chair 0.0014 179 1 366 264
chair 0.0013 130 0 218 46
chair 0.0012 200 132 263 170
chair 0.0011 0 -1 137 108
chair 0.0011 175 226 331 372
chair 0.0010 200 0 263 33
chair 0.0010 255 -1 323 16
chair 0.0010 245 -1 292 14
sofa 0.0024 138 426 371 500
diningtable 0.5149 234 5 376 431
diningtable 0.0715 171 0 370 46
diningtable 0.0259 231 -1 373 185
diningtable 0.0218 182 -1 362 103
diningtable 0.0133 195 -1 355 24
diningtable 0.0068 221 0 279 12
diningtable 0.0046 291 0 375 23
diningtable 0.0038 211 0 289 25
diningtable 0.0028 299 1 372 42
diningtable 0.0024 199 -1 300 47
diningtable 0.0022 282 113 375 439
diningtable 0.0019 245 -1 292 14
diningtable 0.0019 27 0 317 178
diningtable 0.0018 192 0 270 32
diningtable 0.0015 179 1 366 264
diningtable 0.0014 292 -2 376 114
diningtable 0.0014 86 427 373 500
diningtable 0.0014 22 113 337 467
diningtable 0.0013 291 -1 326 17
diningtable 0.0011 197 0 309 176
diningtable 0.0010 116 217 346 458
diningtable 0.0010 297 122 373 297
