person 0.9817 223 11 501 373
person 0.9503 1 44 269 378
person 0.7856 0 140 82 255
person 0.6491 51 96 91 155
person 0.2767 0 115 33 151
person 0.1958 -1 116 34 202
person 0.1763 0 99 9 128
person 0.0872 37 124 53 141
person 0.0753 19 116 80 170
person 0.0712 6 129 39 155
person 0.0603 -1 97 31 136
person 0.0401 2 239 80 280
person 0.0317 0 111 9 155
person 0.0304 11 94 88 195
person 0.0303 5 116 36 137
person 0.0295 2 209 78 327
person 0.0290 0 99 13 146
person 0.0268 0 128 12 217
person 0.0220 38 120 67 147
person 0.0209 44 131 77 172
person 0.0199 0 144 25 250
person 0.0166 0 223 26 286
person 0.0151 0 204 26 262
person 0.0140 14 133 48 152
person 0.0133 -1 161 31 310
person 0.0130 0 110 11 177
person 0.0126 8 121 55 151
person 0.0086 -1 93 53 190
person 0.0077 14 126 49 146
person 0.0068 49 117 78 149
person 0.0065 0 150 8 212
person 0.0064 0 131 67 174
person 0.0062 0 94 12 121
person 0.0059 54 97 90 130
person 0.0057 0 174 6 211
person 0.0051 0 174 9 230
person 0.0050 423 106 502 212
person 0.0047 -2 247 75 300
person 0.0034 34 108 73 144
person 0.0030 441 162 469 187
person 0.0028 31 128 57 156
person 0.0027 0 95 24 120
person 0.0023 0 242 24 343
person 0.0020 426 102 501 333
person 0.0018 0 83 6 112
person 0.0018 0 197 10 227
person 0.0018 40 116 62 138
person 0.0017 0 242 31 275
person 0.0017 475 117 500 278
person 0.0017 -4 56 98 253
person 0.0016 -8 -4 511 302
person 0.0014 -1 233 16 284
person 0.0013 -1 247 52 348
person 0.0013 45 108 96 195
person 0.0010 0 187 25 238
person 0.0010 0 141 46 224
person 0.0010 0 180 45 264
bottle 0.0017 0 188 7 216
bottle 0.0013 0 200 9 224
chair 0.5316 -2 246 73 292
chair 0.1757 1 246 70 353
chair 0.0166 0 242 31 275
chair 0.0114 416 101 499 368
chair 0.0111 0 259 23 368
chair 0.0111 -1 254 54 323
chair 0.0076 0 226 25 320
chair 0.0071 227 210 268 228
chair 0.0071 0 202 81 316
chair 0.0063 419 107 499 210
chair 0.0048 0 128 12 217
chair 0.0045 0 282 9 371
chair 0.0042 0 252 31 304
chair 0.0039 234 185 270 218
chair 0.0038 -1 235 14 301
chair 0.0035 231 197 272 228
chair 0.0028 252 189 271 210
chair 0.0028 0 150 8 212
chair 0.0027 0 188 7 216
chair 0.0025 0 222 23 255
chair 0.0024 0 256 9 340
chair 0.0022 0 174 9 230
chair 0.0022 -1 234 45 269
chair 0.0020 0 272 49 378
chair 0.0018 0 318 6 373
chair 0.0017 -1 266 28 291
chair 0.0016 0 255 10 301
chair 0.0015 225 26 502 392
chair 0.0014 0 200 9 224
chair 0.0014 0 230 15 269
chair 0.0013 0 273 7 322
chair 0.0013 0 138 70 301
chair 0.0012 0 144 25 250
chair 0.0012 0 241 81 264
chair 0.0011 0 274 27 301
chair 0.0011 0 135 11 172
chair 0.0011 0 204 26 262
chair 0.0010 49 250 76 268
sofa 0.0029 1 216 502 372
sofa 0.0013 225 26 502 392
diningtable 0.2056 0 204 26 262
diningtable 0.0735 0 223 26 286
diningtable 0.0591 0 222 23 255
diningtable 0.0486 0 215 14 246
diningtable 0.0425 230 197 273 226
diningtable 0.0415 -1 227 16 250
diningtable 0.0369 0 144 66 322
diningtable 0.0358 226 209 268 229
diningtable 0.0292 -1 242 70 278
diningtable 0.0273 -1 236 28 265
diningtable 0.0190 0 205 11 239
diningtable 0.0172 234 185 270 218
diningtable 0.0153 0 230 15 269
diningtable 0.0150 -1 161 31 310
diningtable 0.0131 0 200 9 224
diningtable 0.0098 0 188 7 216
diningtable 0.0084 0 144 25 250
diningtable 0.0081 0 174 9 230
diningtable 0.0075 0 187 25 239
diningtable 0.0069 0 234 70 315
diningtable 0.0050 0 242 24 343
diningtable 0.0043 0 194 45 266
diningtable 0.0034 0 234 44 269
diningtable 0.0023 -1 235 14 301
diningtable 0.0015 1 216 502 372
diningtable 0.0015 0 135 11 172
diningtable 0.0014 0 139 10 206
diningtable 0.0014 9 48 306 374
diningtable 0.0012 -1 243 44 260
diningtable 0.0010 0 248 72 372
tvmonitor 0.9734 50 13 122 79
tvmonitor 0.0030 0 83 6 112
tvmonitor 0.0020 0 96 8 119
