person 0.9833 94 180 207 395
person 0.9750 191 221 224 332
person 0.9738 15 232 46 319
person 0.8992 237 229 278 313
person 0.7930 214 221 239 328
person 0.6654 85 221 111 329
person 0.6576 38 236 55 298
person 0.1270 0 247 4 280
person 0.1094 84 222 112 272
person 0.0622 0 245 5 303
person 0.0457 211 219 237 266
person 0.0413 48 191 235 326
person 0.0235 88 212 139 336
person 0.0213 84 224 126 298
person 0.0171 216 228 263 320
person 0.0149 0 246 15 303
person 0.0140 97 271 153 337
person 0.0132 39 240 54 271
person 0.0105 1 242 25 313
person 0.0093 221 230 236 262
person 0.0068 34 234 46 253
person 0.0056 30 231 50 300
person 0.0043 92 268 130 331
person 0.0038 34 239 48 287
person 0.0038 39 236 51 253
person 0.0035 100 198 276 359
person 0.0033 87 187 170 294
person 0.0030 192 221 209 245
person 0.0029 0 238 127 321
person 0.0026 17 232 39 256
person 0.0025 208 219 220 236
person 0.0025 5 128 269 309
person 0.0024 111 204 182 280
person 0.0023 39 264 55 302
person 0.0022 61 266 194 417
person 0.0021 261 235 278 273
person 0.0021 -10 166 279 414
person 0.0020 167 210 276 318
person 0.0020 214 236 233 272
person 0.0019 25 230 37 244
person 0.0018 237 230 280 261
person 0.0017 -5 207 149 345
person 0.0016 5 223 63 309
person 0.0016 64 223 130 365
person 0.0016 195 219 208 236
person 0.0016 256 234 278 297
person 0.0015 211 218 226 238
person 0.0015 -3 245 8 303
person 0.0015 111 270 157 314
person 0.0014 106 257 142 311
person 0.0014 1 278 18 305
person 0.0014 77 250 117 339
person 0.0013 31 230 44 245
person 0.0013 42 259 91 305
person 0.0012 100 223 113 245
person 0.0012 104 236 123 251
person 0.0011 101 233 124 256
person 0.0011 205 220 222 247
person 0.0011 16 236 40 272
person 0.0011 246 229 272 245
person 0.0010 31 231 48 258
bicycle 0.8514 61 266 194 417
bicycle 0.2720 234 273 265 319
bicycle 0.0608 1 268 17 302
bicycle 0.0598 236 240 278 325
bicycle 0.0404 38 237 56 305
bicycle 0.0401 93 186 209 399
bicycle 0.0264 233 291 248 315
bicycle 0.0238 101 267 154 339
bicycle 0.0215 55 281 81 301
bicycle 0.0182 86 269 175 357
bicycle 0.0153 92 268 130 331
bicycle 0.0145 49 270 86 301
bicycle 0.0123 39 264 55 302
bicycle 0.0106 43 271 71 300
bicycle 0.0105 46 282 66 301
bicycle 0.0092 214 266 244 323
bicycle 0.0066 63 273 88 297
bicycle 0.0065 1 242 25 313
bicycle 0.0064 113 283 182 349
bicycle 0.0061 233 271 249 316
bicycle 0.0058 239 287 275 316
bicycle 0.0051 234 297 266 322
bicycle 0.0048 79 292 114 345
bicycle 0.0044 15 232 46 319
bicycle 0.0044 79 283 93 300
bicycle 0.0043 128 320 180 360
bicycle 0.0042 247 276 270 309
bicycle 0.0041 85 247 140 350
bicycle 0.0035 123 310 186 391
bicycle 0.0033 217 230 240 331
bicycle 0.0032 214 239 264 326
bicycle 0.0031 13 279 20 304
bicycle 0.0027 147 318 177 344
bicycle 0.0026 59 272 128 407
bicycle 0.0025 108 276 220 403
bicycle 0.0025 82 254 112 335
bicycle 0.0025 31 270 81 312
bicycle 0.0022 60 341 120 414
bicycle 0.0022 249 269 269 297
bicycle 0.0021 0 258 5 306
bicycle 0.0021 0 269 22 317
bicycle 0.0020 43 244 287 413
bicycle 0.0019 52 261 82 289
bicycle 0.0018 57 266 79 284
bicycle 0.0017 64 333 161 415
bicycle 0.0017 133 287 173 336
bicycle 0.0017 203 274 238 330
bicycle 0.0016 238 268 262 301
bicycle 0.0015 184 242 274 343
bicycle 0.0015 69 267 82 282
bicycle 0.0015 41 246 70 300
bicycle 0.0015 9 274 25 311
bicycle 0.0015 12 271 22 296
bicycle 0.0015 92 280 115 325
bicycle 0.0014 230 284 269 337
bicycle 0.0014 263 261 278 305
bicycle 0.0014 196 277 224 330
bicycle 0.0013 73 278 97 305
bicycle 0.0011 107 280 124 325
bicycle 0.0011 190 280 209 325
bicycle 0.0011 10 268 55 319
bicycle 0.0010 49 258 63 290
bicycle 0.0010 82 272 92 297
bicycle 0.0010 1 290 17 310
bicycle 0.0010 0 238 127 321
bicycle 0.0010 179 259 237 333
car 0.0104 55 281 81 301
car 0.0031 49 270 86 301
car 0.0024 79 283 93 300
car 0.0023 232 267 270 319
car 0.0022 229 230 274 317
car 0.0020 45 281 67 301
car 0.0013 63 273 88 297
car 0.0010 214 239 264 326
motorbike 0.0503 234 273 265 319
motorbike 0.0064 0 268 17 302
motorbike 0.0062 229 230 274 317
motorbike 0.0043 61 282 190 416
motorbike 0.0017 214 266 244 323
motorbike 0.0017 231 289 251 316
motorbike 0.0011 38 237 56 305
bottle 0.0047 153 321 175 339
bottle 0.0020 132 334 154 346
bottle 0.0017 130 321 178 359
bottle 0.0012 137 317 172 346
chair 0.0045 140 290 165 310
chair 0.0029 133 287 173 336
chair 0.0015 113 283 182 349
chair 0.0011 77 304 118 356
