person 0.0150 482 179 500 332
person 0.0021 392 175 501 352
person 0.0018 443 163 501 348
person 0.0016 484 80 500 312
person 0.0011 66 182 373 361
bottle 0.6640 0 80 48 105
bottle 0.2184 0 83 31 103
bottle 0.0544 0 135 4 175
bottle 0.0174 17 78 48 100
bottle 0.0148 0 85 9 104
bottle 0.0113 0 31 13 51
bottle 0.0088 18 146 42 167
bottle 0.0072 117 214 141 247
bottle 0.0066 0 132 3 159
bottle 0.0064 56 47 77 93
bottle 0.0062 190 212 206 245
bottle 0.0054 195 176 222 218
bottle 0.0042 50 185 496 367
bottle 0.0040 0 96 7 111
bottle 0.0027 3 143 18 162
bottle 0.0027 5 134 45 156
bottle 0.0026 369 272 410 347
bottle 0.0024 0 114 6 179
bottle 0.0023 310 260 365 356
bottle 0.0022 29 4 77 45
bottle 0.0020 183 4 194 32
bottle 0.0020 188 4 201 32
bottle 0.0018 205 12 223 31
bottle 0.0018 124 206 152 251
bottle 0.0017 202 2 236 80
bottle 0.0016 344 219 379 248
bottle 0.0015 240 96 249 137
bottle 0.0014 375 241 405 279
bottle 0.0014 17 31 37 49
bottle 0.0013 0 35 21 53
bottle 0.0012 197 36 219 78
bottle 0.0012 145 240 178 302
bottle 0.0012 2 132 47 174
bottle 0.0011 225 2 245 37
bottle 0.0011 183 88 196 126
bottle 0.0010 0 76 7 102
bottle 0.0010 229 42 241 77
bottle 0.0010 0 97 7 130
bottle 0.0010 196 86 216 127
chair 0.9974 239 146 349 216
chair 0.9927 75 110 178 215
chair 0.9870 352 177 472 273
chair 0.3114 483 206 500 338
chair 0.2420 0 214 34 375
chair 0.0814 0 143 27 329
chair 0.0430 484 114 500 318
chair 0.0406 -1 327 35 374
chair 0.0392 0 146 47 367
chair 0.0347 490 158 500 305
chair 0.0232 484 234 500 303
chair 0.0163 472 184 500 326
chair 0.0153 0 294 41 378
chair 0.0141 0 144 13 298
chair 0.0126 0 229 101 371
chair 0.0101 438 180 500 353
chair 0.0098 0 219 11 318
chair 0.0074 0 266 9 367
chair 0.0071 489 265 500 349
chair 0.0056 0 204 44 315
chair 0.0052 488 210 499 271
chair 0.0048 -1 107 91 366
chair 0.0039 490 284 500 331
chair 0.0037 494 131 499 293
chair 0.0033 0 299 107 373
chair 0.0031 426 302 500 335
chair 0.0029 494 203 500 257
chair 0.0026 425 285 501 352
chair 0.0022 475 38 500 315
chair 0.0022 267 194 296 254
chair 0.0021 0 61 20 301
chair 0.0020 344 191 477 334
chair 0.0019 496 198 500 244
chair 0.0019 456 218 499 338
chair 0.0018 0 286 7 347
chair 0.0016 481 297 500 369
chair 0.0016 0 247 7 308
chair 0.0016 0 117 7 287
chair 0.0015 -1 351 35 376
chair 0.0013 47 164 219 293
chair 0.0013 391 239 433 277
chair 0.0013 -23 187 465 364
chair 0.0013 0 333 10 376
chair 0.0012 475 236 500 356
chair 0.0012 411 308 500 371
chair 0.0012 0 268 4 327
chair 0.0011 491 333 500 375
chair 0.0010 0 286 16 366
sofa 0.0013 483 206 500 338
sofa 0.0012 228 146 345 216
pottedplant 0.0063 203 10 225 31
pottedplant 0.0040 54 47 76 93
pottedplant 0.0037 30 5 78 45
pottedplant 0.0033 0 138 5 185
diningtable 0.9658 22 181 494 371
diningtable 0.2486 185 266 298 337
diningtable 0.0016 310 260 365 356
diningtable 0.0014 482 179 500 332
diningtable 0.0014 69 190 337 355
