person 0.0026 0 256 21 328
car 0.0374 0 334 81 499
car 0.0042 1 259 74 338
car 0.0036 6 320 368 498
car 0.0019 279 353 375 500
car 0.0010 0 262 41 332
bird 0.0042 233 281 260 322
bottle 0.1241 80 3 287 495
chair 0.0165 -1 333 80 499
chair 0.0049 280 353 374 500
chair 0.0038 38 265 76 333
chair 0.0017 0 264 79 334
sofa 0.0020 -1 333 80 499
diningtable 0.0470 6 320 368 498
diningtable 0.0279 0 334 81 500
diningtable 0.0066 74 41 293 513
diningtable 0.0030 -2 447 375 500
diningtable 0.0026 61 366 293 502
diningtable 0.0025 0 327 79 386
diningtable 0.0024 280 353 374 500
