person 0.8641 294 124 349 270
person 0.0555 268 139 335 255
person 0.0205 264 160 296 201
person 0.0161 249 120 399 271
person 0.0080 266 157 300 230
person 0.0047 221 142 251 182
person 0.0044 95 126 410 279
person 0.0041 274 145 312 239
person 0.0032 210 142 239 182
person 0.0029 190 136 365 265
person 0.0016 303 144 344 202
person 0.0014 320 130 357 257
person 0.0013 228 149 259 180
person 0.0013 263 177 290 199
car 0.9931 83 129 396 277
car 0.0097 291 126 353 267
car 0.0024 249 120 399 271
car 0.0012 190 136 365 265
sheep 0.0015 143 96 153 109
