person 0.0023 96 328 138 373
person 0.0013 268 242 409 310
person 0.0012 0 298 59 373
person 0.0010 0 265 21 323
person 0.0010 363 123 501 282
car 0.0330 26 205 481 381
car 0.0016 73 158 505 299
cat 0.9848 180 140 292 199
cat 0.0051 281 241 399 311
cat 0.0042 96 328 138 373
cat 0.0037 119 270 161 305
cat 0.0029 191 271 236 308
cat 0.0021 145 246 225 294
cat 0.0017 61 60 443 315
cat 0.0016 48 168 462 286
cat 0.0016 143 127 354 242
cat 0.0014 116 268 201 305
dog 0.0188 96 328 138 373
dog 0.0121 180 138 291 195
dog 0.0045 2 286 135 376
dog 0.0031 120 272 160 303
dog 0.0028 268 242 409 309
dog 0.0018 6 268 57 313
dog 0.0015 366 137 499 319
dog 0.0013 116 268 201 305
dog 0.0011 192 271 235 308
dog 0.0011 0 298 59 373
sheep 0.0014 31 268 58 313
cow 0.0031 6 268 57 313
cow 0.0021 96 328 138 373
chair 0.0023 6 235 93 358
chair 0.0015 365 136 499 320
chair 0.0013 0 268 58 313
sofa 0.0041 26 205 481 381
sofa 0.0022 -3 235 129 374
sofa 0.0011 0 267 58 314
tvmonitor 0.0020 35 178 474 363
