person 0.7300 462 169 474 194
person 0.0719 466 173 486 193
person 0.0514 462 167 473 183
person 0.0465 218 125 254 165
person 0.0256 296 122 312 165
person 0.0238 301 109 330 154
person 0.0222 477 178 487 193
person 0.0213 279 108 312 154
person 0.0177 218 130 237 158
person 0.0134 219 121 236 148
person 0.0133 217 141 238 164
person 0.0112 240 131 267 161
person 0.0105 220 119 248 151
person 0.0067 466 166 483 185
person 0.0062 297 123 326 165
person 0.0061 238 109 273 155
person 0.0050 281 122 316 165
person 0.0047 39 67 340 272
person 0.0042 104 126 114 146
person 0.0036 295 106 310 147
person 0.0029 224 114 264 157
person 0.0026 479 183 486 195
person 0.0025 259 108 303 152
person 0.0025 191 118 204 149
person 0.0024 459 164 476 189
person 0.0018 237 145 255 163
person 0.0018 366 86 374 94
person 0.0016 367 89 374 96
person 0.0015 356 86 364 94
person 0.0013 351 207 355 232
person 0.0013 355 90 363 96
person 0.0013 261 127 303 163
person 0.0011 492 166 499 197
person 0.0010 273 125 293 164
person 0.0010 234 121 258 150
bicycle 0.0082 466 173 486 193
bicycle 0.0029 462 169 474 194
bicycle 0.0026 477 178 487 193
bicycle 0.0025 467 183 487 196
bicycle 0.0024 463 184 473 194
bicycle 0.0020 479 183 486 195
car 0.0033 351 204 355 224
car 0.0031 466 173 486 193
car 0.0018 477 178 487 193
motorbike 0.0039 466 173 486 193
motorbike 0.0027 462 169 474 194
aeroplane 0.0010 7 12 22 24
bus 0.9990 60 69 354 270
bird 0.0037 7 12 22 24
bird 0.0025 7 46 15 54
bird 0.0010 5 11 23 50
chair 0.0042 466 173 486 193
chair 0.0020 477 178 487 193
