person 0.9833 140 97 181 146
person 0.9793 308 71 339 117
person 0.9756 88 58 126 148
person 0.7989 231 83 276 111
person 0.7252 67 71 99 157
person 0.4713 247 122 275 149
person 0.2444 232 82 275 149
person 0.1125 237 120 278 157
person 0.0536 484 98 492 107
person 0.0129 71 71 97 101
person 0.0121 304 129 339 149
person 0.0121 230 90 261 113
person 0.0117 271 124 295 142
person 0.0110 67 67 123 170
person 0.0097 300 129 321 151
person 0.0064 181 89 314 159
person 0.0060 488 99 499 108
person 0.0055 84 78 98 146
person 0.0049 255 94 274 111
person 0.0042 229 126 264 155
person 0.0041 242 128 276 175
person 0.0036 83 105 427 253
person 0.0031 104 62 132 146
person 0.0029 129 103 155 145
person 0.0026 200 135 214 149
person 0.0024 219 83 256 111
person 0.0023 232 99 257 124
person 0.0023 202 112 282 160
person 0.0023 226 92 246 113
person 0.0021 299 125 312 143
person 0.0021 214 94 234 114
person 0.0019 297 121 343 157
person 0.0019 251 120 301 153
person 0.0018 73 78 90 146
person 0.0018 215 130 256 154
person 0.0017 93 96 124 148
person 0.0017 185 132 300 174
person 0.0015 291 123 318 146
person 0.0014 273 122 312 144
person 0.0014 253 102 274 145
person 0.0014 214 85 259 141
person 0.0013 295 127 315 153
person 0.0013 217 132 271 169
person 0.0013 239 98 270 126
person 0.0013 466 96 484 107
person 0.0012 131 97 227 147
person 0.0012 226 132 245 150
person 0.0012 236 127 283 221
person 0.0011 182 115 263 152
person 0.0011 111 96 145 147
person 0.0011 114 67 131 101
person 0.0011 198 77 286 131
person 0.0010 204 119 347 155
person 0.0010 321 127 341 144
bicycle 0.0097 61 141 80 166
bicycle 0.0041 54 144 79 210
bicycle 0.0029 52 133 91 173
bicycle 0.0023 61 125 100 180
bicycle 0.0021 66 85 96 179
bicycle 0.0016 1 135 84 169
bicycle 0.0016 120 49 136 79
bicycle 0.0014 102 34 142 87
bicycle 0.0011 69 140 93 160
bicycle 0.0010 107 59 141 104
car 0.9852 60 107 430 248
car 0.0050 169 116 238 149
car 0.0044 117 101 364 215
car 0.0042 214 94 234 114
car 0.0042 214 121 276 156
car 0.0034 136 111 185 149
car 0.0028 117 65 137 104
car 0.0024 484 98 492 107
car 0.0022 488 99 499 108
car 0.0021 156 116 290 152
car 0.0014 187 121 329 231
car 0.0011 87 56 129 139
car 0.0010 161 76 234 109
bus 0.0027 83 105 427 253
bird 0.0032 484 98 492 107
bottle 0.0029 484 98 492 107
chair 0.4363 130 107 146 144
chair 0.0116 457 95 474 108
chair 0.0115 141 116 156 145
chair 0.0099 124 108 140 143
chair 0.0060 128 111 156 149
chair 0.0051 131 108 144 124
chair 0.0045 138 112 184 149
chair 0.0040 134 102 167 146
chair 0.0040 453 83 477 108
chair 0.0031 214 94 234 114
chair 0.0029 451 93 462 108
chair 0.0024 466 96 484 107
chair 0.0015 385 171 445 301
chair 0.0015 484 98 492 107
chair 0.0014 111 96 145 147
chair 0.0012 87 65 125 158
chair 0.0011 126 105 136 126
diningtable 0.0014 130 107 146 144
tvmonitor 0.0012 130 107 146 144
