person 0.3864 165 217 494 331
person 0.1053 8 -9 504 331
person 0.0770 441 -9 500 334
person 0.0318 156 85 505 327
person 0.0202 365 10 499 303
person 0.0167 445 147 499 329
person 0.0060 469 -7 500 321
person 0.0012 389 145 500 328
dog 0.9884 -1 89 402 328
chair 0.0202 444 133 500 335
chair 0.0096 8 -9 504 331
chair 0.0046 452 -3 499 316
chair 0.0020 405 5 500 307
chair 0.0013 467 0 501 37
sofa 0.3341 8 -9 504 331
sofa 0.0560 441 -9 500 334
sofa 0.0387 445 147 499 329
sofa 0.0087 20 213 483 329
sofa 0.0032 365 10 499 303
sofa 0.0029 469 -7 500 321
sofa 0.0027 154 85 506 326
sofa 0.0020 389 145 500 328
sofa 0.0011 -5 104 380 352
