bicycle 0.0010 468 15 500 61
car 0.0422 359 2 500 66
car 0.0013 442 1 501 57
bottle 0.0112 157 175 179 205
bottle 0.0051 161 131 176 153
bottle 0.0035 155 171 164 195
bottle 0.0033 169 177 181 202
bottle 0.0023 152 177 167 203
bottle 0.0016 170 173 185 195
bottle 0.0014 148 164 172 204
bottle 0.0010 136 175 181 205
chair 0.9812 251 152 306 192
chair 0.9574 355 173 434 235
chair 0.9527 69 144 146 169
chair 0.9427 8 236 157 374
chair 0.9313 208 118 267 164
chair 0.8275 304 280 479 374
chair 0.8011 16 168 113 301
chair 0.1827 16 173 53 247
chair 0.1120 17 173 85 250
chair 0.0563 28 312 153 372
chair 0.0451 12 230 122 320
chair 0.0228 452 278 499 375
chair 0.0212 17 172 54 212
chair 0.0134 382 269 482 370
chair 0.0131 0 116 14 238
chair 0.0102 69 140 473 372
chair 0.0069 0 158 10 245
chair 0.0069 152 140 243 171
chair 0.0063 0 96 6 232
chair 0.0045 304 332 396 374
chair 0.0040 2 128 61 229
chair 0.0040 349 179 460 344
chair 0.0037 96 153 165 177
chair 0.0037 298 170 308 194
chair 0.0034 161 130 176 152
chair 0.0033 209 120 264 143
chair 0.0030 30 147 162 232
chair 0.0027 35 196 89 263
chair 0.0024 10 160 75 185
chair 0.0024 41 228 119 294
chair 0.0023 150 131 272 179
chair 0.0022 468 322 500 374
chair 0.0022 492 265 500 370
chair 0.0021 262 308 398 369
chair 0.0020 18 139 189 373
chair 0.0018 0 116 4 171
chair 0.0017 21 189 46 233
chair 0.0017 474 215 500 370
chair 0.0016 109 160 154 183
chair 0.0015 221 143 250 164
chair 0.0014 0 137 5 208
chair 0.0014 251 211 465 373
chair 0.0013 167 134 183 152
chair 0.0013 0 155 64 286
chair 0.0013 207 153 316 201
chair 0.0013 0 100 4 150
chair 0.0013 0 79 6 171
chair 0.0012 151 152 168 174
chair 0.0012 44 231 102 271
chair 0.0012 8 236 58 377
chair 0.0011 8 154 77 174
chair 0.0010 107 145 310 237
chair 0.0010 0 118 15 352
chair 0.0010 185 141 374 244
sofa 0.0019 0 111 8 234
sofa 0.0014 4 236 145 375
sofa 0.0014 69 144 146 169
diningtable 0.9635 46 143 455 370
diningtable 0.0454 152 140 243 171
diningtable 0.0072 116 132 402 298
diningtable 0.0042 107 145 310 237
diningtable 0.0037 105 158 231 221
diningtable 0.0026 124 173 209 208
diningtable 0.0025 207 120 268 166
diningtable 0.0025 150 131 272 179
diningtable 0.0022 187 165 368 267
diningtable 0.0022 165 210 261 255
diningtable 0.0012 138 167 192 201
diningtable 0.0011 227 176 326 220
diningtable 0.0011 132 148 271 199
diningtable 0.0011 242 183 342 292
diningtable 0.0010 111 160 161 183
diningtable 0.0010 172 126 263 164
