person 0.9635 1 206 161 334
person 0.6019 178 46 251 195
person 0.5637 358 78 382 144
person 0.2611 459 166 477 229
person 0.1616 442 181 462 246
person 0.1301 130 103 166 133
person 0.0836 370 68 392 143
person 0.0669 441 178 465 284
person 0.0594 455 166 484 258
person 0.0568 474 169 493 229
person 0.0418 451 173 491 291
person 0.0387 461 162 474 202
person 0.0331 363 74 378 98
person 0.0304 477 159 499 266
person 0.0282 462 184 485 235
person 0.0239 447 178 463 222
person 0.0205 374 72 390 115
person 0.0189 7 44 482 341
person 0.0165 248 75 280 155
person 0.0154 0 91 134 162
person 0.0134 361 73 380 114
person 0.0124 443 152 469 248
person 0.0117 176 32 255 347
person 0.0102 452 176 463 207
person 0.0099 491 189 500 286
person 0.0096 443 179 457 223
person 0.0094 444 116 500 296
person 0.0094 456 201 496 274
person 0.0076 253 75 280 109
person 0.0076 369 55 392 111
person 0.0069 480 164 488 180
person 0.0064 0 83 136 327
person 0.0064 477 158 491 205
person 0.0063 123 60 310 330
person 0.0061 376 58 395 133
person 0.0060 350 57 400 145
person 0.0053 222 72 250 162
person 0.0050 335 74 382 151
person 0.0049 476 210 500 299
person 0.0049 26 89 143 133
person 0.0047 493 210 500 265
person 0.0046 145 40 356 227
person 0.0046 234 61 284 294
person 0.0039 487 159 500 261
person 0.0039 477 198 491 239
person 0.0032 458 200 478 238
person 0.0031 428 155 482 281
person 0.0030 224 86 243 139
person 0.0030 462 156 486 226
person 0.0029 457 93 473 117
person 0.0026 212 47 257 194
person 0.0026 200 53 272 295
person 0.0025 68 87 134 122
person 0.0025 125 68 165 131
person 0.0022 394 109 499 301
person 0.0021 320 54 420 195
person 0.0020 463 161 472 183
person 0.0020 435 189 475 308
person 0.0020 467 166 499 301
person 0.0018 2 72 167 199
person 0.0018 218 53 254 292
person 0.0018 447 84 471 119
person 0.0017 491 115 500 247
person 0.0017 439 206 457 268
person 0.0016 258 68 284 135
person 0.0016 228 45 239 84
person 0.0015 244 43 281 114
person 0.0015 468 173 481 207
person 0.0015 228 57 242 92
person 0.0015 455 172 463 193
person 0.0014 463 203 486 253
person 0.0014 457 132 493 229
person 0.0014 495 106 500 141
person 0.0013 215 33 445 298
person 0.0013 363 56 379 95
person 0.0013 477 37 500 273
person 0.0013 489 182 500 238
person 0.0013 448 11 499 264
person 0.0012 305 77 372 155
person 0.0011 461 99 472 121
person 0.0011 373 101 390 143
person 0.0011 304 85 333 143
person 0.0011 493 234 500 298
person 0.0011 0 95 4 110
person 0.0011 257 71 286 203
person 0.0011 474 117 493 128
person 0.0010 354 85 371 139
person 0.0010 307 24 501 304
bus 0.0235 3 -41 497 319
bus 0.0010 174 41 258 285
train 0.8487 15 -8 479 339
train 0.0101 444 116 500 296
train 0.0090 174 41 258 285
train 0.0027 477 14 500 260
train 0.0027 458 163 483 234
train 0.0024 475 46 500 153
train 0.0017 446 24 500 246
train 0.0017 380 26 500 300
train 0.0014 145 40 356 227
train 0.0013 228 18 506 313
train 0.0011 474 160 496 236
