person 0.4485 391 154 410 181
person 0.2563 439 143 457 176
person 0.1973 398 148 414 178
person 0.1919 110 137 129 165
person 0.1388 107 135 143 171
person 0.1337 296 157 315 182
person 0.0832 421 142 435 163
person 0.0818 415 144 426 161
person 0.0642 372 163 386 180
person 0.0559 383 148 399 177
person 0.0457 333 148 348 170
person 0.0343 332 163 348 181
person 0.0261 279 156 293 184
person 0.0257 302 148 318 176
person 0.0207 344 162 355 181
person 0.0188 447 143 460 176
person 0.0184 360 164 376 181
person 0.0184 324 148 337 171
person 0.0171 362 147 378 174
person 0.0166 370 148 387 176
person 0.0165 381 148 413 178
person 0.0153 403 144 414 160
person 0.0143 426 142 448 163
person 0.0130 323 140 336 164
person 0.0127 212 155 219 170
person 0.0124 326 163 338 181
person 0.0119 280 151 292 171
person 0.0114 491 171 500 210
person 0.0108 342 148 355 174
person 0.0105 358 164 368 181
person 0.0104 492 163 500 199
person 0.0101 418 146 435 171
person 0.0098 391 146 403 160
person 0.0098 412 146 427 173
person 0.0094 105 141 120 163
person 0.0093 430 147 447 170
person 0.0084 17 155 29 166
person 0.0081 425 135 433 149
person 0.0077 298 152 313 174
person 0.0072 104 146 122 170
person 0.0067 112 132 162 172
person 0.0066 317 140 330 163
person 0.0065 309 143 333 179
person 0.0063 235 162 247 194
person 0.0058 295 152 328 183
person 0.0054 61 95 464 284
person 0.0051 93 135 106 152
person 0.0049 322 145 353 179
person 0.0046 362 143 376 163
person 0.0045 280 137 292 164
person 0.0041 211 157 219 177
person 0.0040 392 147 423 177
person 0.0039 313 157 330 183
person 0.0039 492 161 500 180
person 0.0038 346 170 356 183
person 0.0037 388 145 396 161
person 0.0035 280 169 292 185
person 0.0035 83 139 96 159
person 0.0033 115 128 140 158
person 0.0033 90 139 109 158
person 0.0030 296 173 314 183
person 0.0028 440 134 453 150
person 0.0027 60 163 67 176
person 0.0026 355 146 368 176
person 0.0025 283 171 298 184
person 0.0025 282 149 298 173
person 0.0024 123 136 152 167
person 0.0021 357 146 392 178
person 0.0021 415 143 451 174
person 0.0020 339 158 359 182
person 0.0020 438 157 454 179
person 0.0019 343 143 355 163
person 0.0019 103 129 120 155
person 0.0019 259 162 269 179
person 0.0018 94 136 126 170
person 0.0018 415 136 425 150
person 0.0017 398 140 419 165
person 0.0017 357 138 368 165
person 0.0016 390 143 406 163
person 0.0015 305 141 319 163
person 0.0015 199 156 217 184
person 0.0015 370 143 385 163
person 0.0014 417 163 435 179
person 0.0013 259 164 269 192
person 0.0013 280 144 316 179
person 0.0013 108 147 129 190
person 0.0013 0 173 9 203
person 0.0013 292 142 341 182
person 0.0013 400 133 413 151
person 0.0012 121 122 176 180
person 0.0012 492 155 500 169
person 0.0011 469 37 479 48
person 0.0011 463 37 472 49
person 0.0010 65 58 452 208
person 0.0010 322 159 343 183
person 0.0010 88 131 112 155
person 0.0010 110 120 128 145
car 0.8103 37 174 67 197
car 0.6884 490 182 500 212
car 0.6843 5 169 39 193
car 0.1255 17 155 29 166
car 0.0959 23 151 66 166
car 0.0836 19 166 69 192
car 0.0445 1 175 31 199
car 0.0298 10 176 57 199
car 0.0214 16 157 67 184
car 0.0204 18 181 48 196
car 0.0169 492 163 500 199
car 0.0164 0 166 11 195
car 0.0140 10 155 24 167
car 0.0101 492 161 500 180
car 0.0099 0 173 9 203
car 0.0065 5 164 23 178
car 0.0052 49 171 70 193
car 0.0048 33 147 68 161
car 0.0046 60 163 67 176
car 0.0037 492 155 500 169
car 0.0035 1 155 29 189
car 0.0034 40 160 67 178
car 0.0032 -2 146 68 202
car 0.0031 56 154 68 168
car 0.0031 0 158 9 182
car 0.0026 473 158 499 167
car 0.0024 6 150 27 169
car 0.0022 9 160 37 180
car 0.0020 0 147 8 175
car 0.0018 474 171 500 209
car 0.0017 0 181 7 212
car 0.0017 17 149 29 158
car 0.0016 473 160 500 179
car 0.0013 -1 168 36 207
car 0.0012 41 166 79 195
car 0.0010 471 160 501 196
motorbike 0.0017 490 182 500 212
bus 0.9969 58 61 469 275
bus 0.0134 23 151 66 166
bus 0.0029 16 157 67 184
bus 0.0023 492 161 500 200
bus 0.0022 19 166 69 192
bus 0.0020 492 161 500 180
bus 0.0016 473 155 500 203
bus 0.0015 16 146 71 174
bus 0.0010 492 155 500 169
boat 0.0218 23 151 66 166
boat 0.0048 16 157 67 184
chair 0.0011 417 163 435 179
pottedplant 0.0044 492 161 500 180
pottedplant 0.0023 473 160 500 179
pottedplant 0.0015 466 116 485 166
pottedplant 0.0012 471 160 500 199
pottedplant 0.0011 492 163 500 199
