person 0.6596 401 14 429 65
person 0.0066 401 26 419 65
person 0.0044 378 10 448 78
person 0.0043 382 11 405 74
person 0.0023 408 13 442 61
person 0.0014 417 14 433 59
person 0.0010 436 15 452 63
bicycle 0.0033 275 145 364 207
train 0.0018 -1 -2 53 118
dog 0.9915 162 86 275 276
dog 0.0028 278 146 364 204
bottle 0.5544 341 161 361 201
bottle 0.2574 358 162 368 201
bottle 0.1850 277 146 362 206
bottle 0.1148 281 147 302 208
bottle 0.0700 298 159 344 205
bottle 0.0386 308 174 334 205
bottle 0.0163 273 171 279 211
bottle 0.0119 282 175 302 206
bottle 0.0076 300 180 310 205
bottle 0.0072 326 176 339 205
bottle 0.0054 306 177 319 204
bottle 0.0049 331 163 353 202
bottle 0.0035 477 41 499 79
bottle 0.0029 277 177 286 207
bottle 0.0026 333 176 347 203
bottle 0.0016 316 144 369 203
bottle 0.0016 277 156 294 207
bottle 0.0015 304 162 322 202
bottle 0.0013 293 177 313 206
bottle 0.0012 328 193 338 204
bottle 0.0010 339 173 361 252
bottle 0.0010 277 157 367 262
chair 0.0015 275 145 364 207
diningtable 0.0013 283 154 358 232
tvmonitor 0.0062 400 14 430 65
tvmonitor 0.0017 478 41 500 80
