person 0.0017 0 -8 23 324
cat 0.8800 10 97 279 225
cat 0.0211 -19 51 298 286
cat 0.0041 7 88 176 318
cat 0.0034 16 111 164 225
cat 0.0028 147 160 280 206
dog 0.0260 11 101 279 237
chair 0.1219 10 95 275 230
chair 0.0373 -19 51 298 286
chair 0.0116 0 -8 23 324
chair 0.0102 0 -6 53 351
chair 0.0077 2 11 128 317
chair 0.0061 2 153 276 330
chair 0.0025 -2 30 192 238
chair 0.0022 0 253 25 331
chair 0.0019 272 2 439 120
chair 0.0018 0 169 26 334
sofa 0.0034 272 2 439 120
sofa 0.0025 8 106 283 323
sofa 0.0022 0 -8 23 324
sofa 0.0010 0 -20 51 337
diningtable 0.0021 9 164 280 335
tvmonitor 0.0025 0 -8 23 324
