person 0.0015 0 148 17 358
bicycle 0.0012 286 23 318 57
bird 0.0211 421 174 438 204
dog 0.0011 74 243 93 293
horse 0.0018 249 195 265 225
bottle 0.0015 449 153 466 175
chair 0.9921 110 186 219 360
chair 0.9913 281 188 398 355
chair 0.9823 404 164 498 318
chair 0.9138 0 154 88 322
chair 0.7282 158 153 216 195
chair 0.0633 463 331 501 373
chair 0.0363 464 288 500 375
chair 0.0267 454 235 501 375
chair 0.0266 -1 157 49 301
chair 0.0183 0 148 17 358
chair 0.0111 0 157 19 236
chair 0.0083 0 226 14 369
chair 0.0061 159 158 179 189
chair 0.0056 482 163 500 313
chair 0.0056 446 178 500 346
chair 0.0047 167 168 209 194
chair 0.0038 148 159 225 227
chair 0.0036 458 345 499 381
chair 0.0035 489 192 500 325
chair 0.0033 488 278 500 376
chair 0.0033 2 237 80 322
chair 0.0031 177 186 202 203
chair 0.0028 115 190 204 279
chair 0.0027 378 195 439 209
chair 0.0024 0 148 8 311
chair 0.0021 100 181 249 265
chair 0.0020 473 160 500 385
chair 0.0018 221 184 452 285
chair 0.0018 44 195 119 225
chair 0.0018 0 149 46 236
chair 0.0017 -1 192 61 355
chair 0.0017 444 165 501 266
chair 0.0016 0 155 27 277
chair 0.0016 469 259 500 354
chair 0.0015 279 159 326 194
chair 0.0013 -1 129 14 217
chair 0.0013 71 155 270 226
chair 0.0012 417 173 441 212
chair 0.0012 491 154 500 288
chair 0.0012 477 163 500 231
chair 0.0012 0 159 11 262
chair 0.0011 490 317 499 375
chair 0.0010 182 190 198 206
chair 0.0010 137 183 495 253
chair 0.0010 453 159 500 227
chair 0.0010 379 196 456 226
chair 0.0010 87 155 275 315
sofa 0.0240 454 235 501 375
sofa 0.0109 464 288 500 375
sofa 0.0101 463 331 501 373
sofa 0.0052 403 168 499 326
sofa 0.0043 0 174 16 371
sofa 0.0033 0 164 90 333
sofa 0.0019 0 254 14 378
sofa 0.0018 480 174 500 373
sofa 0.0018 177 134 340 187
sofa 0.0013 446 178 500 346
pottedplant 0.4744 230 156 284 209
pottedplant 0.2102 310 104 338 149
pottedplant 0.1836 458 138 478 163
pottedplant 0.0170 244 183 267 205
pottedplant 0.0100 136 150 370 233
pottedplant 0.0059 0 80 14 161
pottedplant 0.0034 454 124 479 163
pottedplant 0.0028 314 121 333 148
pottedplant 0.0028 216 149 339 206
pottedplant 0.0028 450 150 477 177
pottedplant 0.0017 0 76 17 236
pottedplant 0.0012 480 174 500 373
pottedplant 0.0012 248 191 265 213
pottedplant 0.0012 449 153 466 176
pottedplant 0.0012 451 133 483 177
pottedplant 0.0011 466 286 500 387
pottedplant 0.0011 252 184 272 204
pottedplant 0.0010 239 163 271 202
pottedplant 0.0010 179 136 210 150
diningtable 0.3461 17 174 482 351
diningtable 0.0471 287 190 414 348
diningtable 0.0429 136 150 370 233
diningtable 0.0329 37 134 470 253
diningtable 0.0326 183 180 459 268
diningtable 0.0135 379 198 450 229
diningtable 0.0119 0 215 16 373
diningtable 0.0099 463 331 501 373
diningtable 0.0065 145 188 448 319
diningtable 0.0053 283 191 451 259
diningtable 0.0050 177 134 340 187
diningtable 0.0048 230 159 285 220
diningtable 0.0042 178 188 339 236
diningtable 0.0040 103 187 379 243
diningtable 0.0034 384 167 485 313
diningtable 0.0030 176 132 342 154
diningtable 0.0026 109 175 220 347
diningtable 0.0023 454 285 500 387
diningtable 0.0022 0 164 90 333
diningtable 0.0022 376 190 458 288
diningtable 0.0021 378 195 439 209
diningtable 0.0019 200 154 291 207
diningtable 0.0018 480 174 500 373
diningtable 0.0017 42 201 119 239
diningtable 0.0015 460 348 497 376
diningtable 0.0013 430 165 501 317
diningtable 0.0013 235 193 280 231
diningtable 0.0012 54 190 204 250
diningtable 0.0012 157 177 477 222
diningtable 0.0012 53 178 267 224
diningtable 0.0011 343 188 471 329
diningtable 0.0011 167 147 319 212
diningtable 0.0011 36 210 112 230
diningtable 0.0010 109 174 264 254
diningtable 0.0010 342 197 457 241
diningtable 0.0010 268 133 302 149
