person 0.3090 304 115 323 152
person 0.0103 309 124 328 153
person 0.0081 97 126 105 141
person 0.0069 93 128 106 151
person 0.0060 71 139 77 150
person 0.0054 147 129 169 152
person 0.0043 272 113 289 151
person 0.0026 155 198 163 216
person 0.0026 146 130 155 150
person 0.0025 124 132 139 151
person 0.0018 131 135 141 150
person 0.0018 398 147 414 169
person 0.0016 162 130 175 151
person 0.0014 290 115 319 151
person 0.0013 81 131 104 152
person 0.0013 75 136 85 151
person 0.0012 126 120 138 147
person 0.0012 392 128 405 149
person 0.0012 271 130 280 151
person 0.0010 274 114 287 129
bus 0.9972 28 59 442 253
