car 0.0023 5 87 20 94
car 0.0010 0 88 8 95
boat 0.0970 106 84 117 91
boat 0.0101 104 87 118 93
boat 0.0017 103 82 119 92
boat 0.0012 5 87 20 94
bird 0.0269 326 142 332 149
bird 0.0131 326 145 332 150
bird 0.0010 264 145 300 179
dog 0.0012 166 122 186 146
dog 0.0011 225 154 291 189
sheep 0.9867 166 122 186 146
sheep 0.9531 225 154 291 189
sheep 0.8476 264 145 300 179
sheep 0.3301 326 142 332 149
sheep 0.2949 224 160 267 188
sheep 0.1942 5 87 20 94
sheep 0.0906 326 145 332 150
sheep 0.0761 264 145 299 159
sheep 0.0546 223 150 244 166
sheep 0.0414 223 153 234 165
sheep 0.0400 5 85 20 91
sheep 0.0324 0 88 8 95
sheep 0.0309 104 87 118 93
sheep 0.0299 228 145 297 162
sheep 0.0245 106 84 117 91
sheep 0.0100 225 148 263 161
sheep 0.0078 0 82 7 92
sheep 0.0074 230 150 280 172
sheep 0.0055 38 89 45 95
sheep 0.0050 3 86 22 97
sheep 0.0042 6 93 497 167
sheep 0.0038 228 125 500 194
sheep 0.0031 223 149 234 162
sheep 0.0030 320 141 330 148
sheep 0.0029 176 89 183 95
sheep 0.0023 66 129 440 190
sheep 0.0018 227 168 243 188
sheep 0.0018 -18 42 515 141
sheep 0.0016 2 82 22 93
sheep 0.0014 208 144 283 179
sheep 0.0014 257 153 291 188
sheep 0.0014 265 140 299 151
sheep 0.0013 62 80 67 86
sheep 0.0013 223 133 325 188
sheep 0.0012 243 112 508 164
sheep 0.0011 -2 83 199 160
sheep 0.0010 95 118 101 125
sheep 0.0010 283 144 300 160
cow 0.0082 5 87 20 94
cow 0.0059 225 154 292 190
cow 0.0030 326 142 332 149
cow 0.0025 264 143 300 179
cow 0.0022 166 122 186 146
cow 0.0014 0 88 8 95
cow 0.0012 5 85 20 91
cow 0.0012 326 145 332 150
