person 0.5206 260 152 290 186
person 0.0535 184 167 193 185
person 0.0469 257 151 271 176
person 0.0442 136 175 146 186
person 0.0420 255 153 275 187
person 0.0265 241 151 277 196
person 0.0157 42 188 50 217
person 0.0146 254 162 277 201
person 0.0138 64 111 405 276
person 0.0088 237 167 249 198
person 0.0080 225 178 246 201
person 0.0078 301 159 322 188
person 0.0076 321 165 340 200
person 0.0069 401 175 408 186
person 0.0059 226 156 256 197
person 0.0057 143 174 153 187
person 0.0054 302 161 336 197
person 0.0050 260 166 286 192
person 0.0050 237 178 247 201
person 0.0050 243 163 266 199
person 0.0043 137 166 146 184
person 0.0042 314 162 349 200
person 0.0040 103 172 117 187
person 0.0039 362 172 376 211
person 0.0039 323 179 337 200
person 0.0038 114 175 121 186
person 0.0037 398 175 406 186
person 0.0036 71 191 78 211
person 0.0033 254 167 270 215
person 0.0033 44 187 54 215
person 0.0031 309 160 331 189
person 0.0030 151 190 163 228
person 0.0028 122 175 135 186
person 0.0028 236 153 252 193
person 0.0028 242 164 277 216
person 0.0027 102 169 114 182
person 0.0025 298 158 312 187
person 0.0024 257 170 295 209
person 0.0022 140 164 152 186
person 0.0021 151 176 161 187
person 0.0021 364 191 377 213
person 0.0019 57 192 64 209
person 0.0017 242 149 268 181
person 0.0017 477 210 497 251
person 0.0015 250 169 264 213
person 0.0015 188 165 200 186
person 0.0014 201 146 317 215
person 0.0014 323 161 337 187
person 0.0014 476 199 500 275
person 0.0012 134 173 148 188
person 0.0012 328 167 352 199
person 0.0012 97 173 106 186
person 0.0012 331 178 350 203
person 0.0012 179 164 195 187
person 0.0012 485 216 500 262
person 0.0011 257 148 271 164
bicycle 0.0011 477 227 499 287
car 0.0014 488 239 500 261
bus 0.9981 49 102 384 283
train 0.0012 57 101 383 266
bird 0.0022 427 64 434 71
bird 0.0017 169 20 174 32
bird 0.0017 80 31 86 43
