person 0.0113 0 0 125 62
person 0.0052 452 9 500 144
person 0.0046 0 0 133 26
person 0.0035 98 1 140 18
person 0.0023 0 0 54 47
person 0.0018 0 0 25 86
person 0.0010 0 0 27 32
person 0.0010 280 0 359 45
car 0.0013 16 0 402 64
bird 0.0095 446 1 500 150
cat 0.0024 0 0 133 38
cat 0.0013 0 -1 133 88
dog 0.9768 136 1 362 375
dog 0.0139 0 0 133 38
dog 0.0070 0 -1 133 88
dog 0.0036 446 3 499 237
dog 0.0014 0 -1 53 46
dog 0.0012 0 38 50 91
dog 0.0012 19 0 146 24
bottle 0.0034 99 1 139 18
chair 0.0097 279 4 387 74
chair 0.0017 446 1 500 150
chair 0.0013 113 3 385 67
pottedplant 0.1477 447 0 500 142
pottedplant 0.0077 438 4 501 366
pottedplant 0.0054 464 -3 500 100
pottedplant 0.0030 396 -5 502 147
pottedplant 0.0014 386 1 499 68
pottedplant 0.0010 468 1 500 196
