person 0.6281 148 30 351 217
person 0.1448 142 121 273 209
person 0.0690 230 42 351 181
person 0.0651 145 108 341 247
person 0.0421 153 121 238 181
person 0.0174 206 126 270 182
person 0.0122 164 94 274 180
person 0.0114 178 129 213 155
person 0.0055 176 111 261 163
person 0.0030 278 101 360 180
person 0.0026 175 84 339 189
person 0.0023 197 136 237 163
person 0.0023 304 103 322 120
person 0.0022 173 122 236 160
person 0.0013 234 114 250 152
person 0.0011 133 144 283 247
person 0.0011 140 71 303 168
person 0.0011 208 139 224 159
bird 0.0029 329 113 356 148
cat 0.0057 278 109 355 177
cat 0.0023 329 113 356 148
cat 0.0013 323 111 356 171
cat 0.0011 233 149 252 175
dog 0.0041 233 149 252 175
dog 0.0038 277 109 356 177
dog 0.0011 326 111 356 170
horse 0.0038 278 101 360 180
bottle 0.0025 223 82 241 103
bottle 0.0023 325 146 341 174
chair 0.3415 144 98 350 245
chair 0.0698 133 148 271 246
chair 0.0046 142 121 273 209
chair 0.0044 175 84 339 189
chair 0.0043 238 104 355 176
chair 0.0042 176 111 261 163
chair 0.0026 263 129 339 176
chair 0.0025 209 110 272 170
chair 0.0024 136 138 200 242
chair 0.0018 230 42 351 181
chair 0.0014 164 94 274 180
chair 0.0012 154 171 350 248
sofa 0.3320 140 104 351 249
sofa 0.0177 148 30 351 217
sofa 0.0115 133 148 271 246
sofa 0.0029 169 112 308 199
sofa 0.0015 164 94 274 180
sofa 0.0013 176 111 261 163
sofa 0.0013 216 93 349 183
pottedplant 0.0021 278 101 360 180
