person 0.9613 -5 91 414 500
person 0.2418 0 360 185 500
person 0.0760 3 316 411 501
person 0.0418 198 299 420 500
person 0.0191 188 89 402 490
person 0.0058 0 359 60 500
person 0.0029 -3 92 204 501
person 0.0011 13 396 308 500
bicycle 0.0027 348 331 421 389
car 0.0016 -5 118 411 509
bird 0.9449 199 88 376 313
bird 0.0573 188 94 398 485
bird 0.0034 -10 40 407 478
bird 0.0023 280 195 342 316
bird 0.0019 349 331 419 387
bird 0.0010 207 176 237 227
chair 0.0057 0 360 185 500
chair 0.0036 200 300 419 499
chair 0.0029 2 362 57 499
chair 0.0013 3 358 413 502
chair 0.0011 321 311 419 496
chair 0.0011 345 328 415 389
sofa 0.0039 3 316 411 501
sofa 0.0015 -5 118 411 509
pottedplant 0.0011 329 319 421 402
