cat 0.7493 145 12 500 345
cat 0.7258 0 71 332 358
cat 0.0153 327 16 499 197
cat 0.0082 335 18 450 146
cat 0.0041 363 11 500 347
cat 0.0032 127 211 270 347
cat 0.0027 220 133 489 339
cat 0.0019 28 180 308 346
dog 0.0045 142 9 501 349
dog 0.0035 338 18 443 146
dog 0.0026 322 18 499 334
dog 0.0016 -2 61 333 345
horse 0.0012 142 9 501 349
horse 0.0010 -2 61 333 345
sheep 0.0149 338 18 443 146
sheep 0.0140 327 16 499 197
sheep 0.0085 142 9 501 349
sheep 0.0060 -2 61 333 345
sheep 0.0028 126 211 272 347
sheep 0.0012 363 11 500 347
cow 0.0026 142 9 501 349
cow 0.0017 0 71 332 358
cow 0.0017 331 14 501 193
sofa 0.0017 4 62 484 371
sofa 0.0015 23 314 493 368
