person 0.9852 3 235 95 371
person 0.7196 54 335 145 373
person 0.0076 0 316 16 375
person 0.0053 -1 189 35 388
person 0.0039 114 193 215 340
person 0.0034 117 253 168 339
person 0.0027 0 358 9 373
person 0.0023 0 334 10 375
person 0.0021 -5 329 106 374
person 0.0021 111 169 370 346
person 0.0016 0 308 13 349
person 0.0014 -1 266 13 369
person 0.0013 4 230 174 374
person 0.0010 0 103 28 252
bird 0.0037 247 155 377 362
cat 0.0110 248 158 376 361
cat 0.0092 117 158 374 360
cat 0.0029 116 185 215 342
dog 0.0647 247 155 377 362
dog 0.0344 113 193 215 340
dog 0.0125 117 158 374 360
dog 0.0012 0 314 12 375
dog 0.0011 46 336 139 373
dog 0.0010 0 183 35 327
sheep 0.0054 247 155 377 362
sheep 0.0030 116 185 215 342
sheep 0.0024 114 157 378 362
cow 0.0015 247 155 377 362
bottle 0.0020 49 353 61 374
chair 0.0688 464 300 500 372
chair 0.0172 0 312 12 364
chair 0.0118 183 328 319 374
chair 0.0034 11 6 484 375
chair 0.0019 0 334 10 375
chair 0.0015 0 233 98 376
chair 0.0013 465 213 500 374
sofa 0.0052 465 297 501 374
sofa 0.0019 11 6 484 375
sofa 0.0013 111 169 370 346
sofa 0.0012 183 328 319 374
diningtable 0.0040 0 314 12 375
diningtable 0.0030 0 310 13 345
tvmonitor 0.0618 11 6 484 375
tvmonitor 0.0107 465 297 501 374
