bottle 0.0010 49 219 60 241
chair 0.9693 277 140 341 206
chair 0.9673 373 152 452 243
chair 0.4021 419 163 498 368
chair 0.0460 -1 240 137 373
chair 0.0322 486 126 500 258
chair 0.0196 482 131 500 187
chair 0.0067 1 158 86 272
chair 0.0066 491 168 500 272
chair 0.0062 0 218 7 299
chair 0.0061 0 206 23 304
chair 0.0056 0 229 4 288
chair 0.0044 472 130 500 255
chair 0.0043 70 145 309 291
chair 0.0041 489 163 500 203
chair 0.0030 493 194 500 246
chair 0.0025 281 138 338 174
chair 0.0024 0 308 138 381
chair 0.0022 0 181 23 248
chair 0.0021 477 147 500 320
chair 0.0018 392 123 494 275
chair 0.0016 0 245 3 310
chair 0.0016 0 203 13 279
chair 0.0016 448 117 499 276
chair 0.0013 1 207 90 301
chair 0.0013 0 215 5 360
chair 0.0011 0 186 52 324
sofa 0.9799 79 143 315 293
sofa 0.5929 418 156 499 370
sofa 0.4240 -1 240 137 373
sofa 0.0618 373 152 452 243
sofa 0.0154 273 134 337 212
sofa 0.0135 483 130 500 255
sofa 0.0124 0 308 138 381
sofa 0.0052 0 245 267 368
sofa 0.0043 1 158 86 272
sofa 0.0042 490 165 500 257
sofa 0.0037 477 147 500 320
sofa 0.0032 482 131 500 187
sofa 0.0028 -14 177 180 377
sofa 0.0027 0 206 23 304
sofa 0.0025 440 112 499 322
sofa 0.0024 -2 197 95 353
sofa 0.0022 469 170 500 270
sofa 0.0020 0 214 58 372
sofa 0.0016 189 145 312 226
sofa 0.0014 -27 232 438 375
sofa 0.0012 64 175 211 284
sofa 0.0011 392 123 494 275
sofa 0.0011 491 179 500 300
sofa 0.0010 68 127 504 312
sofa 0.0010 0 220 5 335
pottedplant 0.9059 2 152 86 232
pottedplant 0.0156 0 163 23 228
pottedplant 0.0080 0 194 26 227
pottedplant 0.0049 0 192 14 215
pottedplant 0.0038 -2 148 104 302
pottedplant 0.0036 0 180 28 248
pottedplant 0.0032 0 173 23 300
pottedplant 0.0029 0 175 66 253
pottedplant 0.0025 0 181 46 224
pottedplant 0.0021 0 167 12 219
pottedplant 0.0019 9 188 78 234
pottedplant 0.0014 7 198 85 271
pottedplant 0.0013 -2 138 34 257
pottedplant 0.0013 -5 162 55 222
pottedplant 0.0011 483 90 500 190
pottedplant 0.0010 274 139 337 206
pottedplant 0.0010 18 177 107 255
diningtable 0.0696 236 203 392 309
diningtable 0.0037 0 206 23 304
diningtable 0.0021 0 218 7 299
diningtable 0.0020 0 229 4 288
diningtable 0.0018 269 142 339 217
diningtable 0.0012 0 281 138 374
