person 0.4027 28 286 37 303
person 0.0495 431 264 439 277
person 0.0209 32 289 53 303
person 0.0206 411 262 441 278
person 0.0155 2 285 41 303
person 0.0131 19 279 46 304
person 0.0092 47 289 63 303
person 0.0051 492 272 500 279
person 0.0047 0 282 13 301
person 0.0042 48 281 60 299
person 0.0040 488 257 500 279
person 0.0037 5 278 60 304
person 0.0034 479 261 496 277
person 0.0015 403 264 419 278
person 0.0013 420 271 436 279
person 0.0012 0 260 9 298
car 0.1693 0 285 33 303
car 0.0406 404 262 434 278
car 0.0233 47 289 63 303
car 0.0083 32 289 53 303
car 0.0077 0 286 13 303
car 0.0050 420 271 436 279
car 0.0047 28 286 37 303
car 0.0047 492 272 500 279
car 0.0045 403 264 419 278
car 0.0037 11 110 488 298
car 0.0025 0 280 51 303
car 0.0021 488 257 500 279
car 0.0015 431 264 439 277
car 0.0015 405 270 432 280
car 0.0014 404 271 416 278
motorbike 0.0027 28 286 37 303
aeroplane 0.9931 6 115 488 318
aeroplane 0.1008 0 214 48 255
aeroplane 0.0623 -1 186 33 250
aeroplane 0.0380 458 209 498 261
aeroplane 0.0350 0 217 31 245
aeroplane 0.0314 0 164 53 281
aeroplane 0.0208 403 237 496 275
aeroplane 0.0147 0 180 99 268
aeroplane 0.0131 456 222 499 242
aeroplane 0.0113 462 187 501 248
aeroplane 0.0094 0 206 28 238
aeroplane 0.0084 456 141 499 256
aeroplane 0.0082 463 222 501 278
aeroplane 0.0069 -1 214 30 292
aeroplane 0.0066 118 226 136 230
aeroplane 0.0062 11 215 34 232
aeroplane 0.0033 0 213 12 246
aeroplane 0.0032 487 225 500 277
aeroplane 0.0032 0 255 52 301
aeroplane 0.0031 402 212 500 269
aeroplane 0.0026 404 261 445 278
aeroplane 0.0023 0 201 65 243
aeroplane 0.0019 378 235 480 264
aeroplane 0.0018 0 208 92 300
aeroplane 0.0016 -2 196 16 247
aeroplane 0.0015 10 191 121 244
aeroplane 0.0014 464 225 501 250
aeroplane 0.0014 392 243 464 277
aeroplane 0.0014 0 223 10 254
aeroplane 0.0014 0 281 43 301
aeroplane 0.0013 487 198 501 264
aeroplane 0.0012 10 220 53 242
aeroplane 0.0012 399 257 464 280
aeroplane 0.0011 447 203 499 310
aeroplane 0.0010 0 106 29 251
bus 0.0094 404 262 434 278
bus 0.0089 0 282 33 301
bus 0.0035 0 280 62 304
bus 0.0030 487 242 500 279
