person 0.0364 244 142 259 164
person 0.0271 403 189 409 197
person 0.0214 286 202 302 213
person 0.0101 243 144 254 162
person 0.0061 224 202 230 214
person 0.0053 387 184 396 199
person 0.0047 432 184 441 200
person 0.0032 291 202 308 213
person 0.0019 287 160 292 167
person 0.0019 403 192 409 200
person 0.0016 242 147 254 170
person 0.0010 392 186 404 198
person 0.0010 280 200 310 215
boat 0.9573 178 114 444 272
bird 0.0230 403 189 409 197
bird 0.0126 244 142 259 164
bird 0.0090 243 144 254 162
bird 0.0053 387 184 396 199
bird 0.0043 487 245 497 253
bird 0.0016 432 184 441 200
bird 0.0011 484 244 494 252
bird 0.0011 403 192 409 200
bird 0.0011 261 267 284 274
