person 0.9536 47 9 231 397
person 0.8228 450 283 499 363
person 0.4924 373 227 447 395
person 0.4905 216 185 263 259
person 0.4848 434 294 458 352
person 0.3361 471 231 501 272
person 0.3085 356 259 395 394
person 0.2303 441 319 494 375
person 0.2011 394 292 471 399
person 0.1382 -2 152 500 385
person 0.1373 472 232 500 311
person 0.1049 440 329 477 368
person 0.0647 377 219 435 331
person 0.0573 467 244 485 273
person 0.0467 459 282 497 335
person 0.0460 478 297 500 390
person 0.0440 219 185 253 226
person 0.0422 359 288 424 397
person 0.0410 403 273 504 377
person 0.0307 360 326 397 397
person 0.0222 489 308 500 367
person 0.0219 438 334 480 398
person 0.0204 471 268 500 340
person 0.0164 428 284 487 370
person 0.0164 391 270 443 388
person 0.0149 379 220 416 279
person 0.0133 459 222 496 278
person 0.0121 487 221 500 265
person 0.0118 436 292 459 326
person 0.0118 141 123 303 343
person 0.0118 390 240 446 319
person 0.0116 482 232 501 288
person 0.0110 380 238 418 320
person 0.0110 486 234 500 324
person 0.0107 441 260 466 311
person 0.0098 478 188 500 271
person 0.0091 369 270 392 329
person 0.0088 492 207 500 257
person 0.0086 200 196 254 266
person 0.0083 463 241 491 298
person 0.0075 467 280 500 402
person 0.0075 215 197 236 226
person 0.0072 381 199 497 361
person 0.0071 441 204 501 353
person 0.0065 374 230 405 309
person 0.0063 490 265 500 355
person 0.0053 289 230 456 392
person 0.0052 451 240 498 325
person 0.0051 491 247 500 312
person 0.0044 423 291 456 364
person 0.0042 374 323 452 397
person 0.0040 374 333 405 397
person 0.0039 493 266 500 315
person 0.0038 182 197 227 265
person 0.0032 493 288 500 332
person 0.0029 481 336 501 399
person 0.0027 452 241 483 282
person 0.0025 373 250 390 313
person 0.0025 413 325 481 389
person 0.0025 486 338 499 376
person 0.0024 5 292 492 390
person 0.0024 345 270 468 405
person 0.0023 182 220 216 269
person 0.0022 421 217 484 319
person 0.0022 219 197 230 214
person 0.0021 232 186 270 241
person 0.0020 388 212 469 325
person 0.0019 362 222 395 352
person 0.0019 384 223 428 262
person 0.0018 323 113 489 371
person 0.0018 480 290 494 309
person 0.0018 389 28 500 377
person 0.0018 372 261 403 337
person 0.0018 475 215 499 251
person 0.0018 164 231 210 271
person 0.0017 443 249 469 294
person 0.0017 381 222 418 239
person 0.0017 436 254 458 308
person 0.0015 165 184 240 274
person 0.0015 187 172 266 257
person 0.0015 450 252 480 310
person 0.0015 84 48 236 296
person 0.0015 450 335 499 398
person 0.0014 427 264 448 294
person 0.0014 456 251 472 289
person 0.0014 443 344 471 370
person 0.0013 467 141 501 312
person 0.0013 185 234 210 267
person 0.0013 477 320 499 357
person 0.0012 464 266 485 289
person 0.0012 423 263 450 315
person 0.0012 389 271 423 327
person 0.0011 456 239 477 266
person 0.0011 477 255 498 303
person 0.0011 388 232 410 269
person 0.0011 455 344 478 370
person 0.0011 492 196 500 232
person 0.0010 439 266 450 291
person 0.0010 408 183 500 314
horse 0.9671 -11 62 500 398
horse 0.0116 38 40 237 404
horse 0.0075 141 123 303 343
horse 0.0018 5 292 492 390
horse 0.0017 0 265 113 379
horse 0.0016 0 286 180 396
horse 0.0011 8 222 279 394
chair 0.6582 374 333 405 397
chair 0.4309 478 335 500 397
chair 0.2735 439 331 478 396
chair 0.1837 442 321 492 373
chair 0.1156 444 360 488 398
chair 0.0648 449 335 499 398
chair 0.0591 476 366 499 399
chair 0.0468 487 325 500 371
chair 0.0403 389 324 479 396
chair 0.0253 440 280 502 406
chair 0.0203 358 319 400 398
chair 0.0194 469 283 500 364
chair 0.0173 454 353 478 377
chair 0.0159 455 344 478 370
chair 0.0107 477 333 499 366
chair 0.0098 411 353 483 397
chair 0.0072 369 284 443 397
chair 0.0061 444 328 485 353
chair 0.0061 453 372 498 398
chair 0.0058 381 356 412 396
chair 0.0056 442 350 471 380
chair 0.0052 462 353 488 378
chair 0.0047 493 266 500 315
chair 0.0044 433 293 459 353
chair 0.0039 385 374 411 396
chair 0.0038 424 326 473 371
chair 0.0032 375 331 399 369
chair 0.0030 440 355 457 373
chair 0.0027 489 296 500 362
chair 0.0025 493 288 500 332
chair 0.0022 459 282 497 335
chair 0.0020 421 370 475 397
chair 0.0020 461 335 489 362
chair 0.0018 437 358 459 396
chair 0.0016 472 234 500 325
chair 0.0015 441 260 466 311
chair 0.0013 477 364 500 430
chair 0.0012 484 379 500 408
chair 0.0011 374 369 408 400
chair 0.0011 394 312 443 399
chair 0.0010 415 289 460 387
chair 0.0010 403 273 504 377
chair 0.0010 371 336 393 380
diningtable 0.0159 476 358 500 398
diningtable 0.0033 397 302 475 394
diningtable 0.0023 450 335 499 398
diningtable 0.0018 444 360 488 398
diningtable 0.0014 434 284 501 369
diningtable 0.0012 478 297 500 390
diningtable 0.0010 486 338 499 376
