person 0.4099 196 211 212 236
person 0.3464 210 216 228 239
person 0.1566 182 221 192 237
person 0.1121 192 211 205 236
person 0.0445 210 215 228 259
person 0.0165 182 210 196 237
person 0.0102 372 202 387 217
person 0.0097 352 179 374 221
person 0.0096 187 214 209 240
person 0.0091 145 187 153 201
person 0.0085 383 201 398 217
person 0.0064 136 187 145 201
person 0.0051 193 214 217 255
person 0.0045 355 178 378 204
person 0.0031 354 201 369 221
person 0.0028 115 154 433 272
person 0.0026 389 199 406 219
person 0.0023 146 192 153 204
person 0.0018 279 185 290 199
person 0.0017 372 189 388 216
person 0.0016 358 200 378 220
person 0.0015 242 185 250 201
person 0.0015 223 185 232 201
person 0.0014 333 188 344 217
person 0.0014 201 213 239 261
person 0.0014 401 192 413 213
person 0.0013 381 190 399 216
person 0.0012 181 222 195 253
person 0.0011 268 185 279 198
person 0.0010 187 222 208 254
bus 0.9989 74 152 425 274
train 0.0015 45 135 441 272
