person 0.7216 154 103 357 368
person 0.2147 -1 100 289 370
person 0.0159 0 114 8 192
person 0.0066 0 125 25 184
person 0.0055 0 1 27 56
person 0.0045 0 125 6 258
person 0.0043 0 106 14 291
person 0.0033 0 24 10 55
person 0.0028 0 1 12 56
person 0.0026 437 245 501 369
person 0.0026 0 143 6 201
person 0.0026 8 3 37 56
person 0.0023 0 72 5 179
person 0.0022 20 3 69 47
person 0.0022 -1 35 30 92
person 0.0019 0 110 4 160
person 0.0018 52 75 370 314
person 0.0017 166 98 336 212
person 0.0016 0 43 19 195
person 0.0015 471 193 500 247
person 0.0012 408 50 500 314
person 0.0012 0 40 12 74
person 0.0011 437 189 502 278
person 0.0011 0 30 15 62
person 0.0010 54 3 87 44
person 0.0010 204 105 430 329
person 0.0010 -1 108 140 359
person 0.0010 462 119 503 313
person 0.0010 0 57 11 76
person 0.0010 302 157 379 238
person 0.0010 70 90 90 106
person 0.0010 0 89 10 105
car 0.0477 240 45 266 70
car 0.0152 266 44 282 54
car 0.0095 239 48 256 68
car 0.0030 241 41 267 60
car 0.0026 239 54 254 79
car 0.0021 258 50 269 67
car 0.0015 252 43 274 55
car 0.0014 264 27 288 50
car 0.0012 257 55 269 74
bus 0.0010 240 45 266 70
bottle 0.0026 395 306 423 370
bottle 0.0014 354 153 373 177
bottle 0.0011 0 134 7 191
bottle 0.0011 403 320 416 370
chair 0.4568 409 51 499 249
chair 0.0902 46 125 73 143
chair 0.0496 0 125 25 184
chair 0.0378 21 128 70 176
chair 0.0373 7 126 48 178
chair 0.0206 42 100 172 188
chair 0.0200 4 125 347 373
chair 0.0184 0 114 8 192
chair 0.0145 25 126 45 144
chair 0.0132 25 127 46 175
chair 0.0090 1 124 28 149
chair 0.0087 0 122 16 231
chair 0.0075 0 109 116 188
chair 0.0066 0 67 32 89
chair 0.0061 28 136 55 171
chair 0.0058 25 136 103 176
chair 0.0042 419 54 497 137
chair 0.0040 0 43 19 195
chair 0.0036 0 110 4 160
chair 0.0036 0 57 31 99
chair 0.0030 0 95 14 342
chair 0.0026 -1 104 59 183
chair 0.0026 0 57 11 76
chair 0.0026 0 52 29 82
chair 0.0023 0 62 116 159
chair 0.0022 0 143 6 201
chair 0.0021 280 59 401 184
chair 0.0020 1 43 107 111
chair 0.0020 39 141 64 167
chair 0.0020 179 82 198 107
chair 0.0020 5 126 38 162
chair 0.0019 44 125 76 161
chair 0.0019 437 245 501 369
chair 0.0018 -1 174 212 369
chair 0.0018 0 125 6 258
chair 0.0018 0 72 5 179
chair 0.0018 22 123 61 145
chair 0.0018 49 144 93 179
chair 0.0018 437 169 499 227
chair 0.0017 -2 112 36 204
chair 0.0017 0 40 12 74
chair 0.0017 33 146 70 175
chair 0.0016 -1 33 52 185
chair 0.0016 17 91 31 105
chair 0.0015 0 62 9 91
chair 0.0014 308 0 370 75
chair 0.0013 0 89 10 105
chair 0.0013 4 56 97 94
chair 0.0013 0 87 26 106
chair 0.0012 479 43 500 313
chair 0.0011 1 77 187 300
chair 0.0011 7 73 35 94
chair 0.0011 0 32 11 60
chair 0.0011 0 106 56 262
chair 0.0010 157 108 391 360
sofa 0.2288 4 125 347 373
sofa 0.0148 408 52 501 265
sofa 0.0059 0 113 177 354
sofa 0.0058 157 108 391 360
sofa 0.0040 52 96 170 192
sofa 0.0013 0 95 14 342
sofa 0.0010 0 169 117 367
sofa 0.0010 -1 236 60 371
pottedplant 0.0075 92 2 258 82
pottedplant 0.0067 104 5 144 80
pottedplant 0.0043 311 5 404 71
pottedplant 0.0037 105 37 139 85
pottedplant 0.0030 197 -1 287 65
pottedplant 0.0029 356 0 423 76
pottedplant 0.0028 199 2 250 53
pottedplant 0.0028 437 245 501 369
pottedplant 0.0019 20 3 69 47
pottedplant 0.0015 322 8 478 70
pottedplant 0.0015 242 0 286 51
pottedplant 0.0014 0 1 27 56
pottedplant 0.0011 12 4 276 116
pottedplant 0.0011 109 3 145 48
pottedplant 0.0010 8 3 37 56
pottedplant 0.0010 54 3 87 44
diningtable 0.0104 0 109 116 188
diningtable 0.0092 281 56 397 181
diningtable 0.0075 289 63 384 85
diningtable 0.0028 19 134 110 177
diningtable 0.0028 0 82 132 159
diningtable 0.0025 21 128 70 176
diningtable 0.0022 42 100 172 188
diningtable 0.0021 0 125 25 184
diningtable 0.0015 7 126 48 178
diningtable 0.0013 0 114 8 192
diningtable 0.0010 169 107 218 121
diningtable 0.0010 409 52 500 230
tvmonitor 0.0341 46 125 73 143
tvmonitor 0.0013 0 125 7 219
tvmonitor 0.0012 133 82 182 105
tvmonitor 0.0011 0 89 5 182
