person 0.9975 400 80 486 212
person 0.9850 178 74 258 210
person 0.9558 30 76 74 189
person 0.0087 198 99 274 229
person 0.0026 0 140 9 187
person 0.0026 496 182 499 219
person 0.0023 214 85 253 203
person 0.0019 184 120 246 206
person 0.0019 -1 103 105 253
person 0.0013 0 164 5 198
person 0.0012 0 124 6 165
car 0.0026 496 182 499 219
car 0.0017 474 194 489 214
car 0.0012 0 155 8 191
horse 0.9954 0 105 102 253
horse 0.9751 190 122 258 269
horse 0.9539 416 146 475 299
horse 0.0020 115 104 378 293
horse 0.0017 182 81 256 225
horse 0.0013 399 84 488 219
horse 0.0012 0 109 21 201
