person 0.9804 222 138 251 213
person 0.2017 127 173 151 212
person 0.0461 120 164 158 178
person 0.0224 221 154 229 174
person 0.0115 128 169 150 195
person 0.0101 85 164 191 204
person 0.0098 195 157 286 250
person 0.0091 113 164 163 203
person 0.0085 121 182 158 215
person 0.0078 115 176 145 207
person 0.0045 220 136 250 178
person 0.0035 213 144 243 202
person 0.0033 220 156 233 186
person 0.0031 134 179 159 208
person 0.0025 113 174 183 211
person 0.0022 99 176 122 207
person 0.0022 218 150 235 178
person 0.0020 99 164 140 179
person 0.0017 107 178 131 205
person 0.0014 81 184 178 214
person 0.0014 221 144 232 165
person 0.0014 332 155 346 167
person 0.0013 197 141 255 208
bicycle 0.0049 201 167 283 253
car 0.5119 62 164 160 201
car 0.0503 79 168 181 212
car 0.0320 98 164 161 179
car 0.0275 277 182 346 208
car 0.0215 116 173 162 212
car 0.0196 136 165 159 177
car 0.0159 84 164 139 183
car 0.0114 63 180 97 199
car 0.0110 158 141 205 175
car 0.0098 63 173 119 211
car 0.0091 220 137 234 147
car 0.0077 316 181 345 206
car 0.0066 97 165 124 179
car 0.0062 272 194 338 208
car 0.0047 110 175 206 211
car 0.0045 201 167 283 253
car 0.0045 278 198 308 207
car 0.0044 297 191 344 208
car 0.0044 186 152 310 234
car 0.0031 59 183 162 215
car 0.0031 0 173 12 193
car 0.0027 115 176 145 207
car 0.0025 31 183 41 195
car 0.0022 17 150 335 216
car 0.0022 233 139 357 212
car 0.0021 133 174 146 211
car 0.0021 114 163 182 204
car 0.0021 1 174 45 194
car 0.0019 264 176 323 208
car 0.0017 0 174 24 193
car 0.0016 128 169 150 195
car 0.0015 159 138 250 174
car 0.0015 73 182 108 202
car 0.0014 62 182 84 196
car 0.0014 276 198 294 207
car 0.0013 177 184 195 200
car 0.0010 184 195 208 211
car 0.0010 166 165 208 201
car 0.0010 134 179 159 208
aeroplane 0.0050 438 254 472 321
bus 0.3695 233 139 357 212
bus 0.0378 186 152 310 234
bus 0.0271 142 137 371 188
bus 0.0094 144 124 370 231
bus 0.0079 158 141 205 175
bus 0.0033 64 163 171 204
bus 0.0029 219 136 254 192
bus 0.0019 159 138 250 174
bus 0.0010 17 150 335 216
train 0.0724 155 135 370 212
train 0.0401 244 139 358 210
train 0.0277 186 152 310 234
train 0.0025 219 136 254 192
train 0.0016 94 136 331 185
boat 0.0389 438 254 472 321
boat 0.0085 233 139 357 212
boat 0.0029 186 152 310 234
horse 0.9892 198 167 283 254
horse 0.0208 186 152 310 234
cow 0.0011 199 167 282 254
