person 0.9920 63 115 208 357
person 0.2054 232 161 262 189
person 0.0336 41 131 344 300
person 0.0303 318 181 328 194
person 0.0144 46 131 185 277
person 0.0098 168 139 234 185
person 0.0035 184 140 222 180
person 0.0029 76 144 98 173
person 0.0024 80 140 110 172
person 0.0024 90 194 190 313
person 0.0023 74 133 126 189
person 0.0020 245 161 272 190
person 0.0014 50 132 148 235
person 0.0013 75 156 94 176
person 0.0013 0 473 32 499
person 0.0011 71 157 85 175
person 0.0010 62 140 108 185
bicycle 0.0093 0 473 33 501
car 0.9810 43 122 349 280
car 0.1666 333 198 353 218
car 0.1240 69 120 203 332
car 0.0325 66 195 102 232
car 0.0212 322 182 353 220
car 0.0176 27 153 113 262
car 0.0133 30 125 175 277
car 0.0101 33 155 66 180
car 0.0084 19 158 66 219
car 0.0072 324 188 349 207
car 0.0052 325 195 352 233
car 0.0050 176 142 347 275
car 0.0047 337 170 355 201
car 0.0037 50 132 149 237
car 0.0031 21 157 42 179
car 0.0031 328 173 366 222
car 0.0028 53 147 113 226
car 0.0019 330 191 359 248
car 0.0014 0 473 32 499
car 0.0011 47 178 152 256
car 0.0011 312 192 346 218
car 0.0011 16 159 44 216
motorbike 0.0027 0 473 33 501
bus 0.0229 18 117 303 291
bus 0.0061 69 120 203 332
train 0.0022 69 120 203 332
train 0.0021 18 117 303 291
boat 0.0028 0 473 33 501
boat 0.0012 69 120 203 332
bird 0.0010 0 473 33 501
dog 0.0026 0 473 33 501
bottle 0.9706 272 309 289 360
bottle 0.0013 273 310 288 334
chair 0.0216 0 473 32 499
