person 0.0034 0 22 22 52
person 0.0020 0 10 22 71
person 0.0019 0 12 10 44
person 0.0017 0 23 12 51
bicycle 0.0063 31 18 443 270
car 0.3013 149 0 478 120
car 0.1838 0 8 163 153
car 0.0361 9 1 156 49
car 0.0144 -2 40 286 152
car 0.0049 74 2 163 44
car 0.0046 16 6 70 47
car 0.0043 0 14 92 62
car 0.0041 149 0 292 41
car 0.0039 0 22 22 52
car 0.0038 144 8 157 31
car 0.0033 -13 6 451 163
car 0.0031 146 0 214 38
car 0.0024 120 1 165 42
car 0.0024 428 34 477 92
car 0.0021 453 36 496 92
car 0.0019 0 26 93 96
car 0.0018 147 3 191 31
car 0.0015 0 18 23 93
car 0.0014 153 7 183 25
car 0.0012 89 28 150 47
car 0.0012 26 10 56 43
car 0.0012 460 37 476 93
car 0.0011 0 23 12 51
car 0.0011 29 2 263 85
motorbike 0.9944 28 37 446 276
bus 0.0069 4 2 140 50
bus 0.0045 138 -1 471 123
bus 0.0030 0 8 163 153
pottedplant 0.0014 0 2 23 49
