bird 0.7417 83 4 505 325
bird 0.4568 304 182 500 331
bird 0.3174 322 9 499 234
bird 0.1686 284 222 357 331
bird 0.1637 3 96 276 328
bird 0.0955 326 0 499 100
bird 0.0291 146 -3 489 203
bird 0.0236 266 218 445 333
bird 0.0220 300 282 441 331
bird 0.0208 198 288 293 332
bird 0.0125 191 231 397 328
bird 0.0061 3 159 495 327
bird 0.0046 26 0 82 45
bird 0.0042 308 153 439 277
bird 0.0040 24 238 475 325
bird 0.0028 331 181 413 260
bird 0.0021 373 245 495 329
bird 0.0014 143 29 333 320
bird 0.0011 234 87 513 320
pottedplant 0.0017 19 2 488 328
