person 0.9903 307 142 408 372
person 0.9897 327 61 399 174
person 0.9897 199 61 265 138
person 0.9857 257 56 332 168
person 0.9837 83 62 183 318
person 0.9607 158 66 201 136
person 0.9340 75 42 128 286
person 0.3366 118 323 289 372
person 0.3340 65 288 299 375
person 0.1758 74 46 130 148
person 0.0408 -3 251 147 373
person 0.0249 78 315 407 376
person 0.0243 145 65 203 302
person 0.0197 66 282 153 373
person 0.0130 3 285 104 372
person 0.0107 111 60 228 313
person 0.0085 55 254 434 377
person 0.0074 52 42 452 336
person 0.0059 161 80 172 95
person 0.0054 101 106 403 278
person 0.0034 0 115 15 394
person 0.0032 446 148 467 178
person 0.0031 113 345 292 378
person 0.0024 220 142 321 202
person 0.0023 150 67 187 126
person 0.0022 0 249 18 377
person 0.0021 434 132 472 178
person 0.0019 391 138 437 182
person 0.0017 155 60 331 333
person 0.0016 222 47 353 185
person 0.0014 0 246 61 366
person 0.0013 269 135 317 177
person 0.0013 188 131 358 215
person 0.0012 0 31 125 342
person 0.0012 30 175 337 375
person 0.0011 0 110 55 398
person 0.0011 71 41 286 273
person 0.0010 158 61 203 210
person 0.0010 51 59 211 153
cat 0.0062 118 323 289 372
dog 0.0540 118 323 289 372
dog 0.0030 57 282 349 372
bottle 0.0948 240 231 250 273
bottle 0.0260 231 246 239 273
bottle 0.0172 250 234 257 267
bottle 0.0115 232 227 241 273
bottle 0.0115 236 235 255 277
bottle 0.0047 247 229 259 272
bottle 0.0041 259 223 269 252
bottle 0.0033 267 226 276 272
bottle 0.0028 253 262 260 278
bottle 0.0022 231 264 239 276
bottle 0.0019 249 224 260 255
bottle 0.0016 239 228 252 256
bottle 0.0012 258 225 271 272
bottle 0.0012 239 229 265 272
bottle 0.0011 29 253 69 287
bottle 0.0010 228 242 245 276
bottle 0.0010 497 250 499 269
chair 0.0104 475 189 499 249
chair 0.0097 308 143 407 390
chair 0.0059 494 181 500 280
chair 0.0057 495 202 500 258
chair 0.0056 448 188 500 255
chair 0.0037 323 152 342 188
chair 0.0034 373 140 390 181
chair 0.0032 0 293 95 360
chair 0.0025 496 229 499 270
chair 0.0023 325 153 340 172
chair 0.0016 132 337 281 374
chair 0.0015 389 135 432 178
chair 0.0015 273 136 315 175
chair 0.0013 318 144 386 185
chair 0.0012 310 270 360 305
chair 0.0011 313 256 400 323
chair 0.0011 497 250 499 269
chair 0.0011 434 132 472 178
sofa 0.0036 77 284 359 374
sofa 0.0028 132 337 281 374
sofa 0.0018 308 143 407 390
diningtable 0.0080 383 144 501 222
diningtable 0.0074 145 129 361 321
diningtable 0.0063 390 170 501 276
diningtable 0.0058 215 143 312 197
diningtable 0.0049 118 323 289 372
diningtable 0.0041 379 176 490 211
diningtable 0.0040 96 99 467 344
diningtable 0.0036 50 259 439 370
diningtable 0.0035 78 315 407 376
diningtable 0.0030 303 141 411 337
diningtable 0.0025 318 132 497 233
diningtable 0.0019 310 132 504 319
diningtable 0.0011 230 137 433 376
tvmonitor 0.9393 390 136 432 181
tvmonitor 0.8816 432 132 468 179
tvmonitor 0.4985 212 135 313 196
tvmonitor 0.0175 446 148 467 178
tvmonitor 0.0084 379 127 444 191
tvmonitor 0.0074 456 134 470 177
tvmonitor 0.0073 374 135 390 177
tvmonitor 0.0040 273 136 315 175
tvmonitor 0.0034 0 294 95 358
tvmonitor 0.0025 325 153 340 172
tvmonitor 0.0019 425 126 479 191
tvmonitor 0.0014 188 131 358 215
tvmonitor 0.0013 145 129 361 321
tvmonitor 0.0013 198 60 266 141
tvmonitor 0.0012 447 133 486 181
tvmonitor 0.0010 242 153 266 175
