person 0.9699 0 239 60 374
person 0.0307 470 0 500 236
person 0.0286 0 239 11 356
person 0.0269 471 2 500 128
person 0.0185 0 245 8 292
person 0.0129 -1 245 31 368
person 0.0092 34 280 62 340
person 0.0084 0 235 16 313
person 0.0084 161 327 196 372
person 0.0049 0 255 6 376
person 0.0043 233 103 279 162
person 0.0042 31 229 52 288
person 0.0041 0 231 7 272
person 0.0030 0 265 9 329
person 0.0029 488 -3 500 135
person 0.0028 0 236 12 282
person 0.0025 470 84 500 304
person 0.0022 176 332 222 373
person 0.0021 3 221 53 291
person 0.0019 28 220 62 328
person 0.0015 406 4 499 226
person 0.0013 392 -9 500 375
person 0.0012 46 228 83 365
person 0.0011 0 273 5 340
person 0.0011 14 225 29 239
person 0.0011 76 293 104 375
person 0.0010 454 18 499 294
person 0.0010 1 243 23 294
person 0.0010 52 248 69 292
cat 0.0013 247 285 483 373
dog 0.0119 242 285 472 374
dog 0.0071 95 158 500 371
dog 0.0011 233 103 279 162
horse 0.0043 242 284 472 374
horse 0.0018 233 103 279 162
horse 0.0012 110 160 510 370
sheep 0.8210 95 157 498 369
sheep 0.1038 247 285 483 373
sheep 0.0070 234 205 511 376
sheep 0.0020 128 298 454 368
cow 0.0304 242 284 472 374
cow 0.0221 95 157 498 369
cow 0.0015 234 205 511 376
chair 0.0017 0 -17 500 382
chair 0.0015 0 215 11 240
pottedplant 0.0315 75 285 104 372
pottedplant 0.0029 13 238 86 370
pottedplant 0.0024 24 216 66 258
pottedplant 0.0024 57 248 118 369
pottedplant 0.0021 8 204 50 272
pottedplant 0.0020 14 225 29 239
pottedplant 0.0017 48 288 90 373
pottedplant 0.0017 30 233 54 281
pottedplant 0.0016 33 221 48 258
pottedplant 0.0013 29 221 43 241
pottedplant 0.0010 2 219 54 294
tvmonitor 0.0012 0 215 11 240
