person 0.2563 450 210 466 247
person 0.0539 0 230 24 329
person 0.0242 50 283 128 332
person 0.0186 0 238 24 276
person 0.0169 2 255 53 332
person 0.0136 453 201 479 263
person 0.0133 480 105 500 210
person 0.0127 484 127 500 178
person 0.0111 93 122 117 180
person 0.0106 0 250 133 334
person 0.0073 0 238 13 264
person 0.0068 127 113 154 158
person 0.0064 181 113 209 129
person 0.0061 478 64 500 330
person 0.0051 157 109 208 138
person 0.0049 0 274 22 340
person 0.0048 453 207 473 238
person 0.0041 451 90 500 332
person 0.0037 0 173 25 303
person 0.0030 100 282 150 332
person 0.0027 0 224 14 314
person 0.0023 108 276 132 319
person 0.0021 141 260 173 331
person 0.0021 488 106 500 277
person 0.0020 0 297 15 335
person 0.0020 485 121 500 150
person 0.0020 38 229 49 248
person 0.0018 0 223 9 258
person 0.0017 -1 316 17 335
person 0.0017 119 286 167 332
person 0.0015 154 111 212 197
person 0.0015 478 114 498 172
person 0.0014 0 190 52 322
person 0.0013 409 55 503 333
person 0.0013 453 197 488 307
person 0.0013 90 106 150 180
person 0.0013 110 277 127 297
person 0.0012 491 185 500 272
person 0.0012 0 215 8 245
person 0.0012 140 71 285 182
person 0.0012 495 227 500 250
person 0.0012 34 226 89 292
person 0.0011 167 98 229 135
person 0.0011 62 257 148 333
person 0.0011 0 242 10 293
person 0.0011 177 106 214 127
person 0.0011 162 60 280 137
person 0.0010 38 228 49 268
person 0.0010 0 215 28 245
car 0.0016 0 238 24 276
car 0.0013 0 232 24 326
motorbike 0.0014 0 239 23 334
train 0.9303 59 7 512 333
train 0.0547 478 64 500 330
train 0.0230 450 64 499 327
train 0.0061 480 105 500 210
train 0.0040 0 91 104 324
train 0.0037 406 52 502 337
train 0.0011 488 106 500 277
horse 0.0037 -1 247 130 334
horse 0.0015 47 282 130 332
chair 0.0094 0 239 23 334
chair 0.0054 3 256 52 331
chair 0.0011 -1 247 130 334
pottedplant 0.0010 -1 316 17 335
