person 0.7314 0 4 112 321
person 0.5212 318 18 499 310
person 0.2451 248 0 309 42
person 0.2209 479 0 500 78
person 0.0426 331 76 497 230
person 0.0327 262 47 480 205
person 0.0279 4 114 115 271
person 0.0270 446 -1 500 79
person 0.0180 253 -2 383 45
person 0.0176 398 88 499 318
person 0.0168 166 0 481 325
person 0.0151 1 25 205 226
person 0.0148 296 -4 493 88
person 0.0145 401 0 495 79
person 0.0130 394 4 499 230
person 0.0122 320 71 434 176
person 0.0116 257 -1 411 86
person 0.0080 424 0 480 36
person 0.0079 -2 -3 254 323
person 0.0061 229 0 261 33
person 0.0060 236 -4 421 195
person 0.0054 304 -2 373 37
person 0.0052 231 -2 323 81
person 0.0051 481 3 500 197
person 0.0047 384 -1 482 42
person 0.0044 122 8 348 311
person 0.0042 50 150 115 240
person 0.0037 213 -1 271 35
person 0.0035 202 -3 320 46
person 0.0034 485 22 500 86
person 0.0030 0 -2 46 119
person 0.0030 471 2 500 110
person 0.0026 1 -4 92 202
person 0.0026 473 0 500 36
person 0.0024 334 -3 492 162
person 0.0023 389 20 480 100
person 0.0022 291 -1 441 55
person 0.0022 0 -1 41 43
person 0.0019 478 -45 500 56
person 0.0018 4 -2 237 79
person 0.0017 0 41 65 309
person 0.0017 181 1 415 112
person 0.0016 393 43 474 85
person 0.0016 464 0 487 28
person 0.0016 0 8 19 265
person 0.0016 2 72 54 123
person 0.0015 0 19 60 178
person 0.0013 0 15 6 115
person 0.0012 250 117 507 269
person 0.0010 419 1 458 29
person 0.0010 486 53 500 77
person 0.0010 445 0 499 202
person 0.0010 205 0 356 162
bird 0.0021 117 6 333 314
cat 0.9779 118 3 333 315
cat 0.0081 77 0 499 326
dog 0.0022 118 19 333 318
bottle 0.0012 -1 0 42 40
chair 0.1521 409 177 499 316
chair 0.1237 318 61 498 331
chair 0.0888 392 1 494 80
chair 0.0655 479 0 500 78
chair 0.0604 105 4 344 276
chair 0.0547 286 186 338 231
chair 0.0383 296 1 407 86
chair 0.0287 3 1 239 174
chair 0.0264 395 80 499 309
chair 0.0224 216 6 442 240
chair 0.0223 283 167 376 239
chair 0.0221 234 0 260 31
chair 0.0174 393 43 474 85
chair 0.0143 262 47 480 205
chair 0.0117 0 -1 41 43
chair 0.0116 77 0 499 326
chair 0.0111 447 -1 500 79
chair 0.0100 486 53 500 77
chair 0.0099 2 72 54 123
chair 0.0071 35 49 174 218
chair 0.0063 4 -2 237 79
chair 0.0063 182 153 398 259
chair 0.0062 330 146 498 283
chair 0.0060 384 -1 482 42
chair 0.0058 424 0 480 36
chair 0.0056 0 -2 46 119
chair 0.0055 67 83 148 158
chair 0.0052 334 177 372 238
chair 0.0046 485 22 500 86
chair 0.0042 53 93 390 306
chair 0.0040 481 0 500 156
chair 0.0039 6 176 499 331
chair 0.0037 225 0 307 42
chair 0.0037 0 -4 111 276
chair 0.0035 390 0 498 184
chair 0.0030 29 70 147 172
chair 0.0029 456 32 495 79
chair 0.0029 316 153 390 238
chair 0.0028 214 -4 383 85
chair 0.0027 0 19 60 178
chair 0.0025 220 184 340 239
chair 0.0025 0 5 195 323
chair 0.0025 475 38 499 90
chair 0.0025 29 -6 403 195
chair 0.0024 405 31 488 77
chair 0.0024 264 111 402 241
chair 0.0023 471 2 500 110
chair 0.0022 435 114 498 299
chair 0.0020 288 4 376 49
chair 0.0019 481 30 500 283
chair 0.0018 213 -1 271 35
chair 0.0018 0 18 29 135
chair 0.0017 339 22 485 93
chair 0.0017 0 15 6 115
chair 0.0016 487 61 500 85
chair 0.0015 299 0 485 51
chair 0.0014 477 52 497 79
chair 0.0014 419 1 458 29
chair 0.0013 -2 0 69 16
chair 0.0013 493 184 500 330
chair 0.0012 -5 -2 70 39
chair 0.0012 70 0 359 96
chair 0.0012 36 86 68 139
chair 0.0012 7 81 56 107
chair 0.0011 8 92 57 132
chair 0.0010 487 37 500 132
chair 0.0010 0 36 4 94
chair 0.0010 -1 -14 106 124
chair 0.0010 0 42 9 145
sofa 0.0300 294 0 491 85
sofa 0.0041 392 1 494 80
sofa 0.0028 315 0 482 49
sofa 0.0013 123 20 344 318
sofa 0.0011 254 -5 410 93
pottedplant 0.2869 295 2 412 87
pottedplant 0.0688 299 -2 377 38
pottedplant 0.0283 315 0 482 49
pottedplant 0.0243 261 -1 389 49
pottedplant 0.0143 309 -2 369 23
pottedplant 0.0106 392 1 494 80
pottedplant 0.0053 214 -4 383 85
pottedplant 0.0047 236 -4 421 195
pottedplant 0.0036 385 -1 481 42
pottedplant 0.0029 268 -16 467 73
pottedplant 0.0026 320 0 397 30
pottedplant 0.0023 225 -2 337 48
pottedplant 0.0014 118 6 362 314
pottedplant 0.0013 170 -5 485 268
pottedplant 0.0011 379 0 458 17
diningtable 0.6826 -13 218 514 326
diningtable 0.5530 3 1 238 174
diningtable 0.2635 2 1 238 73
diningtable 0.1467 118 6 362 314
diningtable 0.0418 28 78 477 332
diningtable 0.0278 392 1 494 80
diningtable 0.0120 301 -3 492 87
diningtable 0.0095 393 43 474 85
diningtable 0.0084 318 18 499 310
diningtable 0.0081 35 49 174 218
diningtable 0.0072 -2 -3 254 323
diningtable 0.0031 48 78 164 159
diningtable 0.0024 182 153 398 259
diningtable 0.0022 0 -1 40 43
diningtable 0.0020 0 -2 44 92
diningtable 0.0015 79 30 167 132
diningtable 0.0015 384 -1 482 42
diningtable 0.0014 262 47 480 205
diningtable 0.0014 24 -4 409 192
diningtable 0.0012 447 -1 500 79
diningtable 0.0012 479 0 500 78
diningtable 0.0011 348 23 481 90
diningtable 0.0011 404 15 489 57
diningtable 0.0010 304 213 500 330
diningtable 0.0010 296 1 407 85
tvmonitor 0.0017 116 5 337 280
tvmonitor 0.0013 -1 0 42 40
