person 0.1188 305 165 318 183
person 0.1047 9 162 24 185
person 0.0576 120 160 137 184
person 0.0505 140 166 156 183
person 0.0379 115 154 141 190
person 0.0334 151 161 167 185
person 0.0298 324 167 338 182
person 0.0291 110 158 131 183
person 0.0250 318 167 328 182
person 0.0236 336 161 346 183
person 0.0230 421 166 430 179
person 0.0207 296 161 309 182
person 0.0203 124 156 135 174
person 0.0161 34 162 49 182
person 0.0153 209 163 223 181
person 0.0152 413 192 421 211
person 0.0137 131 165 147 184
person 0.0130 152 155 167 175
person 0.0128 289 159 302 184
person 0.0124 493 174 499 189
person 0.0115 103 161 118 183
person 0.0113 34 156 48 173
person 0.0112 89 136 182 226
person 0.0112 31 161 40 185
person 0.0107 0 169 5 192
person 0.0102 113 151 162 196
person 0.0093 155 174 163 185
person 0.0091 235 187 241 213
person 0.0088 431 165 440 179
person 0.0086 46 163 57 182
person 0.0085 337 154 348 176
person 0.0082 100 162 106 181
person 0.0071 57 162 69 182
person 0.0069 307 170 318 187
person 0.0068 215 138 357 224
person 0.0067 2 169 25 189
person 0.0061 13 146 69 202
person 0.0061 294 155 307 174
person 0.0059 141 154 155 174
person 0.0058 23 146 482 220
person 0.0057 184 182 190 201
person 0.0056 326 173 335 184
person 0.0054 136 159 160 186
person 0.0054 141 172 157 186
person 0.0054 28 176 42 189
person 0.0054 159 159 174 186
person 0.0051 -2 141 76 225
person 0.0048 104 153 119 178
person 0.0047 403 152 499 225
person 0.0040 219 163 229 179
person 0.0036 481 174 490 186
person 0.0035 10 153 23 178
person 0.0035 493 157 500 189
person 0.0035 472 166 481 181
person 0.0035 79 159 86 190
person 0.0033 413 165 426 180
person 0.0033 320 159 345 186
person 0.0033 441 165 449 180
person 0.0032 307 157 319 172
person 0.0032 119 158 157 187
person 0.0029 334 152 351 180
person 0.0026 292 157 313 186
person 0.0025 364 165 374 179
person 0.0025 471 172 483 189
person 0.0024 313 163 331 184
person 0.0024 13 159 28 188
person 0.0024 493 171 500 213
person 0.0023 362 143 409 217
person 0.0023 32 173 51 190
person 0.0022 259 178 266 190
person 0.0021 45 157 57 173
person 0.0020 480 166 489 183
person 0.0019 317 174 328 184
person 0.0019 132 158 143 173
person 0.0018 174 178 181 190
person 0.0017 0 166 6 216
person 0.0016 31 155 42 175
person 0.0016 0 144 4 184
person 0.0016 101 156 123 186
person 0.0014 160 174 175 189
person 0.0014 340 156 357 186
person 0.0013 358 162 366 182
person 0.0013 287 153 303 178
person 0.0012 139 146 286 213
person 0.0012 313 156 326 173
person 0.0012 385 159 393 171
person 0.0012 29 149 52 180
person 0.0012 52 154 75 190
person 0.0012 281 157 290 173
person 0.0011 339 145 359 198
person 0.0011 365 159 372 173
person 0.0011 366 160 393 186
person 0.0011 205 188 212 208
person 0.0011 0 158 8 190
person 0.0011 200 182 215 204
person 0.0010 326 155 341 176
person 0.0010 145 148 179 202
person 0.0010 120 171 140 188
car 0.0091 79 165 86 196
car 0.0048 340 201 361 219
car 0.0043 79 176 87 204
car 0.0035 78 192 89 212
car 0.0017 343 187 360 217
car 0.0012 176 195 183 205
car 0.0010 176 185 183 199
car 0.0010 0 169 5 192
bus 0.9971 227 140 359 226
bus 0.9952 85 138 177 227
bus 0.9921 0 140 84 228
bus 0.9910 402 149 498 219
bus 0.9876 356 143 404 217
bus 0.9381 179 146 232 208
bus 0.1177 79 159 86 190
bus 0.0251 139 146 286 213
bus 0.0142 13 146 69 202
bus 0.0103 209 163 223 181
bus 0.0083 23 146 482 220
bus 0.0053 0 169 5 192
bus 0.0050 80 158 86 174
bus 0.0035 113 151 162 196
bus 0.0035 0 143 20 216
bus 0.0033 1 165 25 194
bus 0.0026 0 166 6 216
bus 0.0026 77 160 88 199
bus 0.0020 0 162 9 201
bus 0.0019 340 144 368 218
bus 0.0018 365 163 395 200
bus 0.0018 8 161 25 185
bus 0.0018 115 154 141 190
bus 0.0016 28 176 42 189
bus 0.0016 79 176 87 204
bus 0.0014 219 163 229 179
bus 0.0014 190 166 223 198
bus 0.0011 316 145 495 218
train 0.0095 400 155 499 221
train 0.0087 1 145 82 232
train 0.0081 89 136 182 226
train 0.0051 215 138 357 224
train 0.0041 358 140 403 213
train 0.0038 180 148 232 211
