car 0.0016 6 4 492 266
bird 0.0016 259 18 348 68
cat 0.0012 0 112 7 249
cat 0.0011 0 96 14 293
dog 0.0022 0 112 7 249
dog 0.0013 0 96 14 293
horse 0.0100 95 0 336 74
horse 0.0084 6 4 492 266
horse 0.0069 242 5 359 72
horse 0.0033 33 -2 463 95
horse 0.0017 -3 -1 115 76
horse 0.0010 161 3 279 70
horse 0.0010 2 0 276 86
sheep 0.0341 259 18 348 68
sheep 0.0060 0 0 122 70
sheep 0.0039 6 4 492 266
sheep 0.0024 0 22 167 137
sheep 0.0017 95 0 336 74
sheep 0.0013 245 0 473 75
sheep 0.0010 0 88 14 265
cow 0.0061 9 48 487 270
cow 0.0029 0 0 122 70
cow 0.0023 259 18 348 68
chair 0.0020 -3 -1 115 76
chair 0.0010 0 4 15 236
chair 0.0010 0 -1 125 256
pottedplant 0.0027 6 4 492 266
diningtable 0.0248 -10 85 509 299
diningtable 0.0014 -5 -11 502 194
