person 0.8615 166 0 340 305
person 0.0035 57 72 280 275
person 0.0029 147 25 285 235
person 0.0028 433 130 497 231
person 0.0025 11 8 337 335
person 0.0022 101 110 226 236
bird 0.0015 222 322 246 344
cat 0.0058 222 321 246 344
cat 0.0011 218 335 235 355
cat 0.0010 173 0 346 309
dog 0.0010 222 321 246 344
chair 0.3422 328 124 497 342
chair 0.0468 330 127 493 232
chair 0.0108 0 111 142 399
chair 0.0073 7 102 277 380
chair 0.0069 71 110 203 229
chair 0.0037 0 122 113 298
chair 0.0015 412 129 498 228
sofa 0.5387 7 98 277 384
sofa 0.4488 328 124 497 342
sofa 0.0228 0 133 137 477
sofa 0.0118 71 110 203 229
sofa 0.0094 31 47 465 430
sofa 0.0053 31 114 146 349
sofa 0.0053 137 0 366 393
sofa 0.0049 57 72 280 275
sofa 0.0048 330 127 493 232
sofa 0.0035 0 122 113 298
sofa 0.0029 56 221 302 361
sofa 0.0017 0 142 90 400
sofa 0.0013 358 215 498 330
sofa 0.0012 317 223 502 486
pottedplant 0.2612 40 95 145 326
pottedplant 0.0567 162 0 339 289
pottedplant 0.0536 161 22 259 159
pottedplant 0.0192 17 82 258 348
pottedplant 0.0133 147 25 285 235
pottedplant 0.0086 11 106 160 454
pottedplant 0.0018 58 99 212 243
pottedplant 0.0017 0 122 113 298
pottedplant 0.0014 35 325 142 415
pottedplant 0.0013 152 45 220 113
pottedplant 0.0012 24 243 145 335
pottedplant 0.0010 50 92 124 223
diningtable 0.0213 1 300 505 481
diningtable 0.0091 192 323 401 448
diningtable 0.0052 232 334 371 407
