person 0.0319 493 204 500 234
person 0.0035 493 182 500 225
person 0.0031 472 194 499 228
person 0.0029 0 134 61 215
person 0.0023 0 142 22 215
person 0.0017 488 202 500 235
person 0.0011 495 208 500 248
person 0.0011 -4 118 155 303
person 0.0010 0 149 10 235
car 0.9524 0 116 160 304
car 0.8809 311 117 500 308
car 0.0031 0 134 62 215
car 0.0014 -9 43 506 331
car 0.0013 0 186 7 256
motorbike 0.0014 -3 120 154 300
aeroplane 0.0165 313 102 500 304
aeroplane 0.0017 -4 107 155 297
bus 0.0358 1 109 159 296
bus 0.0323 311 117 500 308
train 0.0027 -4 107 155 297
train 0.0026 313 102 500 304
boat 0.1998 313 102 500 304
boat 0.0070 1 109 159 296
boat 0.0023 454 115 501 192
