person 0.9925 336 108 423 367
person 0.9662 123 121 211 377
person 0.8726 186 125 290 252
person 0.8125 71 114 142 282
person 0.7706 254 186 351 369
person 0.0605 272 263 376 376
person 0.0559 269 188 353 291
person 0.0193 75 163 141 345
person 0.0170 73 116 182 343
person 0.0131 339 157 364 229
person 0.0100 165 179 274 341
person 0.0083 315 187 350 241
person 0.0055 194 212 285 313
person 0.0048 117 132 213 260
person 0.0042 207 138 279 229
person 0.0040 479 164 500 309
person 0.0030 479 121 500 234
person 0.0027 340 132 409 224
person 0.0020 336 148 383 233
person 0.0019 305 188 361 277
person 0.0018 85 116 252 280
person 0.0017 171 169 197 221
person 0.0016 286 187 352 247
person 0.0014 175 158 219 201
person 0.0013 196 241 285 279
person 0.0013 254 139 332 238
person 0.0012 474 106 500 361
person 0.0012 220 212 343 300
person 0.0011 489 119 500 264
person 0.0011 440 97 500 374
person 0.0011 59 104 153 213
person 0.0010 342 152 356 175
person 0.0010 320 160 354 233
person 0.0010 483 213 500 249
person 0.0010 203 133 275 189
car 0.0123 479 203 500 305
car 0.0105 478 221 499 258
car 0.0074 483 220 500 279
car 0.0032 483 213 500 249
car 0.0028 0 88 43 124
car 0.0016 1 90 41 105
car 0.0013 0 107 46 210
car 0.0010 474 142 500 365
boat 0.0038 -1 90 43 124
boat 0.0030 148 82 283 106
boat 0.0026 1 90 41 105
boat 0.0022 184 137 291 298
boat 0.0020 0 107 46 210
boat 0.0016 0 101 33 127
boat 0.0016 147 73 277 164
boat 0.0011 0 84 47 148
boat 0.0010 254 139 332 238
bottle 0.5015 252 234 262 259
bottle 0.0973 247 230 265 256
bottle 0.0151 269 230 280 255
bottle 0.0074 370 171 387 191
bottle 0.0046 351 164 370 184
bottle 0.0038 252 229 279 255
bottle 0.0036 339 153 360 192
bottle 0.0033 258 234 271 259
bottle 0.0029 251 174 263 191
bottle 0.0027 229 242 239 260
bottle 0.0023 255 173 267 189
bottle 0.0021 222 243 234 261
bottle 0.0018 197 226 210 240
bottle 0.0017 257 167 267 182
bottle 0.0016 343 152 356 172
bottle 0.0014 380 169 397 191
bottle 0.0014 248 164 264 183
bottle 0.0013 234 231 254 252
bottle 0.0013 222 250 234 265
bottle 0.0012 192 225 208 253
chair 0.9690 268 269 382 377
chair 0.8721 78 229 145 374
chair 0.0503 251 228 279 255
chair 0.0470 268 230 281 255
chair 0.0097 77 189 135 322
chair 0.0090 80 219 125 299
chair 0.0086 131 246 212 368
chair 0.0084 82 243 197 374
chair 0.0075 247 222 283 243
chair 0.0064 212 275 278 376
chair 0.0060 488 302 500 372
chair 0.0052 243 211 353 365
chair 0.0051 89 286 146 373
chair 0.0038 166 242 199 374
chair 0.0035 249 230 264 256
chair 0.0034 247 215 298 249
chair 0.0034 234 231 255 252
chair 0.0028 173 243 276 373
chair 0.0027 490 334 500 374
chair 0.0024 241 214 313 262
chair 0.0024 75 221 102 288
chair 0.0024 116 285 143 308
chair 0.0023 265 296 290 376
chair 0.0023 194 212 285 313
chair 0.0022 234 223 288 259
chair 0.0022 182 150 292 275
chair 0.0020 175 249 221 371
chair 0.0020 83 245 135 311
chair 0.0019 122 146 210 392
chair 0.0017 170 294 194 371
chair 0.0017 174 158 222 229
chair 0.0017 96 323 144 373
chair 0.0016 345 240 357 273
chair 0.0015 56 225 83 256
chair 0.0015 250 211 297 233
chair 0.0014 89 257 147 338
chair 0.0013 445 323 494 374
chair 0.0013 95 256 124 283
chair 0.0012 230 235 244 250
chair 0.0012 73 139 166 363
chair 0.0012 222 231 250 253
chair 0.0011 480 319 500 375
chair 0.0010 336 123 422 371
sofa 0.0023 170 150 280 326
sofa 0.0020 171 131 285 251
pottedplant 0.2422 430 231 501 373
pottedplant 0.0755 342 98 430 373
pottedplant 0.0429 254 139 332 238
pottedplant 0.0310 379 34 499 337
pottedplant 0.0210 0 61 104 309
pottedplant 0.0201 254 138 303 207
pottedplant 0.0138 249 144 278 179
pottedplant 0.0118 477 220 500 369
pottedplant 0.0100 70 111 142 281
pottedplant 0.0087 419 328 493 374
pottedplant 0.0086 18 48 153 258
pottedplant 0.0080 288 141 343 208
pottedplant 0.0069 412 145 498 374
pottedplant 0.0046 164 108 409 272
pottedplant 0.0045 -1 198 50 349
pottedplant 0.0041 440 294 498 374
pottedplant 0.0041 218 132 296 227
pottedplant 0.0040 267 125 366 251
pottedplant 0.0035 0 270 52 346
pottedplant 0.0033 29 53 155 161
pottedplant 0.0028 239 136 287 185
pottedplant 0.0026 489 223 500 371
pottedplant 0.0024 245 152 267 174
pottedplant 0.0023 186 125 290 252
pottedplant 0.0023 479 164 500 309
pottedplant 0.0022 -1 17 105 209
pottedplant 0.0022 253 159 273 188
pottedplant 0.0021 208 91 373 218
pottedplant 0.0021 247 126 346 203
pottedplant 0.0017 257 167 267 182
pottedplant 0.0017 434 75 501 314
pottedplant 0.0016 479 121 500 234
pottedplant 0.0015 257 189 346 277
pottedplant 0.0014 264 155 302 227
pottedplant 0.0013 0 175 93 355
pottedplant 0.0012 51 117 126 239
pottedplant 0.0012 483 293 500 375
pottedplant 0.0012 361 19 499 116
pottedplant 0.0011 253 127 311 182
pottedplant 0.0011 52 214 80 262
pottedplant 0.0011 484 220 500 299
pottedplant 0.0010 0 178 47 286
pottedplant 0.0010 316 17 499 191
pottedplant 0.0010 242 141 269 168
diningtable 0.5656 203 245 282 378
diningtable 0.1403 199 251 283 284
diningtable 0.0611 194 224 285 291
diningtable 0.0240 243 211 353 365
diningtable 0.0207 336 123 422 371
diningtable 0.0127 165 179 274 341
diningtable 0.0125 222 248 270 271
diningtable 0.0120 212 259 275 278
diningtable 0.0093 131 246 212 368
diningtable 0.0072 205 261 281 294
diningtable 0.0062 218 231 294 279
diningtable 0.0057 251 228 279 255
diningtable 0.0043 245 249 283 272
diningtable 0.0042 272 263 376 376
diningtable 0.0039 220 212 343 300
diningtable 0.0033 122 146 210 392
diningtable 0.0028 93 224 240 376
diningtable 0.0027 206 259 246 278
diningtable 0.0024 166 246 231 373
diningtable 0.0021 212 243 299 295
diningtable 0.0021 247 230 265 256
diningtable 0.0020 275 244 297 261
diningtable 0.0018 263 294 294 376
diningtable 0.0018 184 137 291 298
diningtable 0.0016 233 236 256 263
diningtable 0.0016 195 247 222 265
diningtable 0.0014 195 237 215 263
diningtable 0.0014 238 259 270 275
diningtable 0.0013 242 253 267 269
diningtable 0.0012 241 214 313 262
diningtable 0.0012 84 233 150 373
diningtable 0.0012 225 271 263 281
diningtable 0.0011 234 223 288 259
diningtable 0.0011 163 223 237 322
diningtable 0.0011 247 222 283 243
diningtable 0.0010 231 262 259 275
