person 0.0041 226 221 237 234
person 0.0013 205 210 226 233
person 0.0013 227 195 236 207
person 0.0012 490 127 500 254
person 0.0011 222 213 234 232
person 0.0010 207 206 222 220
person 0.0010 192 202 199 216
person 0.0010 348 276 377 337
dog 0.0010 344 277 380 341
bottle 0.1477 387 247 396 271
bottle 0.1218 350 275 375 324
bottle 0.0882 394 235 401 265
bottle 0.0673 38 85 48 107
bottle 0.0601 240 286 255 324
bottle 0.0596 386 234 395 266
bottle 0.0550 354 286 368 327
bottle 0.0384 30 83 38 106
bottle 0.0344 344 277 380 341
bottle 0.0320 362 290 375 325
bottle 0.0279 0 139 7 166
bottle 0.0278 0 124 8 161
bottle 0.0265 320 257 337 278
bottle 0.0259 1 117 11 153
bottle 0.0250 393 246 399 269
bottle 0.0233 44 79 55 112
bottle 0.0226 239 312 256 327
bottle 0.0206 39 77 53 95
bottle 0.0192 34 73 50 83
bottle 0.0189 395 233 400 250
bottle 0.0178 30 56 40 76
bottle 0.0173 376 248 383 264
bottle 0.0155 30 69 42 82
bottle 0.0146 0 154 7 173
bottle 0.0141 28 71 41 105
bottle 0.0131 35 81 52 110
bottle 0.0118 437 237 454 259
bottle 0.0113 331 198 335 219
bottle 0.0104 43 75 56 84
bottle 0.0102 356 274 371 290
bottle 0.0091 43 78 55 88
bottle 0.0078 35 56 46 76
bottle 0.0068 422 242 437 258
bottle 0.0066 386 233 394 250
bottle 0.0065 38 102 47 112
bottle 0.0062 464 249 472 265
bottle 0.0061 417 265 423 276
bottle 0.0052 405 205 413 220
bottle 0.0049 348 286 357 325
bottle 0.0047 23 75 30 102
bottle 0.0044 386 188 394 218
bottle 0.0044 348 243 355 257
bottle 0.0041 32 70 55 105
bottle 0.0039 7 127 14 159
bottle 0.0038 31 70 54 85
bottle 0.0037 321 252 336 270
bottle 0.0033 347 266 358 275
bottle 0.0033 365 187 374 218
bottle 0.0033 8 137 14 167
bottle 0.0030 321 254 329 269
bottle 0.0029 195 187 202 198
bottle 0.0026 221 315 228 322
bottle 0.0026 373 247 385 268
bottle 0.0025 375 188 384 218
bottle 0.0025 459 262 475 274
bottle 0.0022 491 219 500 260
bottle 0.0021 388 233 406 269
bottle 0.0021 0 145 9 179
bottle 0.0020 359 187 365 218
bottle 0.0020 478 263 489 277
bottle 0.0018 23 78 45 109
bottle 0.0017 424 263 436 278
bottle 0.0017 405 152 413 169
bottle 0.0016 347 284 355 293
bottle 0.0015 295 299 312 317
bottle 0.0015 302 237 322 277
bottle 0.0015 458 274 472 283
bottle 0.0013 30 52 51 79
bottle 0.0012 436 262 453 279
bottle 0.0012 346 251 359 266
bottle 0.0012 373 287 384 303
bottle 0.0012 238 315 257 334
bottle 0.0012 490 237 499 262
bottle 0.0011 452 239 465 260
bottle 0.0011 492 191 500 250
bottle 0.0010 0 162 7 182
bottle 0.0010 0 175 6 191
bottle 0.0010 461 247 475 268
bottle 0.0010 6 119 15 166
bottle 0.0010 25 65 46 89
bottle 0.0010 347 271 358 283
bottle 0.0010 27 49 39 70
chair 0.0423 345 280 392 339
chair 0.0255 347 276 377 322
chair 0.0219 302 286 343 315
chair 0.0152 295 299 312 318
chair 0.0090 373 287 413 324
chair 0.0081 284 288 356 321
chair 0.0068 491 282 500 370
chair 0.0044 261 301 288 315
chair 0.0039 356 276 370 293
chair 0.0034 346 284 357 316
chair 0.0032 178 302 460 373
chair 0.0029 494 335 500 376
chair 0.0025 300 298 319 317
chair 0.0022 362 290 375 325
chair 0.0020 494 304 500 366
chair 0.0020 490 237 499 262
chair 0.0019 289 297 333 317
chair 0.0018 237 278 435 345
chair 0.0018 344 314 378 341
chair 0.0016 354 286 368 327
chair 0.0015 295 281 373 338
chair 0.0015 491 219 500 260
chair 0.0014 387 340 502 423
chair 0.0014 413 329 501 378
chair 0.0013 403 376 499 437
chair 0.0013 243 354 342 375
chair 0.0010 297 351 348 374
chair 0.0010 486 181 500 258
chair 0.0010 373 287 384 303
chair 0.0010 490 253 500 265
pottedplant 0.9787 455 198 494 262
pottedplant 0.9285 245 108 348 133
pottedplant 0.3689 189 158 297 182
pottedplant 0.0586 191 153 251 180
pottedplant 0.0448 405 152 413 169
pottedplant 0.0404 491 189 500 252
pottedplant 0.0352 491 219 500 260
pottedplant 0.0151 477 195 498 265
pottedplant 0.0099 464 239 489 261
pottedplant 0.0071 271 112 315 132
pottedplant 0.0071 438 235 453 249
pottedplant 0.0067 490 237 499 262
pottedplant 0.0063 320 257 337 278
pottedplant 0.0054 192 160 221 181
pottedplant 0.0052 228 165 298 181
pottedplant 0.0049 437 237 454 259
pottedplant 0.0046 302 116 345 132
pottedplant 0.0042 268 168 299 180
pottedplant 0.0026 169 154 324 211
pottedplant 0.0024 405 205 413 220
pottedplant 0.0024 463 231 488 253
pottedplant 0.0022 228 162 262 181
pottedplant 0.0021 186 169 204 180
pottedplant 0.0020 219 155 249 173
pottedplant 0.0020 350 274 385 341
pottedplant 0.0016 234 91 356 138
pottedplant 0.0013 243 110 349 154
pottedplant 0.0012 240 285 255 325
pottedplant 0.0012 248 115 279 130
pottedplant 0.0012 247 111 303 131
pottedplant 0.0012 239 312 256 327
pottedplant 0.0011 490 253 500 265
pottedplant 0.0010 452 239 466 260
diningtable 0.6409 182 307 496 373
diningtable 0.0485 300 332 370 363
diningtable 0.0254 263 332 445 369
diningtable 0.0128 383 331 432 374
diningtable 0.0088 368 328 499 375
diningtable 0.0071 276 307 395 366
diningtable 0.0068 297 272 416 353
diningtable 0.0048 331 277 392 349
diningtable 0.0028 346 275 388 324
diningtable 0.0020 344 334 398 373
diningtable 0.0017 139 295 570 435
diningtable 0.0017 195 304 359 371
diningtable 0.0010 183 257 452 366
tvmonitor 0.0041 490 127 500 254
tvmonitor 0.0038 304 237 321 277
tvmonitor 0.0014 491 180 499 226
tvmonitor 0.0011 486 181 500 258
