chair 0.9933 117 127 213 250
chair 0.9448 53 116 131 215
chair 0.0304 127 131 208 178
chair 0.0236 89 121 132 208
chair 0.0173 102 128 172 188
chair 0.0138 89 128 151 177
chair 0.0118 127 134 171 175
chair 0.0116 88 119 133 157
chair 0.0096 101 138 160 165
chair 0.0060 109 122 132 145
chair 0.0052 100 138 121 168
chair 0.0049 100 137 161 152
chair 0.0047 103 128 170 158
chair 0.0046 104 144 134 159
chair 0.0045 81 123 183 232
chair 0.0045 120 133 177 151
chair 0.0040 118 137 137 145
chair 0.0038 101 132 123 154
chair 0.0038 122 131 175 214
chair 0.0035 132 151 166 174
chair 0.0034 135 137 163 144
chair 0.0031 131 143 167 166
chair 0.0030 0 103 7 223
chair 0.0028 111 138 132 147
chair 0.0027 139 125 163 141
chair 0.0025 98 151 124 175
chair 0.0018 145 136 169 145
chair 0.0016 65 119 135 169
chair 0.0013 121 132 134 143
chair 0.0011 140 132 210 216
chair 0.0011 0 116 12 236
sofa 0.0012 53 114 134 215
diningtable 0.2470 81 123 183 232
diningtable 0.1689 54 119 151 223
diningtable 0.0593 92 126 167 194
diningtable 0.0467 108 136 166 150
diningtable 0.0378 99 125 165 159
diningtable 0.0263 101 138 160 165
diningtable 0.0245 118 137 137 145
diningtable 0.0073 114 127 212 242
diningtable 0.0044 97 132 142 173
diningtable 0.0043 103 129 139 158
diningtable 0.0042 119 134 178 174
diningtable 0.0041 106 127 170 146
diningtable 0.0031 100 136 159 225
diningtable 0.0021 111 138 132 147
diningtable 0.0020 83 118 136 159
diningtable 0.0018 104 144 134 159
diningtable 0.0015 108 122 132 146
diningtable 0.0013 90 119 132 189
diningtable 0.0012 135 137 163 144
diningtable 0.0010 139 124 163 142
