person 0.0168 239 96 282 138
person 0.0124 270 116 321 148
person 0.0112 310 111 333 139
person 0.0091 493 91 499 100
person 0.0071 11 83 29 102
person 0.0064 416 90 423 100
person 0.0047 242 100 313 142
person 0.0033 78 78 466 296
person 0.0032 297 113 328 138
person 0.0029 448 92 460 98
person 0.0025 246 94 282 120
person 0.0024 468 88 480 98
person 0.0023 439 93 455 99
person 0.0020 217 98 259 140
person 0.0017 312 107 331 127
person 0.0013 299 106 335 145
person 0.0013 493 77 500 99
person 0.0013 419 91 440 101
person 0.0010 478 90 495 99
car 0.9958 50 79 428 290
car 0.1591 424 92 448 100
car 0.0244 419 91 440 101
car 0.0154 439 93 455 99
car 0.0118 493 91 499 100
car 0.0073 468 88 480 98
car 0.0060 448 92 460 98
car 0.0031 416 90 423 100
car 0.0029 246 71 266 81
car 0.0021 394 93 401 100
car 0.0014 493 77 500 99
car 0.0014 467 83 481 96
car 0.0010 414 90 476 100
car 0.0010 456 90 478 98
bus 0.0072 424 92 448 100
bus 0.0027 412 65 500 100
bus 0.0024 419 91 440 101
boat 0.0014 424 92 448 100
