person 0.9860 287 143 354 295
person 0.9859 168 24 286 310
person 0.0080 0 319 6 331
person 0.0080 0 300 7 332
person 0.0071 294 165 348 215
person 0.0058 257 146 272 172
person 0.0047 314 156 355 233
person 0.0044 249 136 279 171
person 0.0041 0 277 9 334
person 0.0036 0 11 17 341
person 0.0034 0 245 16 333
person 0.0032 0 191 7 343
person 0.0030 201 100 278 220
person 0.0029 0 311 9 336
person 0.0023 258 145 291 172
person 0.0021 299 166 341 197
person 0.0021 316 157 346 280
person 0.0021 301 183 343 236
person 0.0017 0 0 53 351
person 0.0017 464 56 485 111
person 0.0017 487 59 500 106
person 0.0016 0 133 4 345
person 0.0016 307 152 355 200
person 0.0014 492 80 500 106
person 0.0013 328 171 352 208
person 0.0010 0 322 6 343
bicycle 0.0012 257 140 299 172
car 0.0313 421 86 449 116
car 0.0024 356 96 389 125
motorbike 0.0012 356 95 389 125
bus 0.0012 443 58 470 111
train 0.0010 464 56 485 111
boat 0.0013 356 96 389 125
bird 0.0025 343 323 354 332
bird 0.0019 124 58 134 68
bottle 0.0261 327 57 336 70
bottle 0.0174 335 55 343 70
bottle 0.0061 343 323 354 332
bottle 0.0018 0 319 6 331
bottle 0.0011 84 75 99 99
bottle 0.0011 322 60 328 71
chair 0.0099 303 137 357 171
chair 0.0082 257 140 299 172
chair 0.0036 464 56 485 111
chair 0.0033 265 136 322 174
chair 0.0028 443 58 470 111
chair 0.0013 258 146 270 172
chair 0.0012 230 141 259 176
chair 0.0011 481 51 500 108
chair 0.0011 477 58 490 106
pottedplant 0.1208 356 96 390 126
pottedplant 0.1010 296 112 340 138
pottedplant 0.0834 298 -1 340 45
pottedplant 0.0567 299 -1 341 20
pottedplant 0.0324 242 38 289 130
pottedplant 0.0262 474 120 499 143
pottedplant 0.0183 353 0 373 31
pottedplant 0.0133 490 121 500 141
pottedplant 0.0124 273 -1 315 39
pottedplant 0.0107 230 142 258 176
pottedplant 0.0097 165 74 187 98
pottedplant 0.0089 351 0 394 32
pottedplant 0.0088 -3 2 65 168
pottedplant 0.0084 171 29 295 295
pottedplant 0.0084 251 83 298 144
pottedplant 0.0082 384 3 451 107
pottedplant 0.0080 282 13 297 36
pottedplant 0.0074 4 101 106 183
pottedplant 0.0072 237 62 293 166
pottedplant 0.0068 495 133 500 150
pottedplant 0.0057 476 119 498 133
pottedplant 0.0048 469 136 500 148
pottedplant 0.0047 303 136 355 170
pottedplant 0.0042 294 113 351 169
pottedplant 0.0040 -2 6 65 328
pottedplant 0.0038 311 117 346 142
pottedplant 0.0034 274 0 294 13
pottedplant 0.0034 259 109 299 171
pottedplant 0.0034 274 0 308 16
pottedplant 0.0031 142 2 223 95
pottedplant 0.0031 84 75 99 99
pottedplant 0.0030 231 136 286 173
pottedplant 0.0029 233 54 325 186
pottedplant 0.0028 223 119 262 196
pottedplant 0.0028 490 118 500 133
pottedplant 0.0023 394 -1 443 72
pottedplant 0.0023 458 126 476 135
pottedplant 0.0023 148 35 167 75
pottedplant 0.0023 368 0 393 15
pottedplant 0.0023 283 0 325 18
pottedplant 0.0023 293 0 315 16
pottedplant 0.0022 268 -7 377 57
pottedplant 0.0022 355 0 381 17
pottedplant 0.0021 145 0 178 79
pottedplant 0.0020 466 139 486 148
pottedplant 0.0020 468 114 500 155
pottedplant 0.0019 459 122 492 139
pottedplant 0.0019 241 77 399 181
pottedplant 0.0018 93 104 156 167
pottedplant 0.0018 364 95 389 116
pottedplant 0.0017 419 84 450 115
pottedplant 0.0016 163 66 195 102
pottedplant 0.0015 257 140 299 172
pottedplant 0.0015 278 117 330 143
pottedplant 0.0015 164 75 191 116
pottedplant 0.0015 355 102 366 124
pottedplant 0.0014 270 110 323 165
pottedplant 0.0014 236 15 416 157
pottedplant 0.0013 275 0 297 35
pottedplant 0.0013 334 -2 383 35
pottedplant 0.0012 269 106 298 138
pottedplant 0.0012 201 100 278 220
pottedplant 0.0011 475 83 500 155
pottedplant 0.0011 270 -1 458 116
pottedplant 0.0010 243 38 283 87
pottedplant 0.0010 155 112 180 165
pottedplant 0.0010 279 137 305 167
pottedplant 0.0010 257 93 342 149
diningtable 0.0057 350 117 484 160
