person 0.1026 12 355 18 367
person 0.0375 106 365 111 376
person 0.0128 232 372 239 381
person 0.0125 194 368 204 376
person 0.0061 214 369 223 376
person 0.0059 27 355 38 363
person 0.0049 219 368 229 377
person 0.0045 176 366 184 374
person 0.0045 260 369 269 386
person 0.0044 232 369 240 377
person 0.0044 67 374 76 384
person 0.0037 199 369 213 376
person 0.0031 10 349 19 357
person 0.0031 117 348 124 357
person 0.0030 102 366 108 375
person 0.0030 190 174 207 185
person 0.0026 249 373 259 383
person 0.0025 182 366 195 373
person 0.0022 292 400 316 412
person 0.0020 21 356 34 363
person 0.0020 37 355 52 363
person 0.0018 47 356 63 364
person 0.0018 260 367 269 378
person 0.0015 212 373 222 379
person 0.0014 137 361 148 375
person 0.0014 141 360 155 375
person 0.0013 136 355 149 370
person 0.0012 239 374 255 382
person 0.0012 274 394 293 408
person 0.0011 171 290 184 297
person 0.0010 116 352 128 366
person 0.0010 52 355 73 364
car 0.0088 47 356 63 364
car 0.0052 239 391 272 408
car 0.0050 37 355 52 363
car 0.0046 27 355 38 363
car 0.0024 256 395 274 408
car 0.0018 52 355 73 364
car 0.0016 21 356 34 363
car 0.0015 182 366 195 373
car 0.0012 199 369 213 376
car 0.0011 194 368 204 376
bus 0.0011 0 337 70 364
boat 0.5862 2 0 364 428
boat 0.2324 24 377 328 431
boat 0.1837 190 174 207 185
boat 0.1500 326 385 368 415
boat 0.1164 0 194 14 202
boat 0.1054 208 175 224 183
boat 0.1019 226 172 243 178
boat 0.0852 354 162 367 173
boat 0.0800 31 195 41 203
boat 0.0754 214 154 324 415
boat 0.0728 102 191 117 205
boat 0.0619 32 200 40 205
boat 0.0599 217 172 241 181
boat 0.0510 1 192 25 201
boat 0.0433 192 173 223 185
boat 0.0402 102 200 116 206
boat 0.0388 1 326 344 424
boat 0.0309 101 173 118 205
boat 0.0301 18 192 34 201
boat 0.0248 15 4 194 413
boat 0.0244 160 182 181 188
boat 0.0213 171 290 184 297
boat 0.0199 251 161 281 173
boat 0.0198 188 180 208 187
boat 0.0196 264 163 282 172
boat 0.0157 224 166 244 176
boat 0.0153 240 155 291 406
boat 0.0143 170 115 209 183
boat 0.0115 99 144 124 210
boat 0.0114 259 313 272 326
boat 0.0112 95 166 214 193
boat 0.0089 228 151 283 176
boat 0.0089 296 165 313 170
boat 0.0082 248 288 257 299
boat 0.0081 4 238 348 420
boat 0.0076 216 162 242 177
boat 0.0071 353 146 368 171
boat 0.0071 275 165 297 172
boat 0.0069 173 181 204 188
boat 0.0067 286 165 301 171
boat 0.0066 201 171 230 183
boat 0.0065 188 46 335 393
boat 0.0064 115 170 163 187
boat 0.0062 188 152 208 186
boat 0.0061 239 391 272 408
boat 0.0060 141 305 154 315
boat 0.0060 252 150 279 170
boat 0.0059 190 142 227 183
boat 0.0058 12 190 39 203
boat 0.0057 180 135 213 184
boat 0.0057 295 400 333 415
boat 0.0056 37 194 44 201
boat 0.0054 258 380 365 415
boat 0.0053 255 311 273 330
boat 0.0052 64 107 234 381
boat 0.0049 170 172 208 187
boat 0.0048 197 384 276 409
boat 0.0045 309 404 337 416
boat 0.0042 249 198 278 331
boat 0.0040 194 180 222 187
boat 0.0039 240 140 275 343
boat 0.0038 323 403 339 416
boat 0.0037 141 181 179 188
boat 0.0037 109 158 164 199
boat 0.0036 124 82 245 199
boat 0.0035 129 172 191 186
boat 0.0034 207 180 223 186
boat 0.0034 259 308 272 322
boat 0.0034 28 190 43 205
boat 0.0033 300 371 367 412
boat 0.0032 139 182 160 188
boat 0.0032 43 122 166 367
boat 0.0030 177 146 288 181
boat 0.0030 346 164 363 171
boat 0.0029 156 180 199 190
boat 0.0029 135 305 152 316
boat 0.0029 58 81 211 281
boat 0.0028 353 141 367 155
boat 0.0028 314 386 353 412
boat 0.0026 141 164 281 191
boat 0.0025 129 180 191 189
boat 0.0024 310 397 354 418
boat 0.0024 293 384 336 415
boat 0.0023 0 383 352 491
boat 0.0023 2 201 24 207
boat 0.0022 179 116 235 183
boat 0.0022 0 200 15 206
boat 0.0022 123 137 225 188
boat 0.0022 124 178 301 413
boat 0.0022 130 107 316 236
boat 0.0022 288 377 342 404
boat 0.0021 292 400 316 412
boat 0.0021 163 380 302 412
boat 0.0021 230 164 261 174
boat 0.0020 230 95 303 357
boat 0.0020 38 63 326 287
boat 0.0020 260 397 329 416
boat 0.0019 206 160 227 180
boat 0.0019 321 164 345 169
boat 0.0019 274 394 293 408
bird 0.0052 141 305 154 315
bird 0.0023 171 290 184 297
bird 0.0014 10 29 352 453
bird 0.0012 135 305 152 316
bird 0.0011 248 288 257 299
