person 0.9964 203 13 342 350
person 0.0426 192 9 207 28
person 0.0159 179 0 189 24
person 0.0125 172 8 201 28
person 0.0086 457 0 472 24
person 0.0078 184 8 212 29
person 0.0048 211 16 221 27
person 0.0039 165 10 193 27
person 0.0033 170 0 189 25
person 0.0016 446 0 470 22
person 0.0015 154 12 166 27
person 0.0015 156 11 177 27
person 0.0012 443 4 472 32
bicycle 0.0373 192 9 207 28
bicycle 0.0355 172 8 201 28
bicycle 0.0327 184 8 212 29
bicycle 0.0113 165 10 193 27
bicycle 0.0047 156 3 218 30
bicycle 0.0028 176 0 193 26
bicycle 0.0013 156 11 177 27
car 0.0073 177 7 215 29
car 0.0034 194 9 214 28
car 0.0031 0 0 24 20
car 0.0028 172 8 201 28
car 0.0023 165 10 193 27
car 0.0014 156 3 218 30
car 0.0013 156 11 177 27
car 0.0012 0 9 23 24
motorbike 0.9910 114 116 382 365
motorbike 0.0127 200 36 349 346
motorbike 0.0097 184 8 212 29
motorbike 0.0081 192 9 207 28
motorbike 0.0027 170 7 203 28
bus 0.0035 302 2 417 31
bird 0.0010 170 113 188 140
chair 0.0048 85 26 114 50
chair 0.0013 165 10 193 27
chair 0.0012 172 8 201 28
pottedplant 0.0014 469 0 501 46
pottedplant 0.0011 447 2 490 39
