person 0.0416 -1 88 132 372
person 0.0042 20 112 66 159
person 0.0029 379 9 500 368
person 0.0028 145 50 386 274
person 0.0021 110 19 150 71
person 0.0012 -1 95 66 224
person 0.0012 0 98 60 364
cat 0.0081 147 52 385 272
dog 0.9925 158 50 399 276
horse 0.0010 157 60 398 282
cow 0.0013 157 60 398 282
chair 0.3064 110 19 150 71
chair 0.0031 -1 124 130 374
chair 0.0029 99 2 194 64
chair 0.0015 62 19 157 71
chair 0.0013 145 50 386 274
chair 0.0011 135 18 186 65
sofa 0.0016 153 68 379 276
sofa 0.0016 -1 124 130 374
pottedplant 0.0061 400 2 498 50
pottedplant 0.0048 444 1 497 47
diningtable 0.0041 0 64 182 375
diningtable 0.0017 5 350 156 376
tvmonitor 0.0604 124 0 189 41
tvmonitor 0.0442 0 1 102 73
tvmonitor 0.0023 0 61 181 378
