person 0.0120 51 141 75 214
person 0.0080 60 138 70 168
person 0.0048 57 140 71 205
person 0.0021 -1 268 120 370
person 0.0010 447 72 467 102
bicycle 0.0055 0 267 109 370
car 0.0112 423 159 465 187
car 0.0041 286 100 335 129
car 0.0037 422 106 469 140
car 0.0021 283 107 299 125
car 0.0018 281 89 341 137
car 0.0016 451 109 466 137
car 0.0015 282 112 299 133
car 0.0012 427 58 445 93
car 0.0012 417 139 464 188
car 0.0011 415 164 462 201
car 0.0011 305 85 337 128
motorbike 0.0011 0 267 109 370
bottle 0.0211 217 233 227 268
bottle 0.0029 213 234 224 281
bottle 0.0027 216 233 223 252
bottle 0.0010 217 230 229 255
chair 0.8964 -1 274 120 373
chair 0.8730 122 173 199 292
chair 0.0818 23 145 79 248
chair 0.0115 50 142 76 222
chair 0.0108 124 181 173 264
chair 0.0065 19 147 109 274
chair 0.0063 0 249 97 344
chair 0.0048 0 323 102 374
chair 0.0045 184 156 212 266
chair 0.0034 19 38 110 259
chair 0.0031 380 238 435 369
chair 0.0029 126 167 196 237
chair 0.0029 128 181 167 222
chair 0.0027 0 287 64 374
chair 0.0025 146 147 215 287
chair 0.0025 43 173 79 248
chair 0.0024 141 185 175 217
chair 0.0022 61 268 121 370
chair 0.0020 45 151 93 252
chair 0.0020 154 190 163 211
chair 0.0019 147 209 167 232
chair 0.0019 185 140 202 161
chair 0.0017 0 273 21 355
chair 0.0016 0 171 108 363
chair 0.0016 441 172 500 376
chair 0.0012 0 292 45 340
chair 0.0011 11 284 113 330
chair 0.0011 57 140 71 205
chair 0.0010 0 202 19 346
chair 0.0010 51 187 75 217
sofa 0.0051 -1 268 120 370
pottedplant 0.0019 -1 268 120 370
pottedplant 0.0012 0 189 106 350
diningtable 0.0192 -1 268 120 370
diningtable 0.0017 0 273 21 355
diningtable 0.0014 0 189 106 350
diningtable 0.0011 121 181 194 294
tvmonitor 0.0112 441 169 500 371
