person 0.5704 334 -1 410 151
person 0.1338 240 0 339 141
person 0.0817 391 2 448 168
person 0.0357 300 2 362 69
person 0.0227 0 2 26 154
person 0.0202 243 0 310 49
person 0.0112 273 0 383 146
person 0.0098 378 12 417 152
person 0.0059 354 -2 402 117
person 0.0056 469 37 500 165
person 0.0045 474 30 500 105
person 0.0044 0 2 9 150
person 0.0043 314 2 403 86
person 0.0042 0 54 16 186
person 0.0039 333 -5 473 170
person 0.0034 239 1 329 72
person 0.0031 388 21 411 108
person 0.0030 1 0 42 197
person 0.0030 386 10 434 116
person 0.0022 448 2 500 123
person 0.0021 2 -1 92 145
person 0.0018 414 3 492 125
person 0.0014 0 54 27 220
person 0.0013 282 0 345 56
person 0.0011 7 -2 36 139
person 0.0011 456 97 498 332
person 0.0011 491 14 500 83
bottle 0.9391 396 8 454 189
bottle 0.6008 25 -3 179 292
bottle 0.5100 251 147 384 338
bottle 0.0825 240 0 339 141
bottle 0.0562 388 17 412 147
bottle 0.0275 164 0 247 159
bottle 0.0270 0 2 26 154
bottle 0.0104 394 24 416 110
bottle 0.0083 470 44 500 113
bottle 0.0071 446 71 463 181
bottle 0.0062 0 2 9 150
bottle 0.0052 287 153 341 207
bottle 0.0049 462 116 501 206
bottle 0.0032 468 36 500 205
bottle 0.0031 313 91 356 193
bottle 0.0028 332 -3 404 197
bottle 0.0026 201 0 245 51
bottle 0.0022 163 43 324 236
bottle 0.0022 375 20 420 170
bottle 0.0019 356 -6 425 138
bottle 0.0018 333 -5 473 170
bottle 0.0018 386 10 434 116
bottle 0.0018 387 8 413 90
bottle 0.0017 428 13 468 190
bottle 0.0017 399 25 413 70
bottle 0.0016 376 31 403 142
bottle 0.0016 10 0 178 146
bottle 0.0015 0 80 8 150
bottle 0.0015 0 54 16 186
bottle 0.0015 179 30 458 346
bottle 0.0014 1 -1 42 197
bottle 0.0013 213 96 343 261
bottle 0.0013 382 5 473 125
bottle 0.0011 235 68 406 304
bottle 0.0011 266 21 384 204
bottle 0.0011 435 23 458 167
chair 0.0045 0 2 26 154
chair 0.0030 470 44 500 113
chair 0.0011 0 54 16 186
pottedplant 0.0028 162 44 326 236
diningtable 0.2514 -4 235 521 372
diningtable 0.1029 -4 52 518 394
diningtable 0.0504 89 63 423 313
diningtable 0.0421 0 256 185 372
diningtable 0.0239 252 285 497 373
diningtable 0.0117 149 219 221 354
diningtable 0.0110 253 144 383 339
diningtable 0.0094 166 232 270 376
diningtable 0.0088 248 158 498 367
diningtable 0.0047 162 44 326 236
diningtable 0.0047 213 96 343 261
diningtable 0.0044 -2 165 266 374
diningtable 0.0035 445 240 501 363
diningtable 0.0030 80 220 276 368
diningtable 0.0026 363 145 499 299
diningtable 0.0022 380 236 500 372
diningtable 0.0020 0 103 49 292
diningtable 0.0020 216 0 511 373
diningtable 0.0017 454 123 499 343
diningtable 0.0016 35 280 398 374
diningtable 0.0014 0 127 27 229
diningtable 0.0013 153 129 356 312
