person 0.0048 242 164 433 336
person 0.0039 1 179 436 499
car 0.0028 399 199 438 236
car 0.0025 2 181 436 498
car 0.0019 397 189 438 207
motorbike 0.0010 2 2 434 500
train 0.0064 2 2 434 500
boat 0.0010 2 181 436 498
horse 0.0055 242 164 433 336
horse 0.0010 1 179 436 499
cow 0.0032 242 164 433 336
cow 0.0020 398 189 437 207
bottle 0.0034 123 199 220 292
pottedplant 0.0041 101 281 246 363
pottedplant 0.0026 2 2 434 500
pottedplant 0.0026 -7 15 352 233
pottedplant 0.0015 123 199 220 292
diningtable 0.0020 -2 -9 440 509
