person 0.8031 5 306 26 339
person 0.6575 42 309 70 350
person 0.2601 73 308 96 353
person 0.1965 77 308 94 334
person 0.1654 80 307 93 322
person 0.1485 35 307 55 336
person 0.1024 105 326 117 352
person 0.0760 -1 309 24 350
person 0.0448 34 309 59 351
person 0.0412 57 307 106 356
person 0.0340 66 331 79 351
person 0.0249 30 308 49 351
person 0.0214 64 311 90 352
person 0.0213 88 309 101 351
person 0.0162 84 308 102 335
person 0.0146 200 348 221 358
person 0.0139 133 347 149 371
person 0.0126 130 336 156 366
person 0.0121 77 310 112 355
person 0.0119 128 350 140 369
person 0.0103 59 328 76 352
person 0.0085 100 323 114 345
person 0.0082 196 344 208 359
person 0.0067 40 305 70 323
person 0.0061 203 354 215 359
person 0.0060 45 293 122 354
person 0.0053 134 332 149 347
person 0.0050 4 318 332 403
person 0.0049 54 308 73 335
person 0.0047 58 307 70 321
person 0.0046 1 307 151 409
person 0.0045 215 336 225 346
person 0.0045 107 335 119 362
person 0.0044 86 306 99 323
person 0.0042 8 287 331 375
person 0.0041 125 337 143 365
person 0.0039 1 331 29 350
person 0.0039 253 348 265 356
person 0.0038 112 266 121 280
person 0.0035 29 304 68 343
person 0.0031 243 348 256 357
person 0.0031 0 214 11 236
person 0.0030 135 327 146 341
person 0.0028 195 355 207 359
person 0.0027 35 306 45 324
person 0.0027 69 313 86 334
person 0.0026 122 330 157 376
person 0.0026 1 256 12 276
person 0.0026 30 331 46 351
person 0.0025 120 351 129 365
person 0.0025 3 310 49 350
person 0.0025 148 318 159 342
person 0.0023 127 330 142 351
person 0.0022 83 324 104 355
person 0.0021 8 306 24 322
person 0.0021 132 331 153 352
person 0.0021 116 325 128 355
person 0.0020 97 310 135 364
person 0.0020 117 317 130 346
person 0.0018 118 341 128 361
person 0.0016 12 303 107 368
person 0.0016 92 324 145 385
person 0.0016 260 347 280 356
person 0.0016 143 342 158 357
person 0.0016 197 337 220 348
person 0.0015 124 320 143 343
person 0.0015 13 218 22 232
person 0.0015 112 322 133 359
person 0.0015 167 347 176 357
person 0.0015 0 215 18 256
person 0.0013 47 285 210 381
person 0.0012 120 309 156 365
person 0.0012 209 348 231 357
person 0.0011 110 352 120 363
person 0.0011 4 305 16 323
person 0.0011 39 343 56 352
person 0.0010 12 334 39 350
person 0.0010 103 329 121 366
person 0.0010 47 344 61 352
person 0.0010 97 297 105 306
bicycle 0.0053 1 332 29 350
bicycle 0.0022 3 309 27 349
car 0.0368 265 347 284 355
car 0.0361 209 348 231 357
car 0.0030 215 349 240 357
car 0.0027 0 328 23 350
car 0.0017 253 348 265 356
car 0.0012 193 284 223 301
car 0.0011 2 308 27 350
motorbike 0.0051 1 332 29 350
motorbike 0.0042 2 308 27 350
boat 0.7966 -4 3 170 403
boat 0.1938 209 348 231 357
boat 0.1865 260 347 280 356
boat 0.1228 -2 335 154 400
boat 0.0674 312 344 333 356
boat 0.0207 288 319 333 355
boat 0.0204 215 349 240 357
boat 0.0190 253 348 265 356
boat 0.0189 -1 278 155 395
boat 0.0165 226 347 249 357
boat 0.0153 196 344 208 359
boat 0.0137 243 348 256 357
boat 0.0126 200 348 221 358
boat 0.0115 313 328 333 355
boat 0.0101 292 346 320 355
boat 0.0078 290 346 306 355
boat 0.0074 57 307 106 356
boat 0.0063 212 354 227 359
boat 0.0056 195 355 207 359
boat 0.0055 205 346 250 358
boat 0.0048 203 354 215 359
boat 0.0045 277 347 295 355
boat 0.0045 287 342 328 357
boat 0.0041 83 358 149 402
boat 0.0040 316 317 332 350
boat 0.0038 215 336 225 346
boat 0.0034 189 343 232 359
boat 0.0030 1 331 29 350
boat 0.0029 193 332 209 354
boat 0.0028 255 344 318 356
boat 0.0024 45 293 122 354
boat 0.0022 191 322 275 358
boat 0.0020 2 308 27 350
boat 0.0019 0 347 94 404
boat 0.0019 228 343 268 358
boat 0.0019 197 337 220 348
boat 0.0018 191 339 213 360
boat 0.0017 303 322 330 343
boat 0.0016 179 337 291 364
boat 0.0015 4 318 332 403
boat 0.0015 40 308 71 351
boat 0.0015 0 378 89 406
boat 0.0014 230 354 246 359
boat 0.0014 5 359 151 416
boat 0.0013 220 354 238 359
boat 0.0013 178 310 323 363
boat 0.0012 8 -3 311 365
boat 0.0012 51 347 148 405
boat 0.0012 196 330 242 355
boat 0.0011 328 344 335 354
boat 0.0011 231 337 246 350
boat 0.0011 246 344 270 358
boat 0.0011 8 287 331 375
boat 0.0010 275 327 299 354
boat 0.0010 242 354 255 359
boat 0.0010 70 311 98 351
bird 0.0023 112 266 121 280
bird 0.0012 56 0 63 8
chair 0.0025 0 329 22 350
