person 0.9539 469 227 486 282
person 0.9152 448 222 471 286
person 0.4303 111 215 126 237
person 0.3808 103 216 121 236
person 0.2578 326 207 340 233
person 0.1649 456 222 486 284
person 0.1515 299 209 310 244
person 0.1483 313 211 332 245
person 0.1447 134 222 148 236
person 0.1106 275 218 286 236
person 0.0951 351 204 371 234
person 0.0912 315 209 328 232
person 0.0711 136 136 147 151
person 0.0665 322 210 340 245
person 0.0573 47 175 57 184
person 0.0545 98 217 109 235
person 0.0515 349 215 370 239
person 0.0474 354 202 385 234
person 0.0468 451 220 463 238
person 0.0459 431 223 442 251
person 0.0455 496 234 500 264
person 0.0389 456 227 471 268
person 0.0359 25 172 42 185
person 0.0323 351 208 388 253
person 0.0278 471 227 478 235
person 0.0258 476 230 489 280
person 0.0254 139 133 154 151
person 0.0238 25 209 42 228
person 0.0224 457 221 469 238
person 0.0206 105 148 118 155
person 0.0202 35 211 46 225
person 0.0198 451 225 468 252
person 0.0179 111 148 126 155
person 0.0163 86 56 455 308
person 0.0159 368 202 387 233
person 0.0152 34 173 53 184
person 0.0152 139 223 152 236
person 0.0144 154 138 166 150
person 0.0142 330 215 345 240
person 0.0137 495 225 500 253
person 0.0128 357 216 378 236
person 0.0127 349 220 358 235
person 0.0124 449 214 458 228
person 0.0124 423 227 434 250
person 0.0112 480 236 489 258
person 0.0108 300 209 324 245
person 0.0108 15 164 52 183
person 0.0093 329 205 348 235
person 0.0081 349 220 371 251
person 0.0080 16 173 30 183
person 0.0077 171 208 183 226
person 0.0076 455 249 471 283
person 0.0075 432 220 440 241
person 0.0071 56 177 65 184
person 0.0068 344 216 362 240
person 0.0063 447 219 454 239
person 0.0057 15 166 31 181
person 0.0056 494 220 499 277
person 0.0054 450 251 464 284
person 0.0054 314 203 347 238
person 0.0051 449 218 467 242
person 0.0051 173 136 185 147
person 0.0051 279 124 289 136
person 0.0050 160 136 171 149
person 0.0048 302 201 337 241
person 0.0047 445 225 453 248
person 0.0046 362 193 392 231
person 0.0044 495 251 500 282
person 0.0044 183 134 193 147
person 0.0041 280 119 289 132
person 0.0041 478 259 486 278
person 0.0040 345 206 359 235
person 0.0037 5 171 22 185
person 0.0037 140 207 161 233
person 0.0034 3 161 66 197
person 0.0034 189 211 202 227
person 0.0034 0 152 70 252
person 0.0033 131 208 147 235
person 0.0033 120 218 140 236
person 0.0030 199 121 212 144
person 0.0030 356 199 368 225
person 0.0030 149 208 163 228
person 0.0028 183 125 193 144
person 0.0027 432 235 444 257
person 0.0027 335 204 367 236
person 0.0026 470 228 482 251
person 0.0025 7 164 23 182
person 0.0023 493 234 500 299
person 0.0023 132 132 150 153
person 0.0023 0 194 3 224
person 0.0022 342 200 379 239
person 0.0021 328 115 339 128
person 0.0021 192 123 203 144
person 0.0020 436 214 497 290
person 0.0020 459 215 468 228
person 0.0020 0 155 5 204
person 0.0019 188 216 202 239
person 0.0018 134 142 148 154
person 0.0018 123 146 133 153
person 0.0017 479 230 491 252
bicycle 0.0044 471 259 483 278
bicycle 0.0042 496 234 500 264
bicycle 0.0032 450 251 464 284
bicycle 0.0023 478 259 486 278
bicycle 0.0017 450 268 463 285
bicycle 0.0012 470 226 486 282
car 0.0049 480 230 491 251
car 0.0046 495 225 500 253
car 0.0036 496 234 500 264
car 0.0019 58 209 68 225
car 0.0014 0 235 10 263
car 0.0010 471 227 478 235
motorbike 0.0015 496 234 500 264
bus 0.9986 61 63 458 320
bus 0.8583 -2 158 70 260
bus 0.0969 -2 159 71 190
bus 0.0113 0 155 5 204
bus 0.0112 15 164 52 183
bus 0.0093 25 172 42 185
bus 0.0085 25 209 42 228
bus 0.0073 0 195 64 279
bus 0.0053 34 173 53 184
bus 0.0039 0 139 5 260
bus 0.0032 0 156 23 270
bus 0.0020 0 194 3 224
bus 0.0018 10 192 71 246
bus 0.0018 0 180 7 278
bus 0.0016 35 211 46 225
bus 0.0015 0 149 70 175
bus 0.0014 0 172 3 228
bus 0.0014 58 209 68 225
bus 0.0013 -2 161 29 199
bus 0.0013 5 171 22 185
bus 0.0013 3 160 66 218
bus 0.0012 47 175 57 184
bus 0.0011 15 166 31 181
bus 0.0010 4 161 26 184
bus 0.0010 3 145 67 163
train 0.0044 1 163 67 255
chair 0.0356 154 138 166 150
chair 0.0237 173 136 185 147
chair 0.0145 160 136 171 149
chair 0.0084 139 133 154 151
chair 0.0065 183 134 193 147
chair 0.0052 136 136 147 151
chair 0.0052 0 238 10 295
chair 0.0042 264 123 280 137
chair 0.0029 111 148 126 155
chair 0.0028 211 123 221 142
chair 0.0028 105 148 118 155
chair 0.0026 151 126 166 144
chair 0.0023 121 136 135 152
chair 0.0023 86 56 455 308
chair 0.0021 199 121 212 144
chair 0.0021 220 126 230 141
chair 0.0017 162 127 172 142
chair 0.0016 152 144 166 151
chair 0.0015 183 125 193 144
chair 0.0015 123 146 133 153
chair 0.0012 199 135 211 145
chair 0.0011 172 125 186 145
chair 0.0011 148 131 170 151
chair 0.0011 242 127 251 139
chair 0.0010 280 119 289 132
chair 0.0010 192 134 202 146
chair 0.0010 246 124 261 139
chair 0.0010 279 124 289 136
pottedplant 0.0079 447 165 462 192
