person 0.0051 129 100 162 142
person 0.0036 139 99 182 144
person 0.0027 142 112 176 140
person 0.0018 56 82 263 201
person 0.0015 216 148 232 160
person 0.0010 136 101 159 130
car 0.9782 178 138 500 295
car 0.9328 2 93 311 353
car 0.3195 410 150 496 227
car 0.1368 452 169 499 219
car 0.0863 -2 126 75 232
car 0.0620 343 122 494 240
car 0.0434 -1 123 73 341
car 0.0325 478 176 500 251
car 0.0286 105 65 198 94
car 0.0269 473 172 500 212
car 0.0269 31 80 255 205
car 0.0254 445 171 499 254
car 0.0188 432 157 499 208
car 0.0114 485 174 500 210
car 0.0106 456 177 497 206
car 0.0082 488 177 500 264
car 0.0060 409 154 489 195
car 0.0053 369 167 409 183
car 0.0050 453 156 499 191
car 0.0044 -1 126 73 160
car 0.0036 473 160 499 188
car 0.0035 206 136 355 189
car 0.0031 0 126 127 264
car 0.0026 -2 103 169 366
car 0.0026 87 119 487 248
car 0.0023 336 77 490 202
car 0.0022 488 157 500 190
car 0.0021 345 165 412 185
car 0.0020 358 153 502 277
car 0.0018 412 125 500 202
car 0.0018 337 157 450 197
car 0.0014 155 147 367 200
car 0.0013 493 197 500 262
car 0.0012 0 102 215 253
car 0.0010 -2 97 74 189
motorbike 0.0027 104 67 199 93
motorbike 0.0027 9 88 289 348
motorbike 0.0014 31 80 255 205
aeroplane 0.0011 31 80 255 205
bus 0.0026 9 88 289 348
boat 0.0047 340 79 489 190
boat 0.0041 31 80 255 205
boat 0.0030 110 67 201 93
chair 0.0012 338 76 488 201
pottedplant 0.0025 317 121 341 146
