person 0.1253 0 3 87 209
person 0.0869 0 -17 498 311
person 0.0070 0 33 94 393
person 0.0030 32 -8 464 172
person 0.0020 4 -9 198 388
person 0.0014 -2 3 129 275
cat 0.9460 10 97 488 272
cat 0.0020 0 26 89 323
dog 0.0056 10 97 488 272
dog 0.0010 0 26 89 323
chair 0.1385 2 -15 496 306
chair 0.0038 32 -8 464 172
chair 0.0030 8 221 496 374
chair 0.0028 445 2 500 168
chair 0.0010 0 3 87 209
sofa 0.4904 2 -15 496 306
sofa 0.0192 32 -8 464 172
sofa 0.0110 3 220 501 375
sofa 0.0040 445 2 500 168
sofa 0.0021 1 2 89 377
sofa 0.0020 438 1 500 377
sofa 0.0017 8 96 434 271
sofa 0.0012 0 -4 88 171
