person 0.0036 -5 -6 426 257
car 0.0021 9 -10 487 395
cat 0.9872 -6 17 424 263
cat 0.0022 488 60 500 175
cat 0.0010 492 70 500 161
bottle 0.0018 492 75 500 169
chair 0.1386 2 13 473 271
chair 0.0116 -1 -1 409 143
chair 0.0072 375 37 500 255
chair 0.0030 432 153 500 230
chair 0.0021 346 56 462 239
chair 0.0015 406 0 485 114
chair 0.0014 252 53 499 260
chair 0.0012 488 60 500 175
sofa 0.7339 1 14 474 267
sofa 0.0426 -1 -1 409 143
sofa 0.0164 11 243 495 373
sofa 0.0050 375 37 500 255
sofa 0.0037 432 152 500 233
sofa 0.0014 38 106 465 336
sofa 0.0014 346 56 462 239
sofa 0.0013 404 150 499 277
sofa 0.0012 252 53 499 260
pottedplant 0.0016 486 0 500 164
pottedplant 0.0011 488 60 500 175
pottedplant 0.0011 492 70 500 161
