person 0.0495 182 168 231 180
person 0.0105 367 157 415 172
person 0.0061 320 177 360 186
person 0.0052 187 194 225 208
person 0.0049 435 149 443 166
person 0.0042 219 158 252 169
person 0.0040 242 148 287 164
person 0.0037 266 136 280 156
person 0.0032 207 160 247 172
person 0.0029 172 167 199 177
person 0.0028 329 176 371 192
person 0.0027 472 245 487 314
person 0.0025 197 164 215 172
person 0.0021 241 156 289 175
person 0.0020 106 132 448 265
person 0.0017 234 193 252 209
person 0.0016 279 162 289 168
person 0.0014 389 158 427 169
person 0.0013 169 164 181 170
person 0.0012 234 167 255 178
person 0.0012 378 153 401 163
person 0.0010 195 190 219 201
car 0.0027 474 245 489 313
car 0.0010 325 164 375 179
aeroplane 0.0149 140 251 219 269
aeroplane 0.0018 305 207 436 238
aeroplane 0.0016 471 245 487 314
boat 0.8147 91 200 258 231
boat 0.8042 296 179 445 208
boat 0.5650 172 167 260 183
boat 0.5107 177 173 256 189
boat 0.4488 475 246 488 314
boat 0.3670 301 167 444 197
boat 0.3548 220 116 291 172
boat 0.3196 222 146 292 176
boat 0.2902 327 175 412 194
boat 0.2371 371 157 421 172
boat 0.2003 324 164 377 179
boat 0.1997 317 162 425 183
boat 0.1865 324 157 429 175
boat 0.1557 93 189 259 219
boat 0.1520 93 149 123 157
boat 0.1102 253 163 290 180
boat 0.1024 241 156 289 175
boat 0.0889 370 152 445 174
boat 0.0664 182 168 231 180
boat 0.0638 177 186 257 202
boat 0.0612 219 158 252 169
boat 0.0578 171 164 298 190
boat 0.0564 157 190 252 211
boat 0.0549 305 199 434 227
boat 0.0516 305 207 436 238
boat 0.0508 109 133 458 206
boat 0.0504 191 166 277 180
boat 0.0484 353 176 386 191
boat 0.0421 242 148 287 164
boat 0.0415 369 159 447 187
boat 0.0408 100 145 456 265
boat 0.0407 435 149 443 166
boat 0.0362 187 159 263 174
boat 0.0344 208 156 283 173
boat 0.0327 97 198 250 265
boat 0.0299 140 251 219 269
boat 0.0230 222 161 287 183
boat 0.0228 374 162 420 182
boat 0.0227 55 150 84 156
boat 0.0218 170 143 272 184
boat 0.0217 302 176 381 191
boat 0.0202 351 172 445 195
boat 0.0197 198 187 293 201
boat 0.0196 184 125 292 187
boat 0.0188 253 176 289 194
boat 0.0185 265 114 283 159
boat 0.0178 137 186 217 200
boat 0.0158 477 245 487 280
boat 0.0154 389 158 427 169
boat 0.0151 320 177 360 186
boat 0.0149 174 184 298 206
boat 0.0147 231 163 313 195
boat 0.0147 258 115 289 168
boat 0.0146 207 160 247 172
boat 0.0144 411 153 444 171
boat 0.0142 214 192 256 209
boat 0.0139 169 164 181 170
boat 0.0130 266 136 280 156
boat 0.0122 216 166 254 179
boat 0.0116 234 167 255 178
boat 0.0113 154 180 361 208
boat 0.0107 209 141 262 169
boat 0.0105 250 164 295 191
boat 0.0094 169 195 225 210
boat 0.0091 172 167 199 177
boat 0.0090 431 151 445 172
boat 0.0088 347 168 392 180
boat 0.0088 123 149 156 155
boat 0.0087 82 150 94 156
boat 0.0083 248 137 280 157
boat 0.0081 314 146 471 197
boat 0.0079 38 168 378 240
boat 0.0079 117 105 455 177
boat 0.0075 250 138 291 174
boat 0.0072 195 190 219 201
boat 0.0066 297 189 445 243
boat 0.0066 222 150 248 164
boat 0.0062 134 236 223 269
boat 0.0059 217 123 254 165
boat 0.0058 218 172 289 196
boat 0.0058 172 188 221 202
boat 0.0054 193 188 238 201
boat 0.0051 169 165 185 177
boat 0.0051 249 183 284 198
boat 0.0050 421 151 453 172
boat 0.0049 379 173 417 193
boat 0.0049 320 174 344 180
boat 0.0049 196 193 235 209
boat 0.0048 442 159 468 169
boat 0.0046 223 145 267 166
boat 0.0045 213 191 257 200
boat 0.0044 284 194 457 277
boat 0.0044 179 159 458 202
boat 0.0044 340 181 455 202
boat 0.0042 171 112 374 202
boat 0.0042 432 154 463 170
boat 0.0042 143 186 191 195
boat 0.0041 332 160 385 175
boat 0.0041 476 277 488 317
boat 0.0040 362 157 398 172
bird 0.0026 348 323 358 327
bird 0.0016 435 149 443 166
bird 0.0011 466 92 470 97
chair 0.0010 79 148 479 331
chair 0.0010 218 192 253 208
chair 0.0010 327 175 412 194
