person 0.6436 22 165 41 205
person 0.5124 55 168 66 201
person 0.5094 34 171 47 207
person 0.4095 48 166 60 203
person 0.4005 29 170 43 207
person 0.1727 65 168 76 197
person 0.1594 66 169 75 181
person 0.0854 25 164 37 181
person 0.0772 21 171 33 207
person 0.0376 64 170 79 209
person 0.0305 34 165 60 204
person 0.0284 20 164 33 187
person 0.0266 75 181 85 204
person 0.0214 38 168 45 181
person 0.0145 74 170 84 196
person 0.0074 10 160 47 208
person 0.0051 56 167 66 183
person 0.0047 50 165 59 184
person 0.0043 305 127 315 145
person 0.0042 0 147 97 218
person 0.0041 0 162 8 186
person 0.0039 21 167 70 211
person 0.0035 48 168 80 213
person 0.0033 65 167 77 184
person 0.0033 76 165 84 182
person 0.0033 0 174 24 207
person 0.0027 101 161 116 178
person 0.0023 12 147 16 156
person 0.0022 0 169 13 200
person 0.0022 77 108 106 199
person 0.0022 114 192 125 205
person 0.0018 492 152 500 175
person 0.0017 72 167 87 202
person 0.0014 33 165 95 216
person 0.0013 29 163 35 171
person 0.0012 35 164 50 187
person 0.0010 76 150 100 205
person 0.0010 81 164 97 203
bicycle 0.0015 29 170 43 207
bicycle 0.0010 21 171 33 206
car 0.6704 0 174 24 207
car 0.0761 0 169 13 200
car 0.0670 21 171 33 207
car 0.0266 12 171 41 207
car 0.0184 29 170 43 207
car 0.0085 2 191 24 208
car 0.0063 0 162 8 186
car 0.0034 34 165 60 204
car 0.0032 0 183 12 216
car 0.0028 18 191 30 207
car 0.0020 0 155 10 194
car 0.0015 35 168 48 202
car 0.0011 21 167 70 211
car 0.0011 -1 174 15 225
car 0.0010 -7 158 64 229
motorbike 0.0012 29 170 43 207
train 0.9826 67 87 498 261
train 0.0017 59 100 303 255
boat 0.0022 7 348 43 356
boat 0.0010 3 341 44 355
chair 0.0022 7 348 43 356
chair 0.0018 4 342 44 355
