person 0.5789 447 75 471 125
person 0.3722 415 86 436 128
person 0.2685 416 85 434 109
person 0.0777 454 75 471 95
person 0.0218 413 85 458 128
person 0.0118 397 85 416 105
person 0.0106 470 94 486 119
person 0.0096 411 88 432 119
person 0.0080 439 78 475 158
person 0.0080 394 79 418 95
person 0.0043 422 107 452 127
person 0.0034 432 102 456 128
person 0.0031 429 113 443 129
person 0.0031 410 83 426 94
person 0.0028 419 83 456 102
person 0.0026 354 98 381 118
person 0.0026 449 104 466 124
person 0.0025 420 115 437 130
person 0.0023 314 59 345 69
person 0.0022 418 83 433 96
person 0.0019 336 60 346 70
person 0.0018 465 74 484 93
person 0.0017 414 68 483 134
person 0.0016 463 76 488 119
person 0.0015 480 78 490 93
person 0.0014 476 83 491 111
person 0.0014 417 109 439 135
person 0.0013 450 85 476 140
person 0.0012 402 90 436 135
person 0.0010 394 68 419 87
person 0.0010 455 71 474 89
car 0.0057 420 80 458 97
car 0.0032 474 93 491 119
car 0.0024 214 58 488 250
car 0.0023 480 78 490 93
car 0.0020 465 74 484 93
car 0.0018 432 102 456 128
car 0.0016 396 84 417 105
car 0.0010 424 81 466 110
car 0.0010 387 77 415 96
car 0.0010 419 82 473 127
car 0.0010 452 74 474 122
aeroplane 0.0028 -11 47 309 243
bus 0.0061 -11 47 309 243
train 0.9508 -8 57 306 250
train 0.4124 175 57 482 251
train 0.0123 -12 53 502 291
train 0.0019 426 78 479 165
train 0.0014 406 66 493 144
train 0.0013 444 75 472 126
chair 0.0015 432 102 456 128
chair 0.0013 474 94 490 119
tvmonitor 0.0198 421 80 457 97
tvmonitor 0.0021 438 70 457 83
tvmonitor 0.0018 413 70 439 80
