person 0.0412 0 22 5 53
person 0.0063 0 3 6 51
person 0.0062 0 0 12 15
person 0.0055 0 0 24 13
person 0.0038 0 19 5 90
person 0.0023 0 0 8 33
person 0.0012 0 -10 11 9
person 0.0011 0 -9 24 8
bicycle 0.0025 0 25 5 64
car 0.8787 0 86 60 183
car 0.4421 37 0 173 75
car 0.2539 15 165 81 219
car 0.0463 0 22 5 53
car 0.0249 244 -2 496 329
car 0.0212 0 3 6 51
car 0.0078 102 -5 397 218
car 0.0073 0 0 12 15
car 0.0065 0 0 24 13
car 0.0056 0 0 8 33
car 0.0041 18 120 103 219
car 0.0035 -1 55 63 152
car 0.0032 0 -9 24 8
car 0.0030 -1 94 25 178
car 0.0027 -3 70 99 197
car 0.0026 0 92 12 191
car 0.0021 0 -10 11 9
car 0.0020 224 15 243 32
car 0.0015 37 -10 461 332
car 0.0013 0 -5 20 55
car 0.0011 0 82 64 130
car 0.0011 0 29 4 78
car 0.0010 0 109 61 236
car 0.0010 13 164 119 264
car 0.0010 0 0 25 32
motorbike 0.0058 0 22 5 53
bus 0.4587 242 -4 497 331
bus 0.4348 110 -2 488 233
bus 0.0526 36 0 171 75
bus 0.0037 -1 86 64 195
pottedplant 0.0022 39 126 106 190
pottedplant 0.0019 0 25 5 64
pottedplant 0.0015 397 0 478 47
