person 0.6367 228 29 500 292
person 0.0276 256 71 405 236
person 0.0150 338 93 488 268
person 0.0134 369 29 497 120
person 0.0113 218 72 379 296
person 0.0082 319 27 493 217
person 0.0027 483 14 500 311
person 0.0019 291 70 373 215
person 0.0017 27 57 486 304
person 0.0013 389 73 480 137
person 0.0012 370 60 496 186
person 0.0011 313 94 396 226
person 0.0010 444 11 500 313
car 0.0580 17 9 504 296
car 0.0059 76 58 345 251
car 0.0016 94 37 250 211
car 0.0014 228 55 501 302
car 0.0011 21 22 270 289
aeroplane 0.0011 8 16 513 289
bus 0.0042 17 9 504 296
train 0.0132 17 9 504 296
boat 0.0064 17 9 504 296
cat 0.0020 284 33 503 294
cat 0.0012 83 162 217 292
dog 0.9399 86 163 231 295
dog 0.0039 304 30 498 290
dog 0.0015 71 140 341 310
bottle 0.0023 316 27 501 300
chair 0.2026 123 38 225 103
chair 0.1196 83 75 269 234
chair 0.0585 228 216 355 294
chair 0.0433 256 71 405 236
chair 0.0331 280 71 364 216
chair 0.0202 191 77 393 290
chair 0.0197 88 36 478 274
chair 0.0140 18 200 74 289
chair 0.0112 100 40 135 91
chair 0.0096 73 28 347 224
chair 0.0072 11 36 96 281
chair 0.0056 56 42 87 119
chair 0.0053 219 160 366 293
chair 0.0052 21 22 270 289
chair 0.0045 207 68 359 220
chair 0.0045 59 33 230 116
chair 0.0037 127 49 232 200
chair 0.0036 55 36 132 119
chair 0.0030 79 163 221 294
chair 0.0027 272 231 353 291
chair 0.0026 243 44 302 65
chair 0.0017 320 77 500 295
chair 0.0016 59 33 103 110
chair 0.0015 17 106 76 291
chair 0.0012 15 45 83 119
chair 0.0012 18 84 73 126
chair 0.0012 16 74 87 169
chair 0.0012 231 148 497 302
chair 0.0010 291 93 335 218
chair 0.0010 23 126 485 319
chair 0.0010 310 85 395 202
sofa 0.0085 75 90 289 230
sofa 0.0080 18 200 74 289
sofa 0.0069 8 16 513 289
sofa 0.0035 74 73 352 294
sofa 0.0021 228 216 355 294
sofa 0.0016 256 38 494 288
sofa 0.0011 94 37 250 211
sofa 0.0010 191 77 393 290
sofa 0.0010 85 162 232 296
sofa 0.0010 14 101 86 280
diningtable 0.0083 217 48 379 87
diningtable 0.0023 12 30 87 292
tvmonitor 0.0012 56 42 87 119
