person 0.0797 298 190 309 208
person 0.0070 324 181 339 204
person 0.0032 208 201 227 216
person 0.0032 283 181 299 209
person 0.0018 242 181 276 208
person 0.0017 280 181 292 208
car 0.9902 101 170 445 279
car 0.0265 343 138 377 152
car 0.0030 378 148 395 154
car 0.0024 397 139 415 153
car 0.0011 45 140 60 147
car 0.0011 0 124 29 146
aeroplane 0.0010 0 107 92 147
horse 0.0038 397 139 415 153
horse 0.0018 343 138 377 152
sheep 0.0021 378 148 395 154
sheep 0.0018 343 138 377 152
sheep 0.0011 397 139 415 153
sheep 0.0010 329 141 355 152
cow 0.1159 343 138 377 152
cow 0.0916 397 139 415 153
cow 0.0395 378 148 395 154
cow 0.0318 329 141 355 152
cow 0.0206 394 138 408 152
cow 0.0072 376 144 398 152
cow 0.0048 318 138 347 152
cow 0.0046 330 147 352 154
cow 0.0032 337 147 363 154
cow 0.0031 305 133 356 153
cow 0.0012 87 169 446 280
cow 0.0010 328 148 339 153
chair 0.0030 398 181 439 204
