person 0.8883 221 136 493 337
person 0.5610 20 -2 82 167
person 0.1213 239 92 253 119
person 0.0836 226 90 242 120
person 0.0326 0 84 24 186
person 0.0139 13 0 112 245
person 0.0109 222 79 250 121
person 0.0102 0 48 22 156
person 0.0095 0 85 8 184
person 0.0077 223 89 234 121
person 0.0060 0 72 20 283
person 0.0056 236 83 253 114
person 0.0043 1 24 62 231
person 0.0034 0 85 24 111
person 0.0034 217 78 240 118
person 0.0033 0 74 12 159
person 0.0030 0 82 15 127
person 0.0029 3 99 53 175
person 0.0019 490 96 500 136
person 0.0016 13 44 154 195
person 0.0015 225 79 249 97
person 0.0015 207 87 221 99
person 0.0012 172 95 200 116
person 0.0010 202 84 246 118
person 0.0010 80 87 133 185
bicycle 0.0017 199 162 476 339
car 0.6554 122 98 204 139
car 0.0928 157 101 205 137
car 0.0370 471 94 501 149
car 0.0294 125 95 153 114
car 0.0169 0 78 24 174
car 0.0169 432 103 501 149
car 0.0116 91 98 154 143
car 0.0106 0 84 24 112
car 0.0095 193 83 219 97
car 0.0070 489 100 500 150
car 0.0068 96 96 121 135
car 0.0067 490 91 500 123
car 0.0059 166 93 205 122
car 0.0050 118 92 171 122
car 0.0045 472 89 500 126
car 0.0045 83 95 128 144
car 0.0034 180 88 225 118
car 0.0032 158 97 197 114
car 0.0030 116 98 163 132
car 0.0028 0 82 15 127
car 0.0027 182 105 206 130
car 0.0026 238 85 292 104
car 0.0025 0 85 8 184
car 0.0024 89 91 116 122
car 0.0020 169 85 225 104
car 0.0019 488 77 500 116
car 0.0018 100 96 137 118
car 0.0018 114 76 214 136
car 0.0017 0 24 21 142
car 0.0016 174 91 198 105
car 0.0016 429 119 488 150
car 0.0015 30 70 139 165
car 0.0014 167 88 207 107
car 0.0014 99 90 151 124
car 0.0014 122 102 155 125
car 0.0013 18 2 107 239
car 0.0012 207 87 221 99
car 0.0011 0 74 12 159
car 0.0011 0 66 14 109
car 0.0011 202 84 246 118
car 0.0010 13 44 154 195
car 0.0010 124 85 170 110
motorbike 0.5689 184 145 477 337
motorbike 0.0327 225 225 500 332
motorbike 0.0091 144 286 493 334
motorbike 0.0046 100 211 419 332
motorbike 0.0014 270 282 392 336
motorbike 0.0013 444 261 500 335
motorbike 0.0012 121 96 198 139
motorbike 0.0012 305 288 492 332
motorbike 0.0011 471 94 501 149
motorbike 0.0010 0 84 24 186
motorbike 0.0010 148 311 490 342
horse 0.0013 199 162 476 339
