person 0.0224 347 111 374 130
person 0.0192 258 111 274 129
person 0.0178 484 77 501 190
person 0.0144 476 59 500 268
person 0.0114 488 75 500 151
person 0.0096 0 131 13 176
person 0.0075 0 126 8 160
person 0.0061 265 106 278 127
person 0.0052 491 64 500 126
person 0.0046 27 129 38 141
person 0.0038 454 109 466 134
person 0.0035 345 112 360 128
person 0.0031 10 132 39 154
person 0.0029 -4 60 307 297
person 0.0027 492 70 500 99
person 0.0024 475 74 499 152
person 0.0022 293 105 310 126
person 0.0020 21 132 44 152
person 0.0018 0 132 33 178
person 0.0017 287 105 302 126
person 0.0015 0 132 29 155
person 0.0015 0 117 6 151
person 0.0011 127 76 153 107
person 0.0011 251 112 264 130
bicycle 0.1863 0 136 44 182
bicycle 0.0349 -1 140 16 181
bicycle 0.0328 21 132 44 152
bicycle 0.0091 16 135 46 167
bicycle 0.0051 6 132 41 155
bicycle 0.0039 0 147 26 190
bicycle 0.0037 35 135 46 148
bicycle 0.0026 0 135 28 172
bicycle 0.0023 1 126 46 163
bicycle 0.0015 0 126 8 160
car 0.9857 228 92 456 231
car 0.8203 362 105 493 181
car 0.1891 13 58 309 298
car 0.0057 484 77 501 190
car 0.0025 489 99 500 146
car 0.0023 492 70 500 99
car 0.0017 485 113 500 153
car 0.0017 290 105 502 210
car 0.0011 0 131 13 176
motorbike 0.6501 0 133 43 181
motorbike 0.1257 -1 140 16 181
motorbike 0.0354 21 132 44 152
motorbike 0.0310 0 135 28 172
motorbike 0.0296 6 132 41 155
motorbike 0.0161 0 126 8 160
motorbike 0.0116 16 135 46 167
motorbike 0.0067 0 147 24 190
motorbike 0.0023 0 117 6 151
motorbike 0.0022 35 135 46 148
motorbike 0.0015 476 59 500 268
motorbike 0.0011 14 46 307 280
bus 0.0069 4 51 295 297
bottle 0.0015 473 68 500 276
pottedplant 0.0016 476 59 500 268
