person 0.0138 447 114 499 198
person 0.0118 399 110 499 202
person 0.0033 382 98 500 277
person 0.0024 33 144 90 202
person 0.0019 1 124 125 228
person 0.0015 474 108 500 178
person 0.0014 472 119 499 236
person 0.0011 441 103 504 253
boat 0.0010 39 1 137 114
bird 0.0113 5 239 63 276
cat 0.0014 84 297 191 360
bottle 0.0075 434 230 460 255
bottle 0.0011 447 232 462 249
chair 0.9555 309 244 473 374
chair 0.8579 56 250 204 375
chair 0.1309 382 98 500 277
chair 0.0168 399 110 499 202
chair 0.0079 383 234 442 317
chair 0.0075 67 247 117 345
chair 0.0071 54 258 140 363
chair 0.0058 80 293 195 362
chair 0.0024 63 324 182 372
chair 0.0023 1 128 124 227
chair 0.0022 382 234 474 359
chair 0.0016 393 175 500 294
chair 0.0016 55 231 93 266
sofa 0.1527 52 251 210 373
sofa 0.1233 382 97 500 281
sofa 0.0508 294 247 469 374
sofa 0.0319 399 110 499 202
sofa 0.0039 1 128 124 227
sofa 0.0010 26 240 482 369
pottedplant 0.0767 39 1 138 115
pottedplant 0.0037 44 50 125 112
pottedplant 0.0014 5 239 63 276
pottedplant 0.0010 106 309 173 349
diningtable 0.0423 383 110 500 328
diningtable 0.0132 391 162 501 271
diningtable 0.0040 395 201 500 305
diningtable 0.0033 385 108 499 205
diningtable 0.0032 394 189 501 235
diningtable 0.0019 -3 243 111 362
diningtable 0.0013 389 167 506 217
tvmonitor 0.0205 138 5 375 110
tvmonitor 0.0031 138 3 373 47
