person 0.0497 273 9 283 24
person 0.0252 282 9 288 23
person 0.0188 274 12 282 31
person 0.0053 301 10 311 21
person 0.0038 269 10 275 22
person 0.0035 300 9 311 36
person 0.0028 281 13 291 31
person 0.0023 143 7 151 16
person 0.0021 289 10 308 35
person 0.0019 292 11 306 22
person 0.0016 272 9 284 35
person 0.0014 267 15 276 31
person 0.0010 280 6 292 25
car 0.0578 146 6 182 17
car 0.0274 166 6 181 17
car 0.0212 143 7 151 16
car 0.0167 144 7 158 16
car 0.0024 142 2 151 13
car 0.0015 144 1 162 14
car 0.0014 301 10 311 21
car 0.0013 165 2 180 12
car 0.0011 328 17 345 31
sheep 0.9968 215 87 322 229
sheep 0.9953 81 74 167 186
sheep 0.9908 76 175 209 388
sheep 0.9906 152 121 246 282
sheep 0.0011 215 93 266 202
cow 0.0011 81 74 167 185
