person 0.9341 399 70 438 128
person 0.9058 75 56 101 90
person 0.8826 110 52 128 79
person 0.8353 372 66 406 129
person 0.2545 384 84 410 127
person 0.1945 377 65 404 103
person 0.1838 376 90 402 132
person 0.0997 105 54 129 92
person 0.0996 371 76 391 131
person 0.0307 101 59 123 87
person 0.0306 213 83 257 128
person 0.0261 74 56 95 79
person 0.0189 262 59 273 75
person 0.0139 386 63 405 93
person 0.0118 218 50 233 67
person 0.0103 42 64 459 133
person 0.0068 393 98 423 127
person 0.0063 392 80 405 105
person 0.0055 217 80 296 128
person 0.0048 354 64 447 134
person 0.0044 76 73 464 314
person 0.0041 421 72 437 98
person 0.0040 401 100 437 127
person 0.0039 233 85 257 108
person 0.0036 246 55 260 74
person 0.0036 146 89 184 132
person 0.0035 84 60 115 89
person 0.0032 184 85 248 123
person 0.0030 407 82 433 123
person 0.0030 371 66 392 105
person 0.0028 404 71 433 99
person 0.0023 265 65 276 78
person 0.0020 311 106 330 123
person 0.0019 170 86 273 135
person 0.0019 163 85 207 122
person 0.0017 377 66 388 87
person 0.0016 113 49 127 68
person 0.0015 383 63 445 109
person 0.0015 225 55 239 70
person 0.0013 32 82 48 92
person 0.0013 212 50 223 66
person 0.0011 221 97 267 128
person 0.0011 24 14 474 106
person 0.0011 397 90 416 119
person 0.0010 428 71 440 100
person 0.0010 255 90 292 116
person 0.0010 119 89 240 136
bicycle 0.0135 218 50 233 67
bicycle 0.0014 212 50 223 66
car 0.9985 58 70 451 313
car 0.0015 192 84 255 127
car 0.0014 81 78 342 154
car 0.0013 132 88 275 138
motorbike 0.0011 77 71 464 314
bird 0.0014 441 115 449 128
dog 0.0019 441 115 449 128
dog 0.0012 429 114 448 129
dog 0.0012 376 89 406 132
bottle 0.0082 441 115 449 128
bottle 0.0012 375 111 385 135
chair 0.0364 411 103 438 126
chair 0.0087 407 74 440 127
chair 0.0063 403 114 435 128
chair 0.0062 398 100 417 126
chair 0.0047 92 76 108 90
chair 0.0038 80 77 101 91
chair 0.0028 385 84 409 127
chair 0.0024 75 56 100 90
chair 0.0024 399 115 418 127
chair 0.0018 389 101 439 130
chair 0.0015 377 84 400 125
chair 0.0013 385 75 435 128
chair 0.0013 372 66 406 129
pottedplant 0.0070 32 82 48 92
pottedplant 0.0034 5 61 39 90
pottedplant 0.0016 75 56 100 90
diningtable 0.0010 10 82 86 155
