person 0.0016 -3 -14 96 371
person 0.0012 375 56 499 231
person 0.0011 395 -2 503 384
person 0.0010 405 102 497 186
bicycle 0.0015 350 2 463 64
bottle 0.9890 232 141 280 248
bottle 0.0046 255 205 341 300
bottle 0.0019 0 18 445 367
bottle 0.0015 105 125 159 215
chair 0.9714 0 -1 142 134
chair 0.4573 411 159 499 373
chair 0.0990 350 2 463 64
chair 0.0520 395 -2 503 384
chair 0.0168 191 19 243 53
chair 0.0130 0 162 20 355
chair 0.0100 49 6 504 385
chair 0.0089 5 82 116 271
chair 0.0083 170 2 238 55
chair 0.0060 0 -36 60 396
chair 0.0047 0 167 99 370
chair 0.0047 375 56 499 231
chair 0.0046 423 1 467 52
chair 0.0045 0 96 18 295
chair 0.0045 21 115 109 211
chair 0.0041 175 0 235 24
chair 0.0037 181 6 318 59
chair 0.0034 3 49 180 314
chair 0.0024 345 1 366 42
chair 0.0024 338 162 491 386
chair 0.0021 408 290 494 376
chair 0.0019 0 153 5 346
chair 0.0016 0 12 27 377
chair 0.0016 354 133 452 226
chair 0.0016 173 2 197 59
chair 0.0014 368 9 504 159
chair 0.0012 0 163 10 279
chair 0.0012 0 251 23 373
sofa 0.0010 -8 14 509 369
diningtable 0.9404 -8 14 509 369
diningtable 0.0072 231 146 282 243
diningtable 0.0014 347 15 494 213
diningtable 0.0013 66 159 442 359
diningtable 0.0010 100 35 307 168
diningtable 0.0010 181 6 318 59
tvmonitor 0.0202 369 12 504 157
tvmonitor 0.0010 445 1 499 146
