person 0.0560 78 58 89 75
person 0.0203 68 59 78 75
person 0.0114 87 59 97 71
person 0.0105 74 60 90 89
person 0.0097 73 55 91 79
person 0.0060 92 58 105 72
person 0.0028 94 69 108 86
person 0.0017 68 61 80 87
person 0.0017 86 70 98 87
person 0.0012 69 51 111 81
bottle 0.0293 78 58 89 75
bottle 0.0162 68 59 78 75
bottle 0.0105 75 61 90 88
bottle 0.0088 87 59 97 71
bottle 0.0078 77 51 86 61
bottle 0.0067 92 58 105 72
bottle 0.0046 98 50 105 61
bottle 0.0030 86 70 98 87
bottle 0.0029 68 61 80 86
bottle 0.0028 94 69 108 86
bottle 0.0024 86 51 97 62
bottle 0.0023 73 55 91 79
bottle 0.0020 66 50 75 62
bottle 0.0015 189 190 199 210
chair 0.4102 21 130 192 275
chair 0.3821 120 94 171 150
chair 0.3083 93 103 154 148
chair 0.2999 91 105 123 141
chair 0.2015 130 86 160 104
chair 0.1760 373 230 500 331
chair 0.1734 112 91 131 105
chair 0.1234 125 85 162 117
chair 0.0346 77 107 102 137
chair 0.0271 148 106 168 124
chair 0.0265 109 93 132 113
chair 0.0234 135 119 162 149
chair 0.0217 471 222 500 254
chair 0.0195 78 89 187 151
chair 0.0179 99 94 139 136
chair 0.0155 97 105 121 126
chair 0.0142 123 115 156 150
chair 0.0135 138 110 176 154
chair 0.0135 131 104 167 123
chair 0.0129 118 101 160 126
chair 0.0124 73 102 94 132
chair 0.0119 472 222 500 286
chair 0.0115 91 101 115 132
chair 0.0114 109 90 152 119
chair 0.0109 65 101 111 139
chair 0.0095 116 110 144 137
chair 0.0089 113 95 144 112
chair 0.0081 95 95 126 110
chair 0.0070 171 93 207 155
chair 0.0069 92 85 164 124
chair 0.0063 259 227 498 329
chair 0.0061 91 92 114 114
chair 0.0060 115 87 138 106
chair 0.0058 129 87 185 124
chair 0.0043 132 108 163 139
chair 0.0042 102 90 120 105
chair 0.0038 146 108 171 137
chair 0.0034 88 113 133 150
chair 0.0033 134 95 198 154
chair 0.0031 66 100 78 129
chair 0.0030 135 188 256 294
chair 0.0029 147 134 165 154
chair 0.0027 100 123 118 139
chair 0.0026 478 238 499 337
chair 0.0025 0 108 8 138
chair 0.0023 82 86 130 125
chair 0.0021 89 89 130 107
chair 0.0021 474 152 500 278
chair 0.0020 66 137 93 150
chair 0.0019 171 136 183 147
chair 0.0019 76 77 91 90
chair 0.0018 79 24 102 48
chair 0.0017 69 40 78 53
chair 0.0017 166 116 189 150
chair 0.0016 489 218 500 336
chair 0.0015 141 97 191 134
chair 0.0014 126 64 137 81
chair 0.0014 82 76 98 90
chair 0.0013 144 91 170 120
chair 0.0013 77 51 86 61
chair 0.0012 93 77 106 88
chair 0.0012 65 78 79 90
chair 0.0012 105 120 136 144
chair 0.0011 76 74 102 92
chair 0.0011 175 88 201 123
chair 0.0010 69 31 78 48
chair 0.0010 66 50 75 62
chair 0.0010 114 125 165 156
chair 0.0010 91 116 112 144
sofa 0.9092 24 132 192 276
sofa 0.3062 373 230 500 331
sofa 0.0195 259 227 498 329
sofa 0.0078 473 220 500 333
sofa 0.0033 126 86 159 105
sofa 0.0031 472 219 500 258
sofa 0.0031 119 86 160 123
sofa 0.0027 251 252 417 331
sofa 0.0026 125 91 170 138
sofa 0.0022 112 91 131 105
sofa 0.0013 437 227 500 330
sofa 0.0011 490 233 500 340
sofa 0.0011 104 89 157 142
pottedplant 0.6286 173 110 206 156
pottedplant 0.0971 305 10 343 36
pottedplant 0.0462 176 90 200 113
pottedplant 0.0253 171 87 207 144
pottedplant 0.0223 154 86 217 155
pottedplant 0.0186 182 134 198 156
pottedplant 0.0134 75 57 90 77
pottedplant 0.0108 74 60 90 89
pottedplant 0.0088 80 65 102 90
pottedplant 0.0085 87 59 97 71
pottedplant 0.0078 86 70 98 87
pottedplant 0.0074 69 51 111 81
pottedplant 0.0049 68 59 78 75
pottedplant 0.0041 166 116 189 150
pottedplant 0.0035 54 37 110 77
pottedplant 0.0029 68 61 80 87
pottedplant 0.0028 92 58 105 72
pottedplant 0.0023 65 58 112 96
pottedplant 0.0019 93 67 109 87
pottedplant 0.0018 86 51 97 62
pottedplant 0.0017 77 51 86 61
pottedplant 0.0014 79 24 102 48
pottedplant 0.0014 52 81 369 162
pottedplant 0.0014 179 86 211 124
pottedplant 0.0012 73 107 94 136
pottedplant 0.0012 74 76 93 90
pottedplant 0.0011 66 50 75 62
pottedplant 0.0011 197 120 210 149
pottedplant 0.0010 134 112 183 155
pottedplant 0.0010 185 138 202 154
pottedplant 0.0010 90 56 109 77
diningtable 0.0702 120 94 171 150
diningtable 0.0430 78 89 187 151
diningtable 0.0425 140 192 252 297
diningtable 0.0302 93 103 154 148
diningtable 0.0254 117 89 220 154
diningtable 0.0222 65 101 111 139
diningtable 0.0103 145 104 170 126
diningtable 0.0100 134 112 183 155
diningtable 0.0077 91 105 123 141
diningtable 0.0073 62 81 117 122
diningtable 0.0072 171 93 207 155
diningtable 0.0049 131 104 167 123
diningtable 0.0046 139 96 193 135
diningtable 0.0044 125 85 162 117
diningtable 0.0039 0 108 8 138
diningtable 0.0038 150 108 167 123
diningtable 0.0023 110 95 131 108
diningtable 0.0023 92 85 164 124
diningtable 0.0020 82 86 130 125
diningtable 0.0018 70 74 107 93
diningtable 0.0018 118 101 160 126
diningtable 0.0016 91 89 115 119
diningtable 0.0015 52 81 369 162
diningtable 0.0015 9 58 196 200
diningtable 0.0014 473 220 500 333
diningtable 0.0014 109 91 153 119
diningtable 0.0012 72 102 95 132
diningtable 0.0010 129 87 185 124
tvmonitor 0.9956 291 102 353 167
tvmonitor 0.0022 471 223 500 254
tvmonitor 0.0019 276 69 389 175
tvmonitor 0.0016 303 111 341 154
