person 0.6693 -5 0 423 373
person 0.0256 273 57 408 265
person 0.0231 272 27 453 349
person 0.0195 1 0 108 377
person 0.0179 0 13 24 338
person 0.0115 0 203 20 376
person 0.0051 0 8 53 347
person 0.0038 144 48 434 320
person 0.0036 257 50 417 172
person 0.0018 188 3 474 222
person 0.0015 0 -4 201 312
person 0.0012 0 172 22 310
person 0.0011 -2 221 114 374
person 0.0010 286 124 419 306
person 0.0010 0 163 53 370
car 0.0102 -14 0 493 370
boat 0.0026 -14 0 493 370
dog 0.8415 1 0 358 375
dog 0.0040 0 203 20 376
chair 0.2762 -10 -1 491 372
chair 0.0345 452 50 499 375
chair 0.0212 298 10 497 381
chair 0.0158 383 58 498 370
chair 0.0020 281 148 452 373
chair 0.0015 367 218 457 367
chair 0.0014 243 47 426 323
chair 0.0010 0 203 20 376
chair 0.0010 2 219 485 370
sofa 0.4694 -14 0 493 370
sofa 0.0031 0 -11 478 173
sofa 0.0011 45 38 443 265
sofa 0.0010 452 50 499 375
diningtable 0.0021 -14 0 493 370
