person 0.5026 41 144 71 235
person 0.0035 64 175 74 229
person 0.0020 0 48 42 339
person 0.0011 62 140 76 228
bicycle 0.0015 262 192 419 316
chair 0.8788 401 211 500 300
chair 0.2158 403 208 471 265
chair 0.0025 475 246 500 379
chair 0.0022 65 190 73 230
chair 0.0020 477 206 500 299
chair 0.0019 450 213 500 302
chair 0.0014 271 240 322 307
chair 0.0011 300 201 487 310
chair 0.0011 445 221 499 364
chair 0.0010 266 202 413 333
chair 0.0010 185 85 300 169
chair 0.0010 43 144 74 234
sofa 0.1671 401 209 500 304
sofa 0.0031 447 233 500 372
sofa 0.0025 103 305 503 373
sofa 0.0020 476 206 500 380
sofa 0.0018 403 208 471 266
sofa 0.0010 396 285 499 382
pottedplant 0.8396 289 194 425 313
pottedplant 0.5520 155 127 201 269
pottedplant 0.4251 191 88 309 167
pottedplant 0.0797 249 85 313 180
pottedplant 0.0457 286 95 311 174
pottedplant 0.0125 157 107 201 211
pottedplant 0.0110 149 91 254 280
pottedplant 0.0103 157 129 199 179
pottedplant 0.0033 129 116 222 324
pottedplant 0.0020 167 81 317 291
pottedplant 0.0016 205 157 461 321
pottedplant 0.0016 151 84 291 201
pottedplant 0.0014 139 76 200 284
pottedplant 0.0011 161 137 192 166
pottedplant 0.0010 239 70 315 281
diningtable 0.1939 103 305 503 373
diningtable 0.0122 132 248 497 370
diningtable 0.0038 206 311 337 339
diningtable 0.0033 262 192 419 316
diningtable 0.0028 179 278 453 355
diningtable 0.0026 475 288 500 377
diningtable 0.0025 476 332 500 376
diningtable 0.0018 130 190 453 334
diningtable 0.0018 446 282 499 378
diningtable 0.0012 449 326 499 376
diningtable 0.0010 202 275 315 337
tvmonitor 0.9779 190 93 292 174
tvmonitor 0.0032 239 83 310 169
tvmonitor 0.0019 456 107 499 160
tvmonitor 0.0014 167 85 323 200
