person 0.9866 193 18 370 264
person 0.9581 362 121 468 236
person 0.3729 25 215 147 320
person 0.0818 42 221 122 296
person 0.0239 45 216 196 374
person 0.0160 73 225 137 321
person 0.0108 82 230 141 280
person 0.0088 78 3 498 231
person 0.0072 5 235 139 373
person 0.0038 460 167 491 239
person 0.0027 483 99 500 258
person 0.0026 298 134 500 304
person 0.0022 484 174 500 298
person 0.0020 21 213 80 291
person 0.0019 383 62 500 232
person 0.0018 24 82 48 147
person 0.0018 448 65 501 230
person 0.0014 381 95 499 344
person 0.0013 492 205 500 277
person 0.0012 10 129 172 336
person 0.0010 443 160 500 373
person 0.0010 98 259 117 293
person 0.0010 273 112 484 243
car 0.2218 22 62 49 146
car 0.0140 34 76 51 135
car 0.0126 37 78 51 90
car 0.0096 0 57 49 139
car 0.0057 30 67 53 106
car 0.0030 24 63 44 90
car 0.0019 21 57 63 181
car 0.0016 26 54 55 120
car 0.0013 37 79 64 132
boat 0.0075 24 82 48 147
boat 0.0068 168 5 509 153
boat 0.0058 27 -24 473 405
boat 0.0018 88 5 432 273
boat 0.0013 0 39 50 169
bottle 0.7030 460 167 491 240
bottle 0.0134 49 158 61 189
bottle 0.0128 98 259 117 293
bottle 0.0115 114 261 130 298
bottle 0.0103 304 159 339 204
bottle 0.0061 124 266 137 292
bottle 0.0048 494 243 500 272
bottle 0.0030 85 228 138 290
bottle 0.0028 130 269 147 290
bottle 0.0021 481 147 499 255
bottle 0.0017 98 247 119 273
bottle 0.0014 114 253 126 284
bottle 0.0014 91 248 115 292
bottle 0.0013 492 205 500 277
bottle 0.0011 45 223 133 295
bottle 0.0010 488 210 500 234
bottle 0.0010 106 241 133 296
chair 0.3252 25 279 147 374
chair 0.1257 23 214 166 371
chair 0.0550 63 83 102 207
chair 0.0363 64 88 100 141
chair 0.0275 82 230 141 280
chair 0.0180 36 81 97 203
chair 0.0117 25 150 59 191
chair 0.0075 131 260 192 373
chair 0.0056 26 70 54 160
chair 0.0053 0 260 56 372
chair 0.0050 59 216 155 299
chair 0.0043 23 77 61 196
chair 0.0040 64 146 96 204
chair 0.0035 24 289 61 372
chair 0.0034 46 221 195 328
chair 0.0033 0 259 26 372
chair 0.0029 179 216 531 368
chair 0.0028 54 12 148 211
chair 0.0027 49 157 61 190
chair 0.0025 27 214 111 296
chair 0.0019 31 168 472 367
chair 0.0018 449 81 499 233
chair 0.0017 361 125 469 255
chair 0.0016 193 58 368 286
chair 0.0015 49 279 72 296
chair 0.0015 41 142 65 190
chair 0.0014 0 286 8 368
chair 0.0014 11 50 181 323
chair 0.0013 0 213 6 324
chair 0.0011 66 20 209 265
chair 0.0011 22 251 63 342
chair 0.0011 38 142 96 208
chair 0.0010 26 274 56 323
chair 0.0010 71 248 347 372
diningtable 0.8447 180 224 499 372
diningtable 0.0165 296 233 359 262
diningtable 0.0126 238 197 472 316
diningtable 0.0109 328 242 388 275
diningtable 0.0096 275 251 434 309
diningtable 0.0092 70 151 210 251
diningtable 0.0049 187 132 484 333
diningtable 0.0013 258 230 402 276
diningtable 0.0010 284 202 428 269
