person 0.1718 279 0 377 292
person 0.0255 75 417 374 498
person 0.0128 4 2 379 339
person 0.0108 162 -4 376 293
person 0.0030 143 -28 392 510
person 0.0017 267 -32 387 517
person 0.0014 298 1 377 113
person 0.0013 179 244 376 460
person 0.0012 1 302 373 500
bird 0.0014 0 219 42 275
cat 0.9708 180 242 374 432
cat 0.0034 99 203 365 464
cat 0.0015 75 417 374 498
cat 0.0012 93 241 274 411
dog 0.0034 54 417 381 499
dog 0.0027 179 244 376 460
dog 0.0015 -4 477 244 500
chair 0.0480 74 416 375 498
chair 0.0221 0 478 84 500
chair 0.0193 279 0 377 292
chair 0.0047 1 478 162 500
chair 0.0011 8 485 66 500
sofa 0.1796 75 417 374 498
sofa 0.0836 279 1 376 285
sofa 0.0097 16 0 369 279
sofa 0.0044 83 307 365 502
sofa 0.0039 298 1 377 113
sofa 0.0029 0 478 123 500
sofa 0.0020 224 -11 381 431
sofa 0.0012 -8 440 309 499
sofa 0.0011 179 244 376 460
pottedplant 0.8542 3 86 217 362
pottedplant 0.0409 51 180 223 382
pottedplant 0.0393 0 89 209 205
pottedplant 0.0106 2 84 148 278
pottedplant 0.0099 0 223 46 291
pottedplant 0.0094 1 127 68 296
pottedplant 0.0045 0 172 48 310
pottedplant 0.0030 -1 111 92 362
pottedplant 0.0029 92 276 200 385
pottedplant 0.0022 98 300 176 369
pottedplant 0.0021 -11 5 389 417
pottedplant 0.0017 147 305 197 394
pottedplant 0.0017 239 0 376 288
pottedplant 0.0015 133 194 233 389
pottedplant 0.0013 -1 219 72 353
pottedplant 0.0011 93 241 274 411
diningtable 0.0187 0 478 84 500
diningtable 0.0069 -7 416 382 498
diningtable 0.0047 1 478 162 500
diningtable 0.0013 -1 454 149 500
diningtable 0.0011 282 4 376 286
diningtable 0.0010 298 1 377 113
