person 0.0022 87 0 280 57
person 0.0016 398 12 500 358
person 0.0010 480 33 500 324
motorbike 0.0019 -1 -11 130 254
bird 0.0019 327 158 334 167
chair 0.0313 0 72 21 245
chair 0.0288 0 12 59 266
chair 0.0245 0 0 51 52
chair 0.0244 1 4 112 67
chair 0.0214 -1 5 110 281
chair 0.0157 368 1 501 243
chair 0.0148 87 0 280 57
chair 0.0077 44 1 122 57
chair 0.0071 0 91 10 237
chair 0.0045 438 37 500 240
chair 0.0037 0 2 114 134
chair 0.0037 478 45 500 193
chair 0.0033 46 0 101 40
chair 0.0032 3 -12 497 329
chair 0.0027 272 0 334 32
chair 0.0024 91 0 128 55
chair 0.0023 -1 10 56 115
chair 0.0022 471 211 500 376
chair 0.0020 276 2 310 30
chair 0.0019 0 3 273 294
chair 0.0018 254 7 494 229
chair 0.0017 325 1 495 139
chair 0.0013 483 65 501 128
chair 0.0013 483 -9 500 138
chair 0.0012 43 27 102 66
chair 0.0012 472 10 500 266
chair 0.0011 318 0 347 22
chair 0.0010 316 0 332 22
chair 0.0010 0 31 26 127
sofa 0.0887 4 -17 496 334
sofa 0.0539 87 0 280 57
sofa 0.0265 0 4 271 291
sofa 0.0132 -1 5 110 281
sofa 0.0064 368 1 501 243
sofa 0.0054 36 0 465 60
sofa 0.0021 325 1 495 139
sofa 0.0020 0 -8 282 156
sofa 0.0020 254 7 494 229
sofa 0.0019 1 4 112 67
sofa 0.0018 0 85 23 243
sofa 0.0014 0 12 59 266
sofa 0.0014 0 2 114 134
sofa 0.0014 100 -1 268 24
sofa 0.0013 19 20 406 197
sofa 0.0012 0 91 10 237
sofa 0.0011 336 3 485 63
sofa 0.0011 471 211 500 376
sofa 0.0010 478 45 500 193
sofa 0.0010 152 0 324 41
pottedplant 0.0039 -1 -11 130 254
diningtable 0.7137 3 13 495 375
diningtable 0.0042 92 0 280 57
diningtable 0.0032 381 9 500 262
diningtable 0.0028 0 72 21 245
diningtable 0.0025 0 24 96 292
diningtable 0.0015 438 37 500 240
diningtable 0.0013 26 14 478 206
diningtable 0.0011 -1 16 55 261
tvmonitor 0.0041 0 91 10 237
tvmonitor 0.0041 0 85 23 243
