person 0.0055 171 65 184 84
person 0.0031 0 207 121 301
person 0.0028 215 116 235 132
person 0.0026 -17 4 522 60
person 0.0019 172 63 197 85
person 0.0017 171 114 189 137
person 0.0013 31 0 368 43
person 0.0012 0 179 21 295
person 0.0011 0 164 6 279
cat 0.0012 0 210 120 298
bottle 0.0011 495 215 499 245
chair 0.6843 -2 210 121 340
chair 0.2807 304 206 494 376
chair 0.1000 0 211 54 330
chair 0.0077 0 205 20 342
chair 0.0038 42 213 94 261
chair 0.0034 21 206 107 269
chair 0.0030 0 199 3 218
chair 0.0029 0 217 11 319
chair 0.0023 427 243 501 372
chair 0.0022 452 243 479 260
chair 0.0018 0 164 6 279
chair 0.0017 0 174 106 298
chair 0.0016 478 247 500 378
chair 0.0014 0 184 27 290
chair 0.0014 476 321 500 373
chair 0.0011 454 256 500 283
chair 0.0010 476 241 499 274
chair 0.0010 494 199 500 241
chair 0.0010 39 239 121 299
sofa 0.9443 303 201 498 378
sofa 0.1132 -2 210 121 340
sofa 0.0117 430 198 501 341
sofa 0.0078 0 211 54 330
sofa 0.0063 451 238 499 279
sofa 0.0038 344 215 447 291
sofa 0.0027 0 196 21 311
sofa 0.0021 443 192 500 284
sofa 0.0014 418 248 499 380
sofa 0.0013 390 192 499 280
sofa 0.0013 476 238 500 278
sofa 0.0011 0 164 6 279
sofa 0.0011 313 278 483 379
pottedplant 0.0031 0 168 3 217
pottedplant 0.0028 0 191 3 214
pottedplant 0.0022 0 159 5 225
pottedplant 0.0017 492 202 500 278
pottedplant 0.0011 494 215 500 263
pottedplant 0.0011 495 215 499 245
diningtable 0.1936 157 213 291 307
diningtable 0.1529 427 243 501 372
diningtable 0.0147 448 245 500 294
diningtable 0.0023 440 310 498 383
diningtable 0.0022 161 210 285 262
diningtable 0.0011 1 230 123 343
diningtable 0.0010 474 230 499 361
tvmonitor 0.9910 77 159 136 220
tvmonitor 0.0156 158 166 249 235
tvmonitor 0.0125 477 240 499 274
tvmonitor 0.0013 95 170 124 211
tvmonitor 0.0010 454 256 500 283
