person 0.9942 178 96 255 351
person 0.9898 115 92 186 349
person 0.9750 258 116 336 349
person 0.5737 238 103 276 172
person 0.3897 172 94 225 309
person 0.1617 238 99 277 338
person 0.0880 244 254 275 327
person 0.0609 270 103 334 206
person 0.0406 245 249 299 336
person 0.0405 285 97 336 290
person 0.0176 225 104 278 207
person 0.0166 222 110 246 137
person 0.0111 217 118 230 134
person 0.0109 221 119 245 148
person 0.0092 219 122 264 193
person 0.0089 214 186 289 340
person 0.0087 215 151 259 239
person 0.0063 219 156 253 211
person 0.0062 217 124 234 141
person 0.0058 205 142 269 355
person 0.0057 215 251 273 335
person 0.0051 294 153 339 347
person 0.0050 300 100 359 336
person 0.0050 239 103 271 239
person 0.0046 214 117 236 161
person 0.0037 273 103 310 183
person 0.0037 204 95 231 139
person 0.0037 218 124 248 163
person 0.0037 245 249 260 266
person 0.0030 312 189 329 293
person 0.0030 94 148 109 175
person 0.0028 243 235 267 304
person 0.0026 246 108 309 169
person 0.0026 316 129 327 141
person 0.0024 212 132 243 186
person 0.0024 275 105 329 141
person 0.0024 212 118 224 135
person 0.0024 237 111 248 135
person 0.0022 219 102 257 147
person 0.0022 140 106 230 353
person 0.0022 178 117 194 130
person 0.0021 268 107 300 165
person 0.0019 171 163 321 347
person 0.0019 216 112 235 138
person 0.0018 311 146 333 315
person 0.0018 252 114 303 327
person 0.0018 0 125 4 239
person 0.0018 0 45 12 349
person 0.0015 303 154 336 249
person 0.0013 244 225 280 292
person 0.0013 217 102 232 131
person 0.0012 312 236 324 264
person 0.0012 243 133 265 269
person 0.0011 209 110 227 139
person 0.0011 257 119 272 151
person 0.0011 145 99 278 292
person 0.0010 180 93 225 138
person 0.0010 298 113 339 231
person 0.0010 190 108 200 122
person 0.0010 254 235 268 260
person 0.0010 229 223 262 314
car 0.0956 92 148 130 178
car 0.0121 91 147 131 210
car 0.0051 93 148 109 176
car 0.0035 103 145 132 167
car 0.0024 120 153 133 191
car 0.0021 107 152 131 189
car 0.0020 217 118 230 134
car 0.0014 117 142 139 187
car 0.0014 0 123 4 203
car 0.0013 95 145 108 167
car 0.0013 0 139 3 187
car 0.0013 245 250 258 264
car 0.0012 316 129 327 141
car 0.0012 256 232 266 252
car 0.0011 116 134 163 185
bird 0.0016 487 361 500 372
bird 0.0013 0 326 14 346
bird 0.0010 0 322 12 335
dog 0.0018 244 235 264 264
dog 0.0014 245 250 258 264
bottle 0.0529 340 312 360 335
bottle 0.0422 354 315 369 336
bottle 0.0351 313 241 323 261
bottle 0.0174 351 310 366 328
bottle 0.0158 366 309 374 326
bottle 0.0097 244 235 264 264
bottle 0.0083 256 237 267 258
bottle 0.0053 245 250 258 264
bottle 0.0051 338 310 374 342
bottle 0.0040 310 236 321 264
bottle 0.0035 359 313 381 339
bottle 0.0030 166 281 186 314
bottle 0.0027 237 235 248 245
bottle 0.0027 327 293 355 319
bottle 0.0026 312 189 329 293
bottle 0.0026 14 310 36 328
bottle 0.0022 313 232 323 252
bottle 0.0021 363 307 376 330
bottle 0.0018 244 230 266 253
bottle 0.0017 336 310 352 327
bottle 0.0015 330 297 373 335
bottle 0.0015 327 293 339 306
bottle 0.0013 310 233 320 251
bottle 0.0012 369 315 385 337
bottle 0.0012 356 327 370 339
bottle 0.0011 326 295 340 314
bottle 0.0011 418 337 433 356
bottle 0.0010 233 221 250 242
bottle 0.0010 252 233 270 263
pottedplant 0.0149 91 147 131 210
pottedplant 0.0028 422 336 476 365
pottedplant 0.0018 376 4 500 364
pottedplant 0.0015 487 361 500 372
pottedplant 0.0014 100 159 139 227
pottedplant 0.0014 446 357 464 375
pottedplant 0.0010 470 348 500 365
pottedplant 0.0010 473 358 500 373
