person 0.0107 227 185 238 202
person 0.0080 0 197 6 230
person 0.0056 220 186 232 203
person 0.0050 251 185 260 196
person 0.0028 262 186 269 196
person 0.0027 317 189 328 197
person 0.0025 319 193 327 206
person 0.0021 144 183 153 197
person 0.0013 270 187 278 195
person 0.0013 438 194 449 203
person 0.0011 202 184 208 197
person 0.0011 194 183 203 197
person 0.0011 404 195 414 202
person 0.0010 0 181 5 224
person 0.0010 133 183 139 197
person 0.0010 244 185 250 197
car 0.0076 431 190 447 201
car 0.0058 434 194 446 203
car 0.0011 488 209 500 233
car 0.0010 492 197 500 227
bus 0.0019 431 190 447 201
train 0.9853 0 157 415 238
train 0.0047 216 156 240 191
train 0.0039 187 154 263 195
train 0.0039 234 167 421 210
train 0.0024 431 190 447 201
train 0.0013 3 154 211 246
