person 0.9873 385 0 479 223
person 0.0053 376 111 382 118
person 0.0042 368 109 375 116
person 0.0037 345 117 356 132
person 0.0024 0 125 4 160
person 0.0024 0 98 5 168
person 0.0023 0 139 4 164
person 0.0020 362 114 377 135
person 0.0019 357 110 363 118
person 0.0015 356 114 362 133
person 0.0014 0 113 4 210
person 0.0013 468 108 499 138
person 0.0012 462 123 472 142
person 0.0011 67 66 367 238
person 0.0011 0 23 5 186
person 0.0010 397 114 405 137
bicycle 0.0018 0 139 4 164
car 0.9315 62 56 365 226
car 0.0065 490 118 500 131
car 0.0056 430 127 438 143
car 0.0045 0 139 4 164
car 0.0038 0 125 4 160
car 0.0037 428 122 467 145
car 0.0029 471 122 500 144
car 0.0027 464 104 501 142
car 0.0021 462 123 472 142
car 0.0019 160 53 293 72
car 0.0018 425 133 436 147
car 0.0018 489 121 500 142
car 0.0017 428 123 442 145
car 0.0014 116 53 326 140
car 0.0010 420 122 439 147
motorbike 0.0050 72 38 363 212
motorbike 0.0018 0 139 4 164
motorbike 0.0012 0 125 4 160
aeroplane 0.0010 72 38 363 212
bus 0.0024 56 55 358 219
bus 0.0011 463 104 493 141
boat 0.0024 72 38 363 212
dog 0.0014 0 139 4 164
bottle 0.0049 386 86 396 100
bottle 0.0010 391 90 402 100
bottle 0.0010 391 65 408 99
