person 0.9970 92 201 182 327
person 0.9867 259 192 317 317
person 0.9861 304 126 328 199
person 0.9735 173 106 269 326
person 0.7476 262 125 292 185
person 0.6629 250 104 274 174
person 0.4417 261 102 285 142
person 0.3276 303 110 319 140
person 0.1654 309 108 332 139
person 0.0835 270 125 290 168
person 0.0779 258 100 287 167
person 0.0575 246 122 298 199
person 0.0542 252 104 276 144
person 0.0536 304 105 317 123
person 0.0454 251 104 263 143
person 0.0444 303 107 332 167
person 0.0289 210 145 264 288
person 0.0245 304 133 319 157
person 0.0239 264 117 283 148
person 0.0220 184 187 260 321
person 0.0219 253 166 296 200
person 0.0169 317 119 330 144
person 0.0143 261 103 272 127
person 0.0137 303 103 322 129
person 0.0133 111 223 166 295
person 0.0133 251 124 276 199
person 0.0124 277 123 290 142
person 0.0119 272 110 290 138
person 0.0115 304 102 316 115
person 0.0066 233 147 281 208
person 0.0058 237 99 291 184
person 0.0054 254 135 271 172
person 0.0053 301 118 311 151
person 0.0046 302 114 310 136
person 0.0044 262 123 332 198
person 0.0042 269 102 292 131
person 0.0039 271 120 290 147
person 0.0039 322 110 334 138
person 0.0036 246 115 268 192
person 0.0035 302 137 310 154
person 0.0034 262 103 270 113
person 0.0030 242 106 356 176
person 0.0028 231 145 275 255
person 0.0027 190 126 246 198
person 0.0027 268 169 299 195
person 0.0026 218 139 291 326
person 0.0024 270 108 330 174
person 0.0024 491 179 500 282
person 0.0024 323 118 333 146
person 0.0023 476 191 499 276
person 0.0023 252 103 260 113
person 0.0022 225 143 255 215
person 0.0021 297 109 314 142
person 0.0020 209 204 263 271
person 0.0020 313 131 329 158
person 0.0019 395 132 401 139
person 0.0019 321 110 337 157
person 0.0019 301 105 311 125
person 0.0019 265 143 286 179
person 0.0018 292 114 340 203
person 0.0018 244 130 316 229
person 0.0018 170 103 272 219
person 0.0017 177 128 236 269
person 0.0017 302 146 309 156
person 0.0013 202 124 282 238
person 0.0013 300 131 312 157
person 0.0013 271 165 298 185
person 0.0012 193 0 218 19
person 0.0011 214 122 272 202
person 0.0011 272 101 327 142
person 0.0010 245 101 351 143
person 0.0010 260 176 288 225
person 0.0010 366 110 379 124
bicycle 0.0010 254 170 295 198
car 0.6671 436 152 501 378
car 0.0054 474 171 500 261
car 0.0044 471 167 498 381
car 0.0036 453 67 499 329
car 0.0027 434 234 482 359
car 0.0024 490 168 500 236
car 0.0018 449 219 499 357
car 0.0016 438 247 499 404
car 0.0011 468 195 500 247
motorbike 0.0081 439 47 499 386
motorbike 0.0017 254 170 295 198
motorbike 0.0013 436 228 500 385
bus 0.0014 436 152 501 378
bird 0.0060 72 245 85 253
bird 0.0037 251 170 297 196
bird 0.0014 72 246 79 252
cat 0.0010 251 170 297 196
dog 0.3926 254 170 295 198
dog 0.0119 309 108 332 139
dog 0.0091 268 170 298 209
dog 0.0088 303 110 319 140
dog 0.0053 271 168 298 182
dog 0.0038 270 193 280 211
dog 0.0037 260 176 288 225
dog 0.0035 281 171 299 189
dog 0.0032 239 127 309 221
dog 0.0029 262 125 292 185
dog 0.0026 249 149 298 198
dog 0.0024 229 161 302 218
dog 0.0023 304 105 317 123
dog 0.0017 269 185 296 215
dog 0.0014 273 190 290 210
dog 0.0012 233 147 281 208
horse 0.0685 254 170 295 198
horse 0.0049 309 108 332 139
horse 0.0025 303 110 319 140
horse 0.0017 260 125 293 185
horse 0.0017 303 107 332 167
horse 0.0015 239 127 309 221
horse 0.0011 249 149 298 198
sheep 0.0061 309 108 332 139
sheep 0.0040 249 169 299 198
sheep 0.0014 303 110 319 140
sheep 0.0014 304 105 317 123
cow 0.0605 309 108 332 139
cow 0.0185 250 169 299 198
cow 0.0130 303 110 319 140
cow 0.0070 304 105 317 123
cow 0.0020 303 107 332 167
cow 0.0019 303 103 322 129
cow 0.0017 304 102 316 115
cow 0.0012 322 110 334 138
bottle 0.0058 171 213 182 226
bottle 0.0011 93 246 108 255
