person 0.5160 0 120 5 151
person 0.3486 0 128 4 155
person 0.1449 337 137 349 166
person 0.0799 355 100 366 113
person 0.0414 342 99 358 115
person 0.0365 367 101 376 111
person 0.0319 231 148 256 176
person 0.0319 283 152 302 191
person 0.0294 283 171 299 190
person 0.0271 287 152 302 174
person 0.0218 248 78 260 92
person 0.0190 365 85 374 104
person 0.0190 293 151 306 174
person 0.0188 190 102 297 227
person 0.0185 161 82 334 260
person 0.0170 316 169 330 192
person 0.0155 92 124 108 142
person 0.0139 59 132 68 142
person 0.0130 0 115 11 153
person 0.0121 224 145 251 181
person 0.0108 290 151 312 190
person 0.0092 151 90 160 101
person 0.0084 0 116 12 134
person 0.0082 92 116 109 136
person 0.0077 82 124 102 142
person 0.0072 7 66 341 233
person 0.0071 162 89 168 100
person 0.0067 119 91 126 104
person 0.0065 0 139 3 163
person 0.0063 45 127 56 142
person 0.0059 12 85 124 215
person 0.0051 340 100 348 115
person 0.0049 240 149 266 179
person 0.0045 96 111 105 119
person 0.0042 461 134 472 150
person 0.0041 125 67 375 152
person 0.0040 243 157 263 188
person 0.0040 302 168 323 192
person 0.0039 402 162 408 179
person 0.0039 364 82 374 96
person 0.0038 398 163 406 178
person 0.0037 269 72 285 86
person 0.0033 148 90 156 101
person 0.0032 218 126 260 199
person 0.0031 294 146 308 166
person 0.0030 335 148 347 177
person 0.0030 341 139 353 163
person 0.0029 73 117 89 134
person 0.0028 285 145 300 167
person 0.0025 347 82 356 93
person 0.0025 249 174 260 187
person 0.0024 284 65 306 86
person 0.0023 227 173 242 186
person 0.0023 35 48 50 65
person 0.0023 258 174 274 188
person 0.0021 7 124 13 142
person 0.0020 470 157 481 166
person 0.0020 276 153 295 190
person 0.0020 460 125 474 148
person 0.0020 413 168 421 182
person 0.0019 258 71 273 85
person 0.0019 73 123 92 142
person 0.0019 253 157 277 188
person 0.0019 265 62 275 73
person 0.0018 119 93 125 113
person 0.0018 271 74 288 94
person 0.0017 77 118 106 147
person 0.0017 356 106 365 117
person 0.0017 264 174 278 189
person 0.0016 354 93 368 104
person 0.0016 343 88 359 105
person 0.0016 469 126 477 142
person 0.0016 28 124 42 143
person 0.0015 34 125 52 142
person 0.0015 316 85 324 106
person 0.0015 60 137 70 144
person 0.0015 80 116 103 137
person 0.0015 54 41 69 58
person 0.0014 337 80 345 92
person 0.0014 254 77 272 94
person 0.0013 262 64 272 74
person 0.0013 297 170 312 191
person 0.0013 275 59 294 76
person 0.0013 228 79 240 88
person 0.0013 45 39 62 58
person 0.0012 299 154 331 189
person 0.0012 260 154 283 189
person 0.0012 375 88 382 104
person 0.0012 361 98 376 112
person 0.0012 281 148 292 180
person 0.0011 348 97 372 115
person 0.0011 0 111 6 216
person 0.0011 335 161 344 179
person 0.0011 309 86 319 105
person 0.0011 -15 61 299 162
person 0.0010 258 153 275 174
person 0.0010 374 98 381 113
person 0.0010 278 148 318 194
bicycle 0.0056 337 137 349 166
bicycle 0.0045 335 148 347 177
bicycle 0.0035 342 99 358 115
bicycle 0.0029 355 100 366 113
bicycle 0.0027 367 101 376 111
bicycle 0.0022 0 128 4 155
bicycle 0.0019 461 150 475 162
bicycle 0.0017 335 161 344 179
bicycle 0.0011 461 134 472 150
car 0.7577 291 65 310 86
car 0.6281 269 72 285 86
car 0.5811 268 89 284 99
car 0.3596 235 80 254 92
car 0.2830 166 110 175 137
car 0.2073 275 59 294 76
car 0.1923 254 77 272 94
car 0.1827 0 116 12 134
car 0.1445 166 97 183 137
car 0.1433 248 78 260 92
car 0.1045 267 72 286 99
car 0.0752 258 71 273 85
car 0.0498 262 64 272 74
car 0.0492 256 88 274 97
car 0.0467 0 120 5 151
car 0.0445 244 76 266 94
car 0.0379 272 87 287 101
car 0.0374 294 78 309 88
car 0.0225 265 62 275 73
car 0.0201 246 74 263 85
car 0.0127 287 79 297 87
car 0.0116 228 79 240 88
car 0.0078 235 73 255 85
car 0.0076 0 102 12 131
car 0.0073 292 62 310 77
car 0.0069 171 76 338 255
car 0.0063 254 63 303 100
car 0.0051 277 60 311 91
car 0.0050 461 150 475 162
car 0.0048 235 67 288 102
car 0.0042 242 71 267 88
car 0.0040 0 128 4 155
car 0.0036 7 124 13 142
car 0.0036 421 67 433 74
car 0.0035 291 75 312 91
car 0.0035 5 116 15 136
car 0.0031 168 83 189 132
car 0.0031 259 62 274 76
car 0.0030 0 115 11 153
car 0.0028 221 79 234 86
car 0.0027 433 63 446 71
car 0.0026 172 90 183 104
car 0.0025 172 94 182 116
car 0.0024 423 69 434 77
car 0.0024 225 70 244 85
car 0.0024 460 154 477 165
car 0.0022 263 60 280 76
car 0.0021 53 67 373 149
car 0.0020 280 87 306 102
car 0.0018 365 85 374 104
car 0.0018 231 69 260 88
car 0.0018 248 86 281 100
car 0.0018 11 79 124 210
car 0.0016 116 49 383 112
car 0.0015 160 79 202 133
car 0.0015 119 91 126 104
car 0.0015 153 67 294 137
car 0.0015 308 80 319 92
car 0.0014 437 63 452 70
car 0.0014 414 63 424 71
car 0.0013 0 64 350 236
car 0.0013 45 69 100 85
car 0.0013 249 88 263 96
car 0.0012 3 111 18 141
car 0.0012 157 60 321 105
car 0.0011 367 101 376 111
car 0.0011 474 143 498 163
car 0.0011 460 148 492 163
car 0.0011 487 144 500 162
car 0.0010 163 95 177 116
car 0.0010 470 157 481 166
motorbike 0.0041 337 137 350 166
motorbike 0.0039 0 128 4 155
motorbike 0.0030 367 101 376 111
motorbike 0.0027 342 99 358 115
motorbike 0.0015 355 100 366 113
motorbike 0.0011 268 89 284 99
motorbike 0.0010 0 120 5 151
bus 0.9960 170 80 340 261
bus 0.9950 11 81 123 209
bus 0.0550 275 59 294 76
bus 0.0244 190 102 297 227
bus 0.0177 291 65 310 86
bus 0.0067 253 76 272 95
bus 0.0061 275 56 307 82
bus 0.0058 235 80 254 92
bus 0.0050 244 76 266 94
bus 0.0036 248 78 260 92
bus 0.0036 271 69 289 86
bus 0.0030 0 116 12 134
bus 0.0029 0 98 13 133
bus 0.0018 45 69 100 85
bus 0.0018 254 63 303 100
bus 0.0017 0 77 28 133
bus 0.0017 225 70 244 85
bus 0.0014 0 115 7 154
bus 0.0012 218 66 251 87
bus 0.0012 235 73 255 85
bus 0.0011 268 89 284 99
bus 0.0011 257 69 274 88
bus 0.0010 268 72 285 98
bus 0.0010 231 69 260 88
train 0.0056 156 66 339 263
train 0.0042 11 80 125 206
boat 0.0010 156 66 339 263
chair 0.0021 342 99 358 115
pottedplant 0.0170 337 137 349 166
pottedplant 0.0017 341 139 353 163
pottedplant 0.0011 335 148 347 177
