person 0.0063 184 194 206 203
person 0.0017 208 194 219 204
person 0.0014 184 188 205 200
person 0.0012 50 148 499 268
person 0.0010 181 194 198 201
car 0.1929 8 146 498 267
car 0.0187 0 213 65 249
car 0.0031 27 196 236 268
car 0.0022 4 256 504 329
car 0.0019 264 154 472 267
motorbike 0.0026 3 138 501 270
aeroplane 0.6957 7 146 500 267
aeroplane 0.0042 -4 13 519 255
aeroplane 0.0020 0 213 65 249
bus 0.0214 8 146 498 267
train 0.0036 3 138 501 270
boat 0.0026 3 138 501 270
diningtable 0.0019 4 256 504 329
