sheep 0.9897 179 136 294 213
sheep 0.9860 -1 146 135 230
sheep 0.9761 304 124 412 199
sheep 0.9480 442 146 499 188
sheep 0.1723 88 143 135 221
sheep 0.0269 288 173 304 198
sheep 0.0090 491 144 500 185
sheep 0.0068 475 144 499 188
sheep 0.0061 0 173 4 232
sheep 0.0057 0 154 66 232
sheep 0.0042 374 123 408 145
sheep 0.0042 377 122 412 187
sheep 0.0036 493 137 500 173
sheep 0.0034 448 126 499 167
sheep 0.0031 10 137 322 213
sheep 0.0028 184 143 286 166
sheep 0.0027 319 127 401 147
sheep 0.0026 69 78 433 279
sheep 0.0022 298 111 497 192
sheep 0.0022 87 144 136 164
sheep 0.0019 220 127 452 203
sheep 0.0019 494 129 500 161
sheep 0.0018 451 145 498 165
sheep 0.0018 147 124 343 227
sheep 0.0018 0 157 3 212
sheep 0.0017 472 141 499 170
sheep 0.0017 15 156 53 170
sheep 0.0016 305 123 397 167
sheep 0.0016 437 102 500 191
sheep 0.0014 441 142 500 227
sheep 0.0014 442 148 473 181
sheep 0.0013 69 103 427 199
sheep 0.0011 492 143 500 222
sheep 0.0010 12 153 94 172
sheep 0.0010 102 145 136 184
cow 0.0040 442 146 500 188
cow 0.0030 306 125 411 197
cow 0.0022 179 138 294 213
cow 0.0010 0 146 133 229
