person 0.9448 -1 180 129 374
person 0.0027 217 254 231 270
person 0.0021 0 183 256 368
person 0.0018 265 260 282 281
person 0.0016 208 253 225 270
person 0.0015 0 178 17 371
person 0.0014 244 255 263 280
person 0.0014 238 257 254 277
person 0.0011 183 201 230 226
car 0.9990 153 244 375 343
car 0.3531 171 201 233 229
car 0.0457 125 196 233 230
car 0.0309 135 195 167 212
car 0.0090 0 244 6 273
car 0.0072 140 201 171 215
car 0.0059 294 224 378 257
car 0.0034 0 217 5 264
car 0.0025 133 190 183 214
car 0.0022 296 232 328 254
car 0.0021 0 228 6 309
car 0.0016 201 209 231 230
car 0.0013 222 212 233 232
car 0.0011 202 213 235 244
bus 0.0015 137 199 235 230
dog 0.0015 213 214 235 243
sheep 0.0089 213 214 235 243
pottedplant 0.0012 294 224 378 257
pottedplant 0.0010 304 237 376 261
