person 0.0141 364 143 377 186
person 0.0124 492 172 500 191
person 0.0101 377 156 404 188
person 0.0091 375 151 406 207
person 0.0077 490 172 500 230
person 0.0059 494 160 500 187
person 0.0052 373 175 380 188
person 0.0031 366 143 376 168
person 0.0031 491 168 500 198
person 0.0028 390 162 405 186
person 0.0027 366 135 388 189
person 0.0023 462 163 471 186
person 0.0022 395 166 405 194
person 0.0017 374 127 405 192
person 0.0016 0 146 26 244
person 0.0013 390 160 406 221
person 0.0012 -8 -15 503 264
person 0.0011 469 164 481 185
car 0.0014 491 188 500 230
car 0.0011 492 172 500 191
train 0.9776 -8 8 504 295
train 0.0013 -1 6 110 303
