person 0.0543 203 291 209 307
person 0.0429 177 256 192 282
person 0.0324 224 240 234 257
person 0.0274 230 214 235 232
person 0.0265 343 265 352 293
person 0.0196 180 255 190 271
person 0.0175 227 241 237 257
person 0.0153 179 289 190 311
person 0.0114 226 216 231 231
person 0.0080 182 271 192 287
person 0.0056 340 253 348 291
person 0.0052 147 311 156 320
person 0.0047 118 303 142 318
person 0.0043 181 280 190 304
person 0.0040 226 221 231 241
person 0.0036 203 245 212 253
person 0.0032 202 288 209 298
person 0.0030 151 311 158 320
person 0.0029 0 171 61 319
person 0.0027 377 166 383 180
person 0.0024 175 257 187 271
person 0.0023 179 275 193 308
person 0.0022 129 305 145 318
person 0.0022 175 269 185 284
person 0.0021 226 141 231 152
person 0.0020 182 299 193 317
person 0.0019 146 305 156 319
person 0.0018 261 264 269 277
person 0.0018 340 249 348 273
person 0.0017 339 246 346 257
person 0.0016 175 291 187 312
person 0.0016 326 227 333 237
person 0.0015 189 263 207 280
person 0.0014 177 258 193 299
person 0.0014 316 236 323 247
person 0.0014 343 282 353 294
person 0.0013 228 216 237 245
person 0.0012 347 253 356 270
person 0.0012 319 207 325 219
person 0.0011 354 266 361 277
person 0.0010 91 297 147 319
person 0.0010 145 96 174 113
person 0.0010 122 312 140 319
person 0.0010 190 261 220 279
bicycle 0.0072 227 241 237 257
bicycle 0.0040 224 240 234 257
bicycle 0.0013 382 167 398 180
bicycle 0.0010 431 148 444 165
car 0.9521 223 260 270 301
car 0.2076 189 263 207 280
car 0.1482 203 313 266 319
car 0.1404 175 259 186 282
car 0.1335 298 137 313 148
car 0.0803 316 146 342 158
car 0.0720 189 260 221 280
car 0.0629 227 241 237 257
car 0.0488 245 185 259 197
car 0.0412 176 256 192 283
car 0.0310 224 236 233 254
car 0.0303 83 295 153 319
car 0.0295 201 251 232 274
car 0.0273 205 260 225 277
car 0.0261 202 244 230 258
car 0.0230 180 255 190 271
car 0.0216 199 206 232 238
car 0.0201 319 99 347 120
car 0.0179 336 122 346 134
car 0.0169 202 234 232 254
car 0.0158 27 283 63 318
car 0.0154 147 255 190 287
car 0.0147 257 188 271 198
car 0.0130 301 136 317 144
car 0.0121 269 191 277 198
car 0.0120 233 258 271 287
car 0.0107 203 245 212 253
car 0.0104 175 257 187 271
car 0.0096 221 238 236 258
car 0.0096 241 185 254 196
car 0.0093 306 141 340 155
car 0.0092 186 253 228 283
car 0.0091 277 138 286 152
car 0.0090 188 272 206 282
car 0.0076 247 181 259 191
car 0.0072 224 281 246 299
car 0.0068 200 200 208 208
car 0.0066 330 100 347 114
car 0.0057 -2 282 67 320
car 0.0057 201 303 253 319
car 0.0057 280 191 287 199
car 0.0056 201 224 236 263
car 0.0055 32 258 70 286
car 0.0053 202 239 211 250
car 0.0053 272 151 289 158
car 0.0052 296 254 324 268
car 0.0050 205 313 225 319
car 0.0048 261 264 269 277
car 0.0046 234 257 254 267
car 0.0042 203 291 209 307
car 0.0041 296 137 323 152
car 0.0039 200 214 216 229
car 0.0039 269 151 282 157
car 0.0038 202 174 379 307
car 0.0038 171 249 189 279
car 0.0036 226 216 231 231
car 0.0035 119 240 304 313
car 0.0035 28 261 56 284
car 0.0033 328 104 348 126
car 0.0033 228 255 245 268
car 0.0031 241 259 269 267
car 0.0030 256 259 266 265
car 0.0030 24 285 150 319
car 0.0029 175 269 185 284
car 0.0028 150 262 164 273
car 0.0027 187 269 209 286
car 0.0027 24 249 153 319
car 0.0026 222 165 499 313
car 0.0025 218 207 231 222
car 0.0024 147 254 165 272
car 0.0024 270 139 283 153
car 0.0024 0 245 63 320
car 0.0023 147 183 170 198
car 0.0022 182 248 213 279
car 0.0022 24 257 68 318
car 0.0020 202 288 209 298
car 0.0020 257 180 270 189
car 0.0019 326 227 333 237
car 0.0019 180 312 256 320
car 0.0018 317 103 329 116
car 0.0018 197 272 211 283
car 0.0017 242 279 267 299
car 0.0017 297 207 309 215
car 0.0017 69 153 359 316
car 0.0017 165 224 411 314
car 0.0017 20 247 73 296
car 0.0016 343 282 353 294
car 0.0016 148 289 192 320
car 0.0016 152 149 203 258
car 0.0015 200 205 215 224
car 0.0014 197 208 220 234
car 0.0014 195 291 258 320
car 0.0014 239 182 285 203
car 0.0014 240 183 267 199
car 0.0013 224 234 241 255
car 0.0013 147 311 156 320
car 0.0013 225 253 263 274
car 0.0013 118 303 142 318
car 0.0013 146 253 157 272
car 0.0012 218 178 234 187
motorbike 0.0167 227 241 237 257
motorbike 0.0068 203 291 209 307
motorbike 0.0039 175 259 186 282
motorbike 0.0033 224 240 234 257
motorbike 0.0012 176 256 192 283
aeroplane 0.0010 229 259 272 302
bus 0.0118 223 260 270 302
bus 0.0020 145 96 174 113
bus 0.0017 83 295 153 319
bus 0.0017 318 103 348 126
bus 0.0013 298 137 313 148
bus 0.0013 200 205 234 249
bus 0.0011 147 184 173 220
train 0.0128 318 103 347 126
train 0.0055 289 208 334 251
train 0.0053 234 192 292 256
train 0.0050 143 95 176 113
train 0.0045 237 181 356 304
train 0.0038 284 206 346 279
train 0.0035 315 141 343 157
train 0.0032 336 122 346 134
train 0.0030 259 190 340 265
train 0.0029 234 186 291 227
train 0.0021 0 74 35 110
train 0.0017 229 259 272 302
train 0.0016 249 218 282 243
train 0.0015 83 295 153 319
train 0.0012 298 137 313 148
train 0.0012 199 181 233 206
train 0.0011 171 169 478 311
train 0.0010 318 107 347 143
train 0.0010 188 202 330 287
boat 0.0145 296 254 324 268
boat 0.0085 319 99 347 120
boat 0.0065 223 260 270 302
boat 0.0064 199 206 232 238
boat 0.0048 85 293 150 319
boat 0.0039 245 185 259 197
boat 0.0036 235 191 289 216
boat 0.0032 199 250 233 277
boat 0.0024 199 181 233 206
boat 0.0024 290 204 333 242
boat 0.0021 257 188 271 198
boat 0.0021 239 198 288 248
boat 0.0019 297 207 309 215
boat 0.0019 152 149 203 258
boat 0.0019 202 234 232 254
boat 0.0015 202 242 232 259
boat 0.0015 328 104 348 126
boat 0.0014 239 182 285 203
boat 0.0014 201 224 236 263
boat 0.0013 186 253 228 283
boat 0.0010 147 254 190 288
boat 0.0010 330 100 347 114
chair 0.0105 29 284 63 319
chair 0.0031 227 241 237 257
chair 0.0026 -2 282 67 320
chair 0.0023 0 279 8 320
chair 0.0020 382 167 398 180
chair 0.0018 83 295 153 319
chair 0.0014 0 308 8 326
chair 0.0011 0 295 26 321
chair 0.0010 0 217 63 320
chair 0.0010 224 240 234 257
sofa 0.0010 -1 282 66 320
pottedplant 0.0295 152 145 208 272
pottedplant 0.0031 157 144 207 205
pottedplant 0.0014 157 162 196 246
pottedplant 0.0014 227 241 237 257
pottedplant 0.0012 56 103 291 300
tvmonitor 0.0014 40 184 64 205
