person 0.3847 33 137 74 166
person 0.0509 208 129 221 139
person 0.0315 362 139 371 150
person 0.0152 467 143 477 158
person 0.0146 269 132 294 150
person 0.0108 132 150 140 159
person 0.0104 444 142 452 150
person 0.0086 464 138 473 153
person 0.0081 468 141 475 153
person 0.0078 326 193 340 212
person 0.0077 231 137 243 150
person 0.0077 333 195 348 211
person 0.0066 113 150 123 160
person 0.0065 10 168 18 177
person 0.0063 376 134 389 149
person 0.0060 126 150 138 159
person 0.0049 84 161 93 169
person 0.0048 337 189 364 211
person 0.0046 451 146 465 158
person 0.0045 39 135 66 155
person 0.0041 306 186 358 218
person 0.0038 0 168 9 178
person 0.0036 277 133 308 151
person 0.0036 0 161 6 168
person 0.0034 174 141 185 148
person 0.0030 419 137 431 148
person 0.0030 460 141 476 159
person 0.0029 419 122 431 145
person 0.0029 144 145 157 160
person 0.0029 17 162 29 169
person 0.0028 237 137 246 151
person 0.0028 270 179 294 186
person 0.0027 199 128 218 140
person 0.0024 16 167 30 175
person 0.0023 321 201 342 215
person 0.0022 435 141 444 148
person 0.0019 203 134 245 150
person 0.0018 312 138 331 151
person 0.0017 444 144 453 156
person 0.0016 1 134 59 179
person 0.0016 349 190 367 209
person 0.0016 290 136 314 150
person 0.0015 262 180 285 186
person 0.0014 331 201 351 216
person 0.0014 351 138 373 153
person 0.0013 96 159 106 166
person 0.0013 2 130 94 190
person 0.0012 451 133 466 154
person 0.0011 26 161 41 169
person 0.0011 469 176 481 187
person 0.0011 0 139 149 220
person 0.0011 168 188 190 200
person 0.0011 223 178 233 186
person 0.0010 83 164 94 176
person 0.0010 51 136 69 156
boat 0.7590 366 126 496 247
boat 0.5400 -3 145 167 219
boat 0.4269 56 200 143 218
boat 0.3920 231 161 368 232
boat 0.3681 119 143 250 215
boat 0.3485 246 121 499 247
boat 0.2550 262 182 395 248
boat 0.2249 97 122 402 228
boat 0.1051 124 176 249 211
boat 0.0999 245 118 391 179
boat 0.0984 277 211 390 247
boat 0.0910 126 119 293 200
boat 0.0745 153 128 246 158
boat 0.0514 -1 112 255 214
boat 0.0509 468 177 500 371
boat 0.0490 260 156 452 237
boat 0.0447 245 147 398 178
boat 0.0415 137 131 254 187
boat 0.0398 17 98 485 273
boat 0.0366 44 185 161 218
boat 0.0294 233 130 480 182
boat 0.0215 149 127 404 192
boat 0.0209 260 124 330 158
boat 0.0188 208 129 221 139
boat 0.0185 259 135 402 170
boat 0.0183 38 134 82 173
boat 0.0160 137 139 239 166
boat 0.0150 239 185 328 235
boat 0.0143 457 250 499 374
boat 0.0142 196 124 366 159
boat 0.0118 224 127 336 227
boat 0.0109 187 131 246 153
boat 0.0102 306 163 404 236
boat 0.0100 -3 163 291 220
boat 0.0098 490 154 500 195
boat 0.0090 265 131 300 152
boat 0.0081 203 128 226 143
boat 0.0081 451 127 499 378
boat 0.0079 0 112 133 207
boat 0.0078 211 109 431 214
boat 0.0069 267 182 357 222
boat 0.0067 240 176 327 209
boat 0.0056 488 232 500 364
boat 0.0050 288 193 354 229
boat 0.0050 311 165 497 258
boat 0.0048 306 186 358 218
boat 0.0048 0 191 144 230
boat 0.0048 243 132 341 174
boat 0.0045 118 169 322 213
boat 0.0044 199 128 218 140
boat 0.0042 335 186 369 213
boat 0.0042 267 160 394 184
boat 0.0037 169 156 428 277
boat 0.0036 322 118 486 194
boat 0.0035 182 127 233 145
boat 0.0030 306 165 376 181
boat 0.0028 489 152 499 173
boat 0.0027 250 161 392 203
boat 0.0027 5 175 128 248
boat 0.0026 249 199 357 239
boat 0.0026 340 143 383 159
boat 0.0025 493 181 499 199
boat 0.0021 296 142 406 164
boat 0.0021 236 152 369 191
boat 0.0020 145 115 334 173
boat 0.0020 295 153 405 172
boat 0.0020 3 16 499 222
boat 0.0019 -19 135 520 386
boat 0.0018 491 145 499 164
boat 0.0018 8 162 117 220
boat 0.0018 144 145 157 160
boat 0.0017 92 198 129 210
boat 0.0016 302 199 339 218
boat 0.0016 244 146 324 180
boat 0.0016 162 132 268 171
boat 0.0015 380 123 485 159
boat 0.0015 205 128 241 145
boat 0.0014 307 129 406 180
boat 0.0014 467 297 500 373
boat 0.0014 214 135 257 154
boat 0.0014 312 186 369 234
boat 0.0014 480 101 499 333
boat 0.0013 289 124 336 149
boat 0.0013 288 128 356 159
boat 0.0013 181 138 210 151
boat 0.0013 200 133 290 156
boat 0.0012 285 187 340 218
boat 0.0012 174 141 185 148
boat 0.0012 390 156 500 369
boat 0.0011 277 133 308 151
boat 0.0011 132 150 140 159
boat 0.0011 491 262 500 314
boat 0.0011 83 133 205 190
boat 0.0010 146 146 164 161
boat 0.0010 297 193 330 211
boat 0.0010 491 189 500 331
boat 0.0010 279 169 382 217
boat 0.0010 207 166 316 226
boat 0.0010 483 143 500 209
boat 0.0010 282 122 503 164
bird 0.0200 32 136 74 167
bird 0.0088 31 136 56 148
bird 0.0065 39 135 66 155
bird 0.0017 208 129 221 139
bird 0.0014 0 161 6 168
bird 0.0012 10 168 18 177
bird 0.0012 132 150 140 159
bird 0.0010 113 150 123 160
