person 0.0137 56 36 87 91
person 0.0051 16 7 101 227
person 0.0028 48 28 94 218
person 0.0012 468 23 500 258
person 0.0010 474 99 500 180
person 0.0010 78 154 334 367
bicycle 0.0026 21 230 102 373
bicycle 0.0012 16 231 192 372
bicycle 0.0010 44 170 330 373
bird 0.0019 396 19 446 115
cat 0.9606 90 171 329 364
cat 0.0182 101 289 178 373
cat 0.0026 56 38 88 91
dog 0.0056 78 160 332 379
dog 0.0032 101 293 178 376
dog 0.0017 56 38 88 91
bottle 0.5792 364 100 418 208
bottle 0.5771 426 106 465 216
bottle 0.0584 345 132 366 192
bottle 0.0246 463 114 500 270
bottle 0.0091 369 13 444 207
bottle 0.0057 491 100 500 151
bottle 0.0048 474 99 500 180
bottle 0.0042 453 11 499 267
bottle 0.0029 494 38 500 152
bottle 0.0023 493 98 499 132
bottle 0.0022 353 127 410 223
bottle 0.0019 478 34 500 208
bottle 0.0018 338 143 373 199
bottle 0.0013 496 55 500 116
bottle 0.0012 21 230 102 373
bottle 0.0011 486 105 500 164
chair 0.0318 21 230 102 373
chair 0.0140 44 170 330 373
chair 0.0082 132 181 184 239
chair 0.0029 18 231 182 372
chair 0.0011 76 286 101 368
chair 0.0011 103 287 176 374
sofa 0.0034 44 170 330 373
pottedplant 0.0028 474 99 500 180
pottedplant 0.0027 478 34 500 208
pottedplant 0.0025 365 14 447 209
pottedplant 0.0020 457 113 499 270
pottedplant 0.0019 44 170 330 373
pottedplant 0.0014 468 105 500 220
pottedplant 0.0013 363 105 416 217
pottedplant 0.0012 384 19 449 119
pottedplant 0.0012 24 236 101 373
diningtable 0.0040 290 232 498 378
diningtable 0.0028 142 168 338 366
diningtable 0.0012 21 230 102 373
diningtable 0.0010 89 163 507 366
tvmonitor 0.0010 117 157 397 274
