person 0.0356 8 130 22 139
person 0.0241 364 215 370 230
person 0.0046 403 201 409 220
person 0.0046 370 220 375 235
person 0.0038 374 216 380 228
person 0.0024 360 215 366 229
person 0.0010 363 212 375 233
car 0.0042 21 227 48 237
car 0.0031 1 225 24 234
car 0.0016 -1 225 49 236
train 0.9761 136 205 302 254
train 0.0111 494 194 500 213
train 0.0055 477 200 498 216
train 0.0022 490 190 500 216
train 0.0012 226 206 302 238
train 0.0012 494 176 500 211
bird 0.0048 8 130 22 139
bird 0.0048 181 130 186 137
bird 0.0014 139 132 144 138
