person 0.9860 250 289 286 367
person 0.9813 203 331 242 373
person 0.0041 116 282 128 299
person 0.0023 185 317 197 330
person 0.0017 210 331 232 351
person 0.0014 109 320 290 390
person 0.0013 252 291 282 336
person 0.0013 259 304 280 355
person 0.0013 194 318 248 367
person 0.0010 173 313 265 373
boat 0.5578 32 -5 344 422
boat 0.2248 73 343 373 399
boat 0.1082 206 328 247 378
boat 0.0306 5 337 30 345
boat 0.0200 41 34 231 366
boat 0.0169 1 338 19 347
boat 0.0148 3 303 76 345
boat 0.0103 34 304 62 341
boat 0.0086 48 305 62 338
boat 0.0047 45 266 352 411
boat 0.0040 9 337 45 344
boat 0.0037 109 320 290 390
boat 0.0033 0 331 76 349
boat 0.0025 344 292 353 298
boat 0.0023 233 287 290 373
boat 0.0022 21 337 56 342
boat 0.0021 332 291 340 296
boat 0.0015 41 304 80 341
boat 0.0015 71 330 80 335
boat 0.0014 347 291 361 297
boat 0.0010 59 330 78 337
boat 0.0010 24 335 71 343
