person 0.4341 258 276 331 385
person 0.0329 130 256 329 420
person 0.0178 242 272 328 449
person 0.0176 0 407 334 499
person 0.0132 254 188 330 404
person 0.0070 1 188 328 473
person 0.0030 240 20 330 410
person 0.0016 141 109 327 411
person 0.0011 98 305 327 490
car 0.0032 24 406 318 499
car 0.0011 29 297 316 497
cat 0.4735 126 292 331 429
cat 0.0909 4 296 329 499
cat 0.0480 3 408 331 499
cat 0.0069 259 277 330 432
cat 0.0021 101 172 330 427
dog 0.0159 126 290 330 430
dog 0.0039 3 408 331 499
dog 0.0025 14 291 306 499
dog 0.0012 258 276 331 385
horse 0.0297 3 408 331 499
horse 0.0131 4 296 330 500
horse 0.0043 126 292 331 429
cow 0.0025 3 408 331 499
chair 0.0057 3 408 331 499
chair 0.0020 29 297 316 497
sofa 0.0226 3 408 331 499
sofa 0.0146 0 28 328 470
sofa 0.0106 29 297 316 497
diningtable 0.0039 3 408 331 499
