bird 0.0077 162 6 187 33
bird 0.0050 155 29 179 51
bird 0.0044 151 5 187 51
chair 0.9806 370 90 443 190
chair 0.8840 361 143 500 305
chair 0.8559 91 201 251 371
chair 0.0256 364 109 385 179
chair 0.0075 287 224 416 357
chair 0.0060 475 216 500 335
chair 0.0051 392 110 490 188
chair 0.0049 475 121 500 350
chair 0.0045 411 109 430 124
chair 0.0042 371 121 496 231
chair 0.0024 0 93 19 221
chair 0.0020 0 119 12 207
chair 0.0014 0 89 15 105
chair 0.0012 0 127 54 244
chair 0.0011 480 93 500 262
chair 0.0011 338 82 473 210
chair 0.0010 472 258 500 374
sofa 0.9581 62 102 328 223
sofa 0.2965 361 143 500 305
sofa 0.2276 90 194 251 366
sofa 0.0121 475 121 500 350
sofa 0.0096 54 68 345 356
sofa 0.0083 371 92 444 181
sofa 0.0046 475 216 500 335
sofa 0.0022 371 121 496 231
sofa 0.0018 480 93 500 262
sofa 0.0018 287 219 418 360
sofa 0.0014 408 116 492 192
pottedplant 0.9093 0 1 98 239
pottedplant 0.0030 -1 71 63 243
pottedplant 0.0028 150 3 187 45
pottedplant 0.0022 152 13 184 64
pottedplant 0.0020 18 205 51 237
pottedplant 0.0019 0 93 19 221
pottedplant 0.0017 0 -1 98 121
pottedplant 0.0010 0 73 11 100
pottedplant 0.0010 0 119 12 207
diningtable 0.0343 474 235 500 354
diningtable 0.0195 392 110 490 188
diningtable 0.0031 288 224 414 357
diningtable 0.0025 370 109 445 194
diningtable 0.0018 -1 95 16 111
diningtable 0.0017 0 89 15 105
diningtable 0.0017 412 119 483 150
diningtable 0.0013 475 121 500 350
diningtable 0.0012 0 112 18 240
diningtable 0.0010 368 113 499 283
