person 0.0064 22 17 28 26
person 0.0031 321 52 326 59
person 0.0019 23 22 28 28
person 0.0019 302 43 308 53
person 0.0017 175 34 182 44
person 0.0017 329 54 336 61
person 0.0015 307 44 314 54
person 0.0014 289 42 297 51
person 0.0013 317 45 323 55
person 0.0011 172 25 182 32
person 0.0011 39 50 44 58
person 0.0010 337 52 346 59
car 0.0379 44 60 54 74
car 0.0258 26 3 42 15
car 0.0230 74 3 92 16
car 0.0196 35 5 50 16
car 0.0175 172 25 182 32
car 0.0160 5 15 20 24
car 0.0119 180 26 192 33
car 0.0118 81 4 95 17
car 0.0114 164 25 174 32
car 0.0094 0 71 8 81
car 0.0076 67 13 77 21
car 0.0076 22 17 28 26
car 0.0076 17 2 31 12
car 0.0069 147 23 168 31
car 0.0060 74 12 90 21
car 0.0055 230 34 243 42
car 0.0052 57 60 64 71
car 0.0045 95 5 108 15
car 0.0041 249 36 260 44
car 0.0041 0 34 5 41
car 0.0039 175 34 182 44
car 0.0038 39 48 44 54
car 0.0037 23 22 28 28
car 0.0036 269 42 279 50
car 0.0035 46 13 54 18
car 0.0033 46 5 57 17
car 0.0031 260 42 268 48
car 0.0031 242 36 251 43
car 0.0030 65 4 79 17
car 0.0028 42 13 49 18
car 0.0025 57 13 67 19
car 0.0025 57 3 70 17
car 0.0025 66 74 78 82
car 0.0025 11 2 22 11
car 0.0021 259 36 269 45
car 0.0021 -12 -1 518 144
car 0.0020 192 24 203 34
car 0.0020 83 11 94 21
car 0.0020 20 44 27 51
car 0.0020 140 24 160 32
car 0.0018 2 15 9 21
car 0.0017 103 4 118 16
car 0.0016 1 7 264 126
car 0.0015 180 15 193 22
car 0.0015 231 26 242 33
car 0.0014 20 1 48 17
car 0.0013 209 34 218 40
car 0.0013 132 1 148 11
car 0.0013 39 50 44 58
car 0.0011 13 0 35 15
car 0.0011 130 25 144 32
boat 0.0020 375 56 386 65
boat 0.0016 375 60 387 69
boat 0.0012 361 54 381 62
boat 0.0010 349 54 372 62
bird 0.0010 0 71 8 81
cat 0.0414 206 151 261 243
dog 0.9636 207 152 260 244
dog 0.0045 223 160 263 225
horse 0.0020 205 149 261 240
horse 0.0012 0 71 8 81
sheep 0.0202 0 71 8 81
sheep 0.0043 44 60 54 74
sheep 0.0031 206 151 261 243
sheep 0.0019 23 22 28 28
sheep 0.0018 57 60 64 71
sheep 0.0017 0 34 5 41
sheep 0.0016 0 94 6 103
sheep 0.0013 20 44 27 51
sheep 0.0011 39 48 44 54
sheep 0.0011 175 34 182 44
cow 0.0321 0 71 8 81
cow 0.0071 206 154 261 245
cow 0.0014 0 94 6 103
cow 0.0014 44 60 54 74
