person 0.0130 394 -13 498 405
person 0.0048 449 17 499 398
person 0.0043 309 -35 499 424
person 0.0043 397 232 499 393
person 0.0039 477 48 500 368
person 0.0038 396 325 498 399
person 0.0036 452 233 500 398
person 0.0027 122 124 499 375
person 0.0010 472 161 500 402
person 0.0010 468 -27 500 292
car 0.0019 -13 -2 511 158
dog 0.9600 124 125 477 378
chair 0.0012 -1 12 498 381
sofa 0.0043 -13 -2 511 158
sofa 0.0042 -1 12 498 381
sofa 0.0029 84 125 426 393
sofa 0.0011 396 338 500 396
diningtable 0.0147 -13 -2 511 158
diningtable 0.0073 -1 12 498 381
