person 0.1116 -4 -4 381 325
person 0.0669 0 -5 98 373
person 0.0509 -2 2 99 146
person 0.0195 365 5 501 220
person 0.0126 0 2 64 232
person 0.0105 319 -2 501 379
person 0.0096 3 -9 193 370
person 0.0029 8 144 488 388
person 0.0025 -2 0 170 198
person 0.0024 0 29 56 400
person 0.0023 -1 1 359 148
person 0.0017 51 0 516 224
person 0.0013 0 3 22 313
car 0.0043 -1 -2 491 379
cat 0.9858 -8 0 428 319
cat 0.0035 -1 -11 130 328
cat 0.0021 0 12 60 380
chair 0.0654 -6 -6 497 382
chair 0.0023 8 287 396 373
chair 0.0015 365 5 501 220
chair 0.0010 10 200 486 377
sofa 0.2437 -6 -6 497 382
sofa 0.0077 319 -2 501 379
sofa 0.0067 12 194 485 382
sofa 0.0049 3 294 364 373
sofa 0.0045 330 175 497 372
sofa 0.0022 365 5 501 220
diningtable 0.0039 3 294 364 373
