person 0.9705 218 64 502 372
person 0.9358 0 76 260 369
person 0.0182 0 137 10 168
person 0.0135 0 125 13 230
person 0.0096 495 171 499 269
person 0.0039 0 97 13 296
person 0.0039 0 179 9 224
person 0.0032 0 198 6 221
person 0.0022 59 113 101 163
person 0.0020 0 179 7 263
person 0.0020 493 142 500 243
person 0.0019 496 192 499 248
person 0.0018 486 107 500 363
person 0.0013 494 187 500 331
person 0.0012 0 95 10 174
person 0.0011 -5 -2 420 370
person 0.0010 0 195 6 246
bus 0.0024 1 8 106 369
bus 0.0021 0 8 266 372
bus 0.0019 -1 -5 192 238
train 0.0590 0 10 262 369
train 0.0359 0 11 106 366
train 0.0268 -2 -4 193 238
train 0.0066 0 37 59 252
train 0.0057 -6 2 507 365
train 0.0019 0 125 13 230
train 0.0019 0 97 13 296
train 0.0018 -3 18 501 193
train 0.0016 8 64 120 213
train 0.0016 54 109 107 169
bottle 0.0015 422 177 431 193
bottle 0.0010 432 175 438 193
chair 0.0053 496 192 499 248
chair 0.0037 495 171 499 269
chair 0.0013 496 213 499 265
chair 0.0010 494 187 500 331
diningtable 0.0012 496 192 499 248
