person 0.0058 0 0 26 51
person 0.0057 11 0 109 67
person 0.0029 0 0 52 52
person 0.0022 0 7 15 119
person 0.0017 0 0 10 54
person 0.0016 449 -2 501 101
person 0.0014 94 10 296 70
person 0.0011 -1 22 98 120
person 0.0010 12 230 492 376
bottle 0.0074 28 0 101 57
bottle 0.0032 0 0 26 51
bottle 0.0023 193 0 236 17
bottle 0.0017 0 0 10 54
bottle 0.0013 63 20 79 37
bottle 0.0010 449 -2 501 101
chair 0.0059 26 0 100 58
chair 0.0042 0 0 30 54
chair 0.0024 0 0 10 54
chair 0.0011 451 -2 500 81
pottedplant 0.0017 0 0 26 51
diningtable 0.5353 13 30 490 352
diningtable 0.0277 12 230 492 376
diningtable 0.0033 -5 -15 504 169
diningtable 0.0021 33 143 397 304
diningtable 0.0021 95 9 246 74
diningtable 0.0013 450 3 499 107
diningtable 0.0013 457 188 501 351
diningtable 0.0013 319 93 498 351
diningtable 0.0011 25 134 184 256
diningtable 0.0011 441 12 499 204
diningtable 0.0010 397 120 501 325
diningtable 0.0010 2 109 193 342
