person 0.9788 309 83 478 308
person 0.9065 0 78 195 372
person 0.7201 138 66 350 372
person 0.0047 0 51 14 384
person 0.0037 149 76 485 313
person 0.0034 477 143 500 288
person 0.0017 476 271 500 330
person 0.0016 474 33 500 284
person 0.0016 0 35 54 401
person 0.0014 152 158 216 192
person 0.0013 492 163 500 297
person 0.0011 0 97 18 219
person 0.0011 137 160 193 202
person 0.0010 0 152 6 271
bottle 0.0056 399 279 460 374
bottle 0.0035 476 275 499 334
chair 0.2601 290 252 351 329
chair 0.0992 304 87 483 339
chair 0.0461 349 78 450 175
chair 0.0237 152 158 216 192
chair 0.0122 313 251 355 308
chair 0.0104 276 225 367 331
chair 0.0102 156 162 185 188
chair 0.0094 270 190 480 355
chair 0.0093 138 160 192 201
chair 0.0089 444 20 501 188
chair 0.0078 145 76 483 362
chair 0.0055 326 58 467 228
chair 0.0050 474 33 500 284
chair 0.0047 287 280 340 334
chair 0.0046 477 143 500 288
chair 0.0036 389 284 452 369
chair 0.0027 133 243 451 362
chair 0.0024 138 191 154 207
chair 0.0023 159 85 472 198
chair 0.0022 492 150 500 290
chair 0.0022 296 241 346 300
chair 0.0018 323 275 358 318
chair 0.0017 436 29 478 160
chair 0.0015 288 270 375 350
chair 0.0015 266 258 400 363
chair 0.0013 286 283 500 374
chair 0.0013 399 33 497 260
chair 0.0012 448 138 499 254
chair 0.0011 -4 226 508 376
chair 0.0010 475 214 499 287
chair 0.0010 0 152 5 347
chair 0.0010 447 63 500 290
sofa 0.0015 1 80 181 379
sofa 0.0012 279 218 508 372
diningtable 0.5618 301 281 495 374
diningtable 0.5567 380 283 460 370
diningtable 0.0735 279 218 508 372
diningtable 0.0120 304 87 483 339
diningtable 0.0088 -18 300 525 371
diningtable 0.0075 -4 226 508 376
diningtable 0.0062 286 249 357 336
diningtable 0.0024 133 243 451 362
diningtable 0.0017 475 271 500 331
diningtable 0.0014 345 315 484 373
diningtable 0.0013 447 267 500 356
diningtable 0.0011 399 261 506 368
diningtable 0.0011 71 124 420 389
diningtable 0.0011 256 291 426 372
