person 0.1573 234 110 292 214
person 0.0223 73 37 148 166
person 0.0111 189 147 221 215
person 0.0106 144 111 177 165
person 0.0101 79 38 146 105
person 0.0086 83 73 155 192
person 0.0049 153 111 178 148
person 0.0043 88 107 148 170
person 0.0038 193 133 220 167
person 0.0035 255 112 293 177
person 0.0023 247 76 254 92
person 0.0018 78 75 99 109
person 0.0015 485 234 500 476
person 0.0013 196 143 216 170
person 0.0012 61 93 103 158
person 0.0011 257 70 271 91
person 0.0011 262 102 272 119
person 0.0010 153 144 201 190
person 0.0010 256 139 273 160
person 0.0010 240 104 281 153
person 0.0010 263 62 280 81
person 0.0010 171 124 231 211
bus 0.0022 61 24 308 221
bird 0.0017 79 38 146 106
cat 0.0010 73 37 148 166
dog 0.0048 153 111 178 148
dog 0.0022 144 111 177 165
dog 0.0015 67 73 151 194
dog 0.0014 77 149 101 189
dog 0.0012 156 111 175 132
dog 0.0010 78 150 99 170
horse 0.0019 67 73 151 194
horse 0.0013 62 97 102 188
horse 0.0013 144 112 178 166
horse 0.0011 189 145 222 215
horse 0.0010 77 36 147 107
bottle 0.0075 487 401 500 473
bottle 0.0019 488 338 500 488
chair 0.0354 359 229 498 419
chair 0.0041 485 234 500 476
chair 0.0033 0 402 95 500
chair 0.0027 488 338 500 488
chair 0.0022 187 442 480 501
chair 0.0017 492 331 500 447
chair 0.0016 364 220 489 297
chair 0.0015 290 259 486 443
chair 0.0010 488 413 500 498
sofa 0.0011 314 224 513 409
diningtable 0.0090 93 403 493 498
diningtable 0.0012 80 300 493 500
tvmonitor 0.9120 282 257 477 446
tvmonitor 0.4629 0 246 61 469
tvmonitor 0.0091 0 248 21 467
tvmonitor 0.0072 61 24 308 221
tvmonitor 0.0045 488 338 500 488
tvmonitor 0.0027 492 331 500 447
tvmonitor 0.0020 485 234 500 476
tvmonitor 0.0019 487 418 500 472
tvmonitor 0.0018 381 233 497 487
tvmonitor 0.0010 109 121 245 210
