person 0.2595 169 216 330 503
person 0.1105 175 397 330 501
person 0.0815 84 292 310 500
person 0.0418 132 4 337 511
person 0.0065 32 155 315 501
person 0.0059 25 386 307 501
person 0.0052 249 217 333 490
person 0.0040 223 15 329 495
person 0.0016 76 402 183 499
person 0.0013 75 438 245 500
bird 0.0018 57 292 301 499
cat 0.5469 84 33 317 486
cat 0.0626 84 292 310 500
cat 0.0010 170 214 330 505
dog 0.0387 77 232 331 497
dog 0.0038 47 50 307 504
horse 0.0021 73 225 337 498
sheep 0.0044 57 292 301 499
cow 0.0053 73 225 337 498
bottle 0.0010 169 216 330 503
sofa 0.0016 85 33 317 485
pottedplant 0.0029 9 292 149 447
pottedplant 0.0025 1 2 98 504
pottedplant 0.0020 80 49 322 504
pottedplant 0.0012 4 378 95 503
pottedplant 0.0010 4 93 158 474
