person 0.0447 32 130 36 136
person 0.0428 0 165 23 269
person 0.0268 0 88 18 267
person 0.0256 -1 200 35 273
person 0.0200 0 137 12 266
person 0.0098 0 157 45 275
person 0.0057 0 190 12 250
person 0.0041 0 86 7 261
person 0.0041 0 108 4 117
person 0.0023 44 33 350 368
person 0.0020 -1 197 48 348
person 0.0015 0 223 43 282
person 0.0015 0 168 11 235
person 0.0013 0 205 15 273
person 0.0013 0 9 27 276
person 0.0010 99 111 106 117
boat 0.0226 99 111 106 117
boat 0.0177 0 108 4 117
boat 0.0057 0 99 4 116
boat 0.0027 103 111 111 117
boat 0.0026 32 130 36 136
bird 0.0235 99 111 106 117
bird 0.0071 32 130 36 136
bird 0.0028 103 111 111 117
dog 0.9907 8 32 337 374
dog 0.0171 -1 200 35 273
dog 0.0137 5 210 211 373
dog 0.0087 0 223 43 282
dog 0.0066 0 202 34 345
dog 0.0054 0 165 23 269
dog 0.0035 0 160 47 285
dog 0.0019 103 51 319 247
dog 0.0019 0 196 13 265
dog 0.0017 0 229 102 371
