person 0.9450 379 0 411 50
person 0.4635 437 27 456 41
person 0.3323 433 25 462 45
person 0.0396 345 0 373 24
person 0.0178 364 0 375 23
person 0.0115 494 11 499 26
person 0.0082 29 34 37 43
person 0.0079 371 0 384 20
person 0.0069 427 22 451 40
person 0.0068 344 11 355 22
person 0.0062 398 26 498 67
person 0.0056 312 11 334 24
person 0.0053 315 8 328 16
person 0.0045 413 15 499 44
person 0.0042 494 13 499 42
person 0.0042 417 22 436 40
person 0.0039 375 -3 407 27
person 0.0032 307 7 319 15
person 0.0032 493 12 499 66
person 0.0029 318 11 344 24
person 0.0029 355 0 384 24
person 0.0027 357 2 403 33
person 0.0027 343 2 357 21
person 0.0026 324 7 341 17
person 0.0026 295 13 324 25
person 0.0024 413 20 463 42
person 0.0021 360 5 468 52
person 0.0020 60 22 67 33
person 0.0020 492 26 499 89
person 0.0019 363 9 377 23
person 0.0019 144 20 150 35
person 0.0018 321 0 437 52
person 0.0017 81 19 101 32
person 0.0017 494 1 500 21
person 0.0017 37 24 46 34
person 0.0016 66 10 113 30
person 0.0016 326 26 457 59
person 0.0016 428 36 467 58
person 0.0015 477 5 492 16
person 0.0015 30 23 37 37
person 0.0015 76 20 91 31
person 0.0014 372 7 383 25
person 0.0014 329 11 351 23
person 0.0013 60 13 65 20
person 0.0012 468 4 481 16
person 0.0012 394 22 482 50
person 0.0011 12 61 472 281
person 0.0011 359 27 419 54
person 0.0011 298 7 309 16
person 0.0011 442 5 452 17
person 0.0010 451 20 481 39
person 0.0010 331 5 353 18
person 0.0010 132 101 152 115
bicycle 0.0070 346 32 413 59
bicycle 0.0043 359 23 436 55
bicycle 0.0039 339 30 460 61
car 0.9962 14 40 472 268
car 0.8931 265 39 493 123
car 0.7557 407 11 503 67
car 0.7218 291 14 318 25
car 0.5319 318 11 344 24
car 0.2139 329 11 351 23
car 0.1764 312 11 334 24
car 0.1762 414 15 498 46
car 0.1696 344 18 494 68
car 0.1033 431 23 465 49
car 0.1010 344 11 355 22
car 0.0527 364 25 499 107
car 0.0404 182 21 192 31
car 0.0373 283 18 303 24
car 0.0325 388 37 508 77
car 0.0302 333 30 428 59
car 0.0279 491 39 500 96
car 0.0208 59 8 109 31
car 0.0183 331 5 353 18
car 0.0178 434 23 460 40
car 0.0162 324 7 341 17
car 0.0147 332 35 523 60
car 0.0129 113 22 127 32
car 0.0127 346 8 374 24
car 0.0114 492 16 500 78
car 0.0109 494 11 499 26
car 0.0104 343 2 357 21
car 0.0092 484 43 500 119
car 0.0090 315 8 328 16
car 0.0088 280 18 291 24
car 0.0083 182 18 192 26
car 0.0079 29 34 37 43
car 0.0064 86 13 111 29
car 0.0063 494 13 499 42
car 0.0058 271 14 479 78
car 0.0052 1 33 25 43
car 0.0044 433 48 498 125
car 0.0044 0 33 8 41
car 0.0043 359 23 436 55
car 0.0040 60 13 65 20
car 0.0040 189 22 203 34
car 0.0038 394 22 482 50
car 0.0036 37 24 46 34
car 0.0036 379 -1 413 54
car 0.0035 208 23 239 32
car 0.0034 307 7 319 15
car 0.0034 91 19 109 31
car 0.0033 105 21 117 31
car 0.0032 413 20 463 42
car 0.0030 4 33 39 45
car 0.0029 467 14 500 42
car 0.0026 81 19 101 32
car 0.0023 60 22 67 33
car 0.0022 339 0 362 22
car 0.0021 353 7 475 51
car 0.0021 471 12 499 26
car 0.0019 76 20 91 31
car 0.0018 315 5 348 20
car 0.0017 260 17 268 22
car 0.0016 481 13 499 71
car 0.0015 394 19 444 42
car 0.0015 363 9 377 23
car 0.0014 -1 27 509 120
car 0.0014 110 14 128 29
car 0.0014 298 7 309 16
car 0.0014 204 23 265 32
car 0.0013 443 27 466 46
car 0.0013 195 26 215 34
car 0.0013 117 21 140 33
car 0.0013 239 14 253 24
car 0.0012 411 44 500 88
car 0.0011 262 72 487 234
car 0.0011 470 35 501 119
car 0.0011 280 15 308 25
car 0.0011 11 25 20 36
car 0.0010 245 17 261 23
car 0.0010 437 26 501 96
car 0.0010 453 26 477 48
car 0.0010 191 59 469 157
car 0.0010 455 15 499 61
car 0.0010 98 12 123 29
car 0.0010 414 21 440 41
motorbike 0.0019 398 26 498 67
bus 0.0050 407 11 503 67
boat 0.0038 261 13 497 121
