person 0.0019 0 65 17 210
person 0.0010 0 51 7 177
car 0.0021 0 147 15 215
car 0.0014 0 65 17 210
car 0.0010 59 254 498 333
bottle 0.9985 168 99 226 291
bottle 0.1800 262 179 302 281
bottle 0.0070 221 136 282 301
bottle 0.0039 238 133 334 283
bottle 0.0025 212 137 242 258
bottle 0.0011 280 129 356 274
bottle 0.0010 178 169 382 317
chair 0.0027 474 297 500 332
chair 0.0017 477 250 500 333
chair 0.0014 0 100 16 211
pottedplant 0.0315 0 102 120 225
pottedplant 0.0167 -2 106 179 311
pottedplant 0.0134 0 164 108 321
pottedplant 0.0063 0 173 54 324
pottedplant 0.0060 -5 21 179 229
pottedplant 0.0044 163 98 216 291
pottedplant 0.0044 82 182 173 279
pottedplant 0.0039 0 65 17 210
pottedplant 0.0035 -1 12 122 173
pottedplant 0.0034 0 7 23 193
pottedplant 0.0025 0 109 17 280
pottedplant 0.0022 0 14 33 115
pottedplant 0.0020 75 140 133 206
pottedplant 0.0020 45 141 167 287
pottedplant 0.0017 0 215 22 326
pottedplant 0.0017 0 6 51 193
pottedplant 0.0017 0 89 55 223
pottedplant 0.0013 17 226 167 323
pottedplant 0.0013 62 57 196 270
pottedplant 0.0013 0 259 50 325
pottedplant 0.0012 26 21 140 134
pottedplant 0.0011 67 139 143 249
pottedplant 0.0010 0 150 15 229
pottedplant 0.0010 481 116 500 314
pottedplant 0.0010 83 58 178 206
diningtable 0.5253 59 254 498 333
diningtable 0.0997 67 142 494 330
diningtable 0.0840 178 169 382 317
diningtable 0.0163 193 137 307 325
diningtable 0.0087 221 144 281 314
diningtable 0.0032 94 289 460 329
diningtable 0.0022 396 147 461 306
diningtable 0.0020 255 207 303 285
diningtable 0.0019 238 133 334 283
diningtable 0.0017 270 267 459 314
diningtable 0.0016 329 187 480 304
diningtable 0.0015 42 1 521 343
diningtable 0.0014 169 111 228 303
diningtable 0.0013 51 268 351 328
diningtable 0.0011 222 236 512 326
