person 0.9879 217 121 261 267
person 0.4859 246 134 278 186
person 0.2478 340 134 361 155
person 0.0954 292 104 313 126
person 0.0323 246 132 265 157
person 0.0219 249 158 278 199
person 0.0142 281 99 317 134
person 0.0141 491 295 500 333
person 0.0118 257 138 288 185
person 0.0117 337 135 351 153
person 0.0111 257 102 335 172
person 0.0095 276 143 290 181
person 0.0091 237 131 278 254
person 0.0085 336 127 367 157
person 0.0075 459 135 494 167
person 0.0074 351 141 364 158
person 0.0072 174 137 186 146
person 0.0072 215 121 304 194
person 0.0063 179 137 189 147
person 0.0061 186 138 222 171
person 0.0055 192 131 202 147
person 0.0053 37 84 473 310
person 0.0052 238 121 249 142
person 0.0047 1 136 7 142
person 0.0042 479 286 500 332
person 0.0042 493 314 500 333
person 0.0041 489 256 500 336
person 0.0035 258 159 285 185
person 0.0034 250 134 274 167
person 0.0033 220 133 229 151
person 0.0030 167 125 274 266
person 0.0028 244 143 300 202
person 0.0027 164 111 387 276
person 0.0026 238 113 349 191
person 0.0023 458 138 479 165
person 0.0023 201 103 388 203
person 0.0022 49 136 57 142
person 0.0020 427 70 434 85
person 0.0020 484 211 500 335
person 0.0020 432 70 439 83
person 0.0019 193 101 323 180
person 0.0016 194 127 202 143
person 0.0016 272 128 292 178
person 0.0015 222 121 234 147
person 0.0015 246 139 268 221
person 0.0014 0 133 5 139
person 0.0013 450 291 499 332
person 0.0013 250 188 260 209
person 0.0012 305 71 320 91
person 0.0012 136 88 427 184
person 0.0011 231 131 261 190
person 0.0011 25 138 36 143
person 0.0011 491 142 500 180
person 0.0011 6 136 23 142
person 0.0010 234 119 254 145
person 0.0010 250 158 276 240
person 0.0010 97 132 105 149
person 0.0010 265 139 286 164
car 0.0255 15 137 32 142
car 0.0248 6 136 23 142
car 0.0151 1 136 7 142
car 0.0127 25 138 36 143
car 0.0079 143 134 171 145
car 0.0066 119 123 160 143
car 0.0060 174 137 186 146
car 0.0022 470 132 500 169
car 0.0022 0 133 5 139
car 0.0016 143 128 172 143
car 0.0016 49 136 57 142
car 0.0016 179 137 189 147
car 0.0012 116 126 142 143
aeroplane 0.8408 4 41 514 310
aeroplane 0.1422 215 127 264 264
aeroplane 0.0814 183 137 223 172
aeroplane 0.0203 246 134 278 187
aeroplane 0.0167 223 80 500 331
aeroplane 0.0154 176 127 304 180
aeroplane 0.0076 9 70 494 200
aeroplane 0.0073 164 99 352 182
aeroplane 0.0061 118 121 168 146
aeroplane 0.0054 32 92 297 221
aeroplane 0.0038 467 133 502 170
aeroplane 0.0037 117 120 205 148
aeroplane 0.0034 0 133 5 139
aeroplane 0.0030 174 137 186 146
aeroplane 0.0028 3 58 241 293
aeroplane 0.0026 212 114 340 197
aeroplane 0.0025 90 113 266 163
aeroplane 0.0025 135 126 180 143
aeroplane 0.0024 235 106 323 169
aeroplane 0.0023 92 75 339 190
aeroplane 0.0023 179 137 189 147
aeroplane 0.0018 146 96 447 255
aeroplane 0.0018 192 110 358 241
aeroplane 0.0016 132 133 201 147
aeroplane 0.0016 1 136 7 142
aeroplane 0.0015 68 119 259 193
aeroplane 0.0015 446 143 500 205
aeroplane 0.0013 171 118 234 168
aeroplane 0.0011 142 133 173 146
aeroplane 0.0011 181 111 265 173
aeroplane 0.0010 6 136 23 142
aeroplane 0.0010 468 130 501 216
aeroplane 0.0010 127 94 353 146
aeroplane 0.0010 398 99 498 225
boat 0.0012 471 125 500 163
chair 0.0011 471 132 500 169
