bird 0.0018 157 101 186 141
bird 0.0018 300 132 366 205
bird 0.0015 125 99 155 131
dog 0.1056 300 132 366 205
dog 0.0047 70 89 92 117
dog 0.0028 51 82 70 110
dog 0.0025 159 101 188 141
dog 0.0021 39 80 53 104
dog 0.0016 125 99 155 131
horse 0.0546 300 132 366 205
horse 0.0094 156 100 186 141
horse 0.0071 125 99 155 131
horse 0.0066 51 82 70 110
horse 0.0038 70 89 92 117
horse 0.0031 39 80 53 104
sheep 0.9726 70 90 92 117
sheep 0.9714 299 131 366 195
sheep 0.9675 158 101 189 142
sheep 0.9659 125 98 154 131
sheep 0.9164 51 82 70 110
sheep 0.8146 39 80 53 104
sheep 0.1893 40 80 62 107
sheep 0.0141 40 78 58 97
sheep 0.0034 53 81 69 94
sheep 0.0029 -2 67 198 122
sheep 0.0028 57 84 83 107
sheep 0.0024 0 96 3 112
sheep 0.0023 12 86 408 160
sheep 0.0020 2 86 194 153
sheep 0.0020 1 51 417 133
sheep 0.0018 56 94 197 136
sheep 0.0012 126 95 152 117
sheep 0.0012 0 81 3 109
sheep 0.0010 22 77 79 114
sheep 0.0010 0 72 3 99
cow 0.2628 296 131 368 203
cow 0.0855 156 100 186 141
cow 0.0611 125 99 155 131
cow 0.0349 70 90 92 117
cow 0.0293 51 83 70 110
cow 0.0104 39 80 53 104
cow 0.0063 40 80 64 107
