person 0.1811 233 83 270 125
person 0.0257 125 204 241 319
person 0.0155 144 231 164 258
person 0.0101 1 88 30 152
person 0.0086 136 226 187 285
person 0.0069 150 225 227 286
person 0.0055 139 233 166 275
person 0.0034 212 247 228 278
person 0.0029 5 92 26 127
person 0.0023 2 82 13 102
person 0.0019 140 224 176 267
person 0.0019 208 232 231 279
person 0.0016 198 247 221 278
person 0.0012 190 229 228 281
person 0.0011 0 94 16 149
horse 0.0010 167 84 215 133
bottle 0.0015 114 95 126 124
pottedplant 0.4459 165 42 227 132
pottedplant 0.0058 238 264 259 303
pottedplant 0.0028 168 84 214 133
pottedplant 0.0012 107 106 135 132
tvmonitor 0.9869 127 206 247 317
tvmonitor 0.0069 145 232 230 293
tvmonitor 0.0020 0 86 30 154
