person 0.9816 0 -2 71 267
person 0.9497 285 -1 376 270
person 0.9099 178 -7 270 251
person 0.9032 145 0 182 57
person 0.1438 261 -1 329 224
person 0.0519 210 181 249 252
person 0.0432 186 -1 271 124
person 0.0257 260 0 278 11
person 0.0254 236 0 274 93
person 0.0239 248 0 270 12
person 0.0197 140 13 164 56
person 0.0194 355 0 375 7
person 0.0174 198 27 298 218
person 0.0164 173 -1 190 15
person 0.0138 45 72 244 414
person 0.0112 367 0 378 5
person 0.0102 235 0 266 12
person 0.0100 176 0 207 13
person 0.0098 145 0 161 50
person 0.0097 210 1 297 107
person 0.0095 342 0 372 10
person 0.0092 266 0 290 11
person 0.0083 173 0 220 62
person 0.0080 323 196 373 273
person 0.0078 0 -2 22 127
person 0.0074 0 2 20 250
person 0.0070 99 1 283 54
person 0.0068 263 3 365 98
person 0.0066 171 0 261 58
person 0.0061 181 0 220 8
person 0.0061 181 176 244 257
person 0.0056 264 0 290 59
person 0.0052 221 0 284 65
person 0.0050 330 94 374 271
person 0.0047 265 0 313 58
person 0.0046 14 0 42 5
person 0.0043 234 0 274 27
person 0.0043 94 121 185 327
person 0.0042 256 0 287 91
person 0.0042 164 0 183 14
person 0.0037 223 0 257 9
person 0.0037 170 0 253 10
person 0.0036 22 0 54 6
person 0.0035 329 -1 373 25
person 0.0034 320 6 375 120
person 0.0034 250 0 287 13
person 0.0033 108 175 162 268
person 0.0033 174 0 210 25
person 0.0032 107 171 144 237
person 0.0032 5 -1 61 100
person 0.0030 5 0 33 5
person 0.0029 189 0 232 6
person 0.0026 78 -1 302 109
person 0.0026 209 0 271 12
person 0.0025 304 0 369 49
person 0.0024 260 0 278 24
person 0.0024 -1 0 21 6
person 0.0023 150 0 179 29
person 0.0023 318 0 374 12
person 0.0023 280 0 352 55
person 0.0022 213 0 293 26
person 0.0022 214 63 289 153
person 0.0022 307 164 375 269
person 0.0021 162 0 235 28
person 0.0020 267 0 309 13
person 0.0019 198 165 239 244
person 0.0019 266 0 292 28
person 0.0019 156 -1 188 16
person 0.0018 291 0 372 24
person 0.0018 152 0 176 11
person 0.0018 169 0 196 23
person 0.0018 123 5 169 58
person 0.0017 72 -3 298 257
person 0.0017 -15 -4 141 268
person 0.0016 175 0 350 56
person 0.0016 351 0 375 25
person 0.0015 253 5 301 125
person 0.0015 253 0 284 28
person 0.0015 257 0 327 25
person 0.0014 267 20 289 65
person 0.0014 255 51 297 160
person 0.0014 129 -2 195 36
person 0.0014 156 0 210 49
person 0.0014 270 27 314 102
person 0.0013 141 6 153 45
person 0.0012 97 0 113 4
person 0.0011 144 1 164 28
person 0.0011 152 127 290 295
person 0.0011 145 0 164 8
person 0.0011 11 0 64 10
person 0.0011 269 38 287 62
person 0.0010 94 147 154 297
person 0.0010 163 1 356 123
person 0.0010 335 0 374 48
person 0.0010 229 -1 271 48
person 0.0010 267 108 309 225
bicycle 0.3778 141 13 164 56
bicycle 0.0748 145 0 182 57
bicycle 0.0117 140 21 154 57
bicycle 0.0028 123 5 169 58
bicycle 0.0021 145 0 161 50
bicycle 0.0018 205 73 294 199
bicycle 0.0013 148 29 176 54
bicycle 0.0011 141 6 153 45
car 0.0023 355 0 375 7
car 0.0022 174 0 253 63
car 0.0015 260 0 278 11
motorbike 0.9307 41 82 264 435
motorbike 0.1286 140 13 164 56
motorbike 0.0569 145 0 182 57
motorbike 0.0264 205 73 294 199
motorbike 0.0165 182 -10 280 248
motorbike 0.0032 73 69 296 277
motorbike 0.0026 228 73 280 141
motorbike 0.0018 219 -11 332 254
motorbike 0.0018 94 121 185 327
motorbike 0.0016 140 21 154 57
motorbike 0.0015 199 89 281 149
motorbike 0.0014 88 101 226 251
motorbike 0.0013 263 -4 370 250
motorbike 0.0012 261 55 292 155
motorbike 0.0010 123 5 169 58
bottle 0.0074 311 0 321 27
bottle 0.0025 312 0 319 6
bottle 0.0022 306 0 327 30
bottle 0.0015 309 0 323 44
bottle 0.0011 301 6 313 24
bottle 0.0010 294 9 304 21
pottedplant 0.0015 54 2 111 85
