person 0.4013 359 197 367 212
person 0.2357 140 61 184 99
person 0.1219 356 197 361 212
person 0.0766 369 196 374 212
person 0.0465 361 194 371 205
person 0.0403 369 191 374 206
person 0.0391 175 71 221 102
person 0.0265 44 142 71 169
person 0.0216 140 60 216 106
person 0.0151 40 138 79 181
person 0.0149 15 139 72 188
person 0.0140 39 113 92 174
person 0.0120 288 161 307 179
person 0.0110 216 80 248 99
person 0.0102 141 80 183 100
person 0.0090 357 195 370 214
person 0.0063 186 77 252 101
person 0.0056 43 133 89 167
person 0.0038 194 75 277 144
person 0.0036 356 194 361 206
person 0.0033 24 91 94 187
person 0.0029 96 60 137 157
person 0.0024 24 134 73 169
person 0.0022 371 204 375 227
person 0.0022 207 86 299 159
person 0.0021 246 157 275 177
person 0.0020 367 193 375 215
person 0.0018 2 -10 359 372
person 0.0017 243 112 307 173
person 0.0016 255 69 298 104
person 0.0015 166 60 299 147
person 0.0015 149 69 245 143
person 0.0015 354 193 363 216
person 0.0014 278 160 293 180
person 0.0011 124 58 195 145
person 0.0011 133 74 178 105
person 0.0010 357 188 374 211
person 0.0010 296 150 336 185
bicycle 0.0213 149 177 191 211
bicycle 0.0034 359 197 367 212
bicycle 0.0021 146 175 183 198
car 0.0108 359 197 367 212
car 0.0023 361 194 371 205
car 0.0016 369 196 374 212
car 0.0011 356 197 361 212
car 0.0011 148 172 191 209
motorbike 0.0254 359 197 367 212
motorbike 0.0030 145 171 186 209
motorbike 0.0016 369 196 374 212
motorbike 0.0011 356 197 361 212
bus 0.9970 3 31 360 417
chair 0.0066 288 161 307 179
chair 0.0037 278 160 293 180
chair 0.0015 246 157 275 177
