person 0.7001 367 1 500 155
person 0.3446 31 56 239 155
person 0.3416 -1 0 223 147
person 0.0514 0 0 125 131
person 0.0471 4 24 240 360
person 0.0293 367 -4 500 313
person 0.0137 32 -1 224 73
person 0.0110 39 -1 453 149
person 0.0088 76 -1 220 44
person 0.0067 223 0 503 154
person 0.0059 152 125 327 305
person 0.0059 47 48 437 342
person 0.0054 0 75 126 315
person 0.0040 -17 57 234 215
person 0.0027 369 20 407 114
person 0.0026 0 238 168 375
person 0.0016 11 41 334 256
person 0.0015 0 1 54 162
person 0.0013 5 56 86 184
person 0.0013 0 174 8 250
person 0.0012 210 0 365 85
person 0.0010 343 18 445 136
bicycle 0.0038 81 98 405 360
bicycle 0.0012 144 118 332 316
car 0.0041 81 98 405 360
car 0.0037 144 118 332 316
motorbike 0.0024 81 98 405 360
motorbike 0.0010 144 118 332 316
bottle 0.7081 152 125 327 305
bottle 0.1019 271 152 331 204
bottle 0.0334 218 114 274 177
bottle 0.0316 364 189 466 312
bottle 0.0203 92 67 395 327
bottle 0.0078 197 113 304 188
bottle 0.0066 259 137 335 297
bottle 0.0058 228 126 349 242
bottle 0.0042 289 143 338 178
bottle 0.0030 301 204 325 234
bottle 0.0029 176 172 303 295
bottle 0.0021 294 171 333 261
bottle 0.0019 254 134 290 174
bottle 0.0016 442 216 466 265
bottle 0.0014 285 152 341 239
bottle 0.0014 252 120 340 206
bottle 0.0013 205 0 396 130
bottle 0.0012 -1 92 143 308
bottle 0.0010 233 125 297 180
bottle 0.0010 268 220 319 287
chair 0.0095 144 118 332 316
chair 0.0088 81 98 405 360
sofa 0.0016 81 98 405 360
sofa 0.0011 144 118 332 316
diningtable 0.0614 81 98 405 360
diningtable 0.0210 152 125 327 305
diningtable 0.0068 0 90 164 361
diningtable 0.0032 369 68 498 371
diningtable 0.0032 98 224 391 369
diningtable 0.0013 55 301 438 372
diningtable 0.0010 0 238 168 375
tvmonitor 0.0013 144 118 332 316
