person 0.8138 2 -2 494 373
person 0.0883 308 1 502 370
person 0.0249 3 65 338 310
person 0.0245 67 -13 438 231
person 0.0154 0 3 121 372
person 0.0121 211 41 300 164
person 0.0057 9 58 179 306
person 0.0053 404 -13 498 366
person 0.0045 324 -2 500 140
person 0.0032 157 25 486 288
person 0.0024 286 87 458 217
person 0.0023 343 63 487 285
person 0.0022 256 -2 490 210
person 0.0012 427 -2 502 145
person 0.0012 470 -28 500 385
person 0.0012 10 -3 342 167
person 0.0011 482 13 500 345
cat 0.0827 10 61 485 376
cat 0.0341 17 81 318 289
cat 0.0018 182 77 467 301
dog 0.6659 9 58 487 379
dog 0.0927 15 77 320 294
dog 0.0069 123 71 451 303
dog 0.0051 308 1 502 370
dog 0.0012 143 100 297 253
dog 0.0011 343 63 487 285
bottle 0.0018 211 41 300 164
chair 0.0141 2 -2 494 373
chair 0.0022 0 4 121 372
chair 0.0017 308 1 502 370
sofa 0.2412 2 -2 494 373
sofa 0.0333 308 1 502 370
sofa 0.0114 67 -13 438 231
sofa 0.0035 3 65 338 310
sofa 0.0033 0 3 121 372
sofa 0.0024 381 72 501 373
sofa 0.0019 324 -2 500 140
sofa 0.0018 211 41 300 164
sofa 0.0014 11 54 182 312
sofa 0.0010 157 25 486 288
