person 0.0047 360 145 379 165
person 0.0045 432 198 437 217
person 0.0042 431 190 438 215
person 0.0026 446 205 468 234
person 0.0019 441 206 452 219
person 0.0018 248 201 259 216
person 0.0017 240 202 253 217
person 0.0015 385 242 414 274
person 0.0013 258 202 268 218
person 0.0012 197 244 212 259
person 0.0011 417 202 423 218
person 0.0010 422 199 433 217
aeroplane 0.9675 58 113 496 275
aeroplane 0.2514 445 189 499 240
aeroplane 0.1311 443 145 500 261
aeroplane 0.1122 474 142 500 213
aeroplane 0.0439 467 165 500 262
aeroplane 0.0123 476 76 500 203
aeroplane 0.0085 410 175 500 250
aeroplane 0.0060 454 207 498 232
aeroplane 0.0055 481 126 501 200
aeroplane 0.0042 474 186 499 215
aeroplane 0.0038 481 208 499 296
aeroplane 0.0037 450 87 499 233
aeroplane 0.0035 482 157 501 225
aeroplane 0.0030 489 218 500 280
aeroplane 0.0030 472 195 499 225
aeroplane 0.0029 485 173 501 248
aeroplane 0.0027 413 193 503 230
aeroplane 0.0025 445 195 500 305
aeroplane 0.0024 461 191 493 210
aeroplane 0.0022 437 204 479 234
aeroplane 0.0021 487 177 500 224
aeroplane 0.0020 173 184 232 219
aeroplane 0.0019 156 189 254 236
aeroplane 0.0018 434 161 500 221
aeroplane 0.0017 371 145 498 248
aeroplane 0.0016 105 168 339 264
aeroplane 0.0011 487 92 499 196
