person 0.9937 198 214 298 376
person 0.7341 168 235 206 315
person 0.3210 174 236 205 280
person 0.0033 490 230 498 237
person 0.0024 346 253 350 262
person 0.0023 177 264 212 322
person 0.0021 151 260 264 362
person 0.0013 374 261 378 275
person 0.0011 166 250 223 335
person 0.0010 148 192 341 367
person 0.0010 160 271 211 362
person 0.0010 142 232 218 323
person 0.0010 162 258 196 320
bicycle 0.0010 233 339 295 373
car 0.0011 490 230 498 237
car 0.0010 295 233 310 244
boat 0.0036 61 239 86 244
boat 0.0024 295 233 310 244
boat 0.0014 74 239 88 244
boat 0.0014 57 239 67 244
horse 0.9769 161 270 211 363
horse 0.0036 167 257 206 326
horse 0.0020 151 260 264 362
horse 0.0011 198 215 299 376
horse 0.0010 175 295 199 338
cow 0.0019 163 276 211 370
