person 0.0027 14 0 49 14
person 0.0010 31 0 50 14
dog 0.0020 14 0 49 14
horse 0.0016 14 0 49 14
sheep 0.9945 114 20 356 199
sheep 0.9940 117 97 325 327
sheep 0.9762 399 33 501 279
sheep 0.4452 14 0 49 14
sheep 0.0882 31 0 50 14
sheep 0.0285 1 0 29 13
sheep 0.0200 8 -2 43 9
sheep 0.0153 9 -1 20 7
sheep 0.0114 0 0 9 15
sheep 0.0099 443 36 498 64
sheep 0.0089 113 18 128 34
sheep 0.0068 113 17 167 36
sheep 0.0067 0 -3 8 7
sheep 0.0047 404 37 494 78
sheep 0.0045 114 17 128 27
sheep 0.0021 479 33 500 280
sheep 0.0020 0 0 5 37
sheep 0.0019 -1 -4 54 18
sheep 0.0019 447 35 501 179
sheep 0.0019 82 8 399 283
sheep 0.0014 114 15 164 27
sheep 0.0014 3 -3 27 9
sheep 0.0012 399 37 498 127
sheep 0.0012 0 0 51 41
sheep 0.0011 -1 0 16 18
sheep 0.0011 479 34 500 131
sheep 0.0010 336 44 492 305
cow 0.0107 14 0 49 14
cow 0.0011 31 0 50 14
