person 0.0359 -2 138 178 332
person 0.0129 -1 238 172 331
person 0.0021 0 49 368 309
person 0.0012 0 17 141 321
cat 0.5831 -2 76 369 323
cat 0.1443 -1 77 174 330
cat 0.0021 -1 238 172 331
cat 0.0017 0 41 132 231
cat 0.0013 44 16 524 332
dog 0.0035 0 128 171 335
chair 0.0026 141 278 438 333
chair 0.0018 -1 45 506 309
chair 0.0017 0 248 170 333
sofa 0.0080 -1 45 506 309
sofa 0.0060 -18 250 513 330
sofa 0.0050 141 278 438 333
sofa 0.0016 -1 238 172 331
sofa 0.0014 -2 138 178 332
diningtable 0.0027 138 276 423 335
diningtable 0.0013 -18 250 513 330
tvmonitor 0.0125 -1 45 506 309
