person 0.9378 73 179 239 369
person 0.2546 145 269 240 459
person 0.0060 31 198 238 457
person 0.0025 31 259 139 329
person 0.0020 134 158 253 425
person 0.0019 60 293 248 498
person 0.0017 32 187 140 332
person 0.0015 35 270 62 322
person 0.0012 96 63 296 450
bottle 0.0078 75 334 96 385
bottle 0.0047 81 338 101 379
bottle 0.0011 69 329 117 389
bottle 0.0010 91 383 116 401
chair 0.0048 28 429 238 502
chair 0.0044 145 269 240 459
chair 0.0040 33 266 126 324
chair 0.0033 34 270 63 320
chair 0.0023 142 374 158 426
chair 0.0015 34 192 238 371
chair 0.0012 21 306 240 498
sofa 0.0256 34 266 126 324
sofa 0.0086 34 192 238 371
sofa 0.0077 25 395 240 501
sofa 0.0027 23 265 240 485
sofa 0.0015 41 260 199 337
sofa 0.0014 23 258 152 398
sofa 0.0010 34 270 63 320
diningtable 0.1903 22 348 157 454
diningtable 0.1092 23 307 239 499
diningtable 0.0443 30 411 237 500
diningtable 0.0407 60 332 135 424
diningtable 0.0299 29 368 140 421
diningtable 0.0207 56 339 101 403
diningtable 0.0106 23 311 134 401
diningtable 0.0106 25 291 172 426
diningtable 0.0078 7 366 182 499
diningtable 0.0043 37 399 153 435
diningtable 0.0035 31 326 91 388
diningtable 0.0033 69 329 117 389
diningtable 0.0027 75 334 96 385
diningtable 0.0024 31 198 238 457
diningtable 0.0024 35 380 97 410
diningtable 0.0021 75 341 156 409
diningtable 0.0019 25 473 244 500
diningtable 0.0016 0 304 122 498
diningtable 0.0016 34 347 78 388
diningtable 0.0015 63 363 128 394
diningtable 0.0015 54 320 180 395
diningtable 0.0013 56 398 131 417
diningtable 0.0012 31 259 139 329
diningtable 0.0012 143 267 242 448
diningtable 0.0012 23 379 110 437
diningtable 0.0010 65 315 207 436
