person 0.6882 119 66 126 83
person 0.0754 125 68 131 83
person 0.0728 103 70 113 82
person 0.0379 102 69 106 80
person 0.0019 153 75 158 81
person 0.0019 111 63 132 87
person 0.0014 101 67 116 85
person 0.0011 126 79 134 86
car 0.0014 103 70 113 82
motorbike 0.0010 119 66 126 83
bird 0.0013 233 206 262 239
dog 0.0031 177 205 271 252
dog 0.0014 248 226 316 261
dog 0.0012 233 206 262 239
horse 0.0063 119 66 126 83
horse 0.0014 125 68 131 83
horse 0.0013 103 70 113 82
sheep 0.9700 247 228 315 267
sheep 0.8179 176 207 266 249
sheep 0.1065 233 206 262 239
sheep 0.0448 223 206 268 250
sheep 0.0125 177 219 199 242
sheep 0.0077 174 213 233 243
sheep 0.0049 186 217 204 227
sheep 0.0027 269 228 317 257
sheep 0.0020 242 236 287 263
sheep 0.0011 196 195 315 267
cow 0.0029 177 205 271 252
cow 0.0017 119 66 126 83
