person 0.2210 409 179 421 203
person 0.1167 392 177 405 199
person 0.0613 383 176 398 200
person 0.0582 377 175 387 204
person 0.0450 29 171 40 209
person 0.0327 69 173 79 185
person 0.0237 0 186 5 211
person 0.0196 0 201 4 212
person 0.0179 28 186 38 208
person 0.0132 314 166 326 190
person 0.0114 74 173 87 186
person 0.0100 392 173 403 188
person 0.0086 403 183 419 207
person 0.0071 96 154 106 166
person 0.0063 251 169 261 189
person 0.0056 88 182 95 192
person 0.0053 385 175 396 188
person 0.0048 406 175 414 187
person 0.0043 460 171 467 188
person 0.0043 166 181 174 198
person 0.0039 0 167 5 212
person 0.0038 435 184 442 196
person 0.0037 363 171 373 184
person 0.0034 377 175 386 187
person 0.0022 85 174 96 187
person 0.0019 378 178 402 213
person 0.0019 410 173 421 187
person 0.0018 362 160 372 182
person 0.0015 171 181 181 197
person 0.0014 40 162 46 173
person 0.0013 12 161 42 208
person 0.0012 96 182 104 194
person 0.0012 211 174 220 185
person 0.0011 315 180 327 192
person 0.0011 390 172 405 192
person 0.0011 286 168 295 189
person 0.0010 27 154 43 207
person 0.0010 35 187 44 207
person 0.0010 76 181 88 191
car 0.0012 0 201 4 212
train 0.9797 88 141 385 254
train 0.1052 456 137 499 198
train 0.0571 401 135 500 201
train 0.0198 447 102 501 212
train 0.0191 458 163 498 214
train 0.0126 459 165 495 192
train 0.0086 460 158 492 181
train 0.0054 461 151 492 171
train 0.0042 468 108 500 193
train 0.0041 440 159 493 196
train 0.0034 407 151 487 190
train 0.0033 384 141 450 190
train 0.0031 386 87 497 217
train 0.0024 492 155 500 182
train 0.0023 460 171 467 188
train 0.0022 451 162 480 194
train 0.0021 12 161 42 208
train 0.0017 0 161 33 209
train 0.0014 431 153 464 188
train 0.0014 457 160 478 180
train 0.0013 444 161 450 178
train 0.0013 489 134 500 188
train 0.0012 374 164 444 210
train 0.0011 470 147 499 174
train 0.0011 28 144 111 186
train 0.0010 453 152 498 247
pottedplant 0.0886 380 178 415 216
pottedplant 0.0792 392 177 405 199
pottedplant 0.0393 383 176 398 200
pottedplant 0.0275 381 197 414 215
pottedplant 0.0137 403 178 418 202
pottedplant 0.0027 377 175 387 204
pottedplant 0.0018 399 181 421 210
