person 0.0040 86 139 92 142
bicycle 0.9972 132 136 336 287
bicycle 0.0017 134 139 214 286
bicycle 0.0012 129 190 189 279
bicycle 0.0010 159 133 236 175
motorbike 0.0013 120 127 331 282
boat 0.0397 86 139 92 142
boat 0.0118 86 137 93 140
boat 0.0029 82 139 88 142
boat 0.0019 105 141 114 144
boat 0.0017 80 137 88 140
boat 0.0016 114 140 121 143
bird 0.0104 86 139 92 142
bird 0.0014 82 139 88 142
bird 0.0013 379 193 384 198
bird 0.0012 89 192 93 195
bottle 0.0391 237 217 254 246
bottle 0.0163 238 224 248 252
bottle 0.0126 245 219 257 242
bottle 0.0091 230 230 243 252
bottle 0.0044 231 220 243 246
bottle 0.0024 239 216 254 230
bottle 0.0019 241 215 262 245
bottle 0.0018 220 181 267 205
bottle 0.0016 223 225 249 255
bottle 0.0014 218 213 253 250
