person 0.9202 197 67 231 106
person 0.7089 90 37 226 364
person 0.6390 3 74 43 159
person 0.6223 95 28 391 370
person 0.1337 451 107 458 122
person 0.1288 423 100 434 128
person 0.1102 425 101 431 112
person 0.0811 399 111 414 137
person 0.0766 435 109 445 123
person 0.0752 197 67 232 183
person 0.0701 434 109 446 139
person 0.0465 418 105 436 141
person 0.0448 387 114 393 130
person 0.0442 0 84 68 150
person 0.0416 439 109 447 122
person 0.0397 417 102 423 111
person 0.0365 408 108 428 140
person 0.0326 396 113 407 136
person 0.0272 410 102 428 129
person 0.0228 203 113 237 198
person 0.0216 494 116 500 134
person 0.0170 388 103 409 126
person 0.0154 378 104 401 126
person 0.0148 374 108 380 124
person 0.0134 18 42 492 170
person 0.0119 399 105 416 128
person 0.0111 374 111 380 136
person 0.0105 411 103 447 139
person 0.0099 430 106 446 126
person 0.0085 193 80 225 109
person 0.0068 167 69 264 165
person 0.0064 449 104 460 125
person 0.0057 393 103 436 137
person 0.0049 485 112 501 159
person 0.0046 322 102 338 126
person 0.0044 3 92 28 136
person 0.0043 182 71 195 99
person 0.0039 4 69 28 102
person 0.0037 101 99 141 148
person 0.0036 163 58 409 249
person 0.0036 419 121 433 143
person 0.0031 451 99 458 117
person 0.0031 400 120 413 143
person 0.0030 399 103 413 111
person 0.0028 413 121 426 143
person 0.0028 106 103 217 252
person 0.0028 393 103 406 111
person 0.0027 494 99 500 133
person 0.0027 449 108 459 139
person 0.0025 436 106 452 127
person 0.0024 212 137 239 227
person 0.0022 85 55 244 165
person 0.0020 184 71 194 85
person 0.0020 215 68 231 104
person 0.0019 359 105 380 125
person 0.0018 490 76 500 156
person 0.0016 0 73 11 118
person 0.0016 482 127 501 176
person 0.0016 188 125 252 263
person 0.0016 66 65 184 331
person 0.0016 207 65 228 92
person 0.0015 326 116 335 126
person 0.0015 5 67 24 87
person 0.0015 0 92 13 122
person 0.0014 481 72 500 171
person 0.0014 317 93 330 120
person 0.0013 382 107 398 138
person 0.0013 374 125 379 137
person 0.0013 14 96 73 140
person 0.0013 372 106 383 140
person 0.0013 23 102 43 127
person 0.0013 428 115 449 148
person 0.0013 121 97 141 118
person 0.0011 5 80 25 111
person 0.0010 46 95 61 117
person 0.0010 188 71 201 100
person 0.0010 104 114 134 155
person 0.0010 428 100 442 115
bicycle 0.9233 10 248 416 370
bicycle 0.6451 13 96 76 143
bicycle 0.2488 3 74 43 159
bicycle 0.1478 43 101 79 137
bicycle 0.0674 69 108 109 136
bicycle 0.0594 1 100 68 163
bicycle 0.0375 2 107 26 143
bicycle 0.0344 18 278 273 374
bicycle 0.0335 12 124 36 164
bicycle 0.0217 -1 108 14 140
bicycle 0.0188 398 111 416 138
bicycle 0.0177 212 167 239 233
bicycle 0.0173 1 305 119 373
bicycle 0.0146 393 103 436 137
bicycle 0.0131 30 100 58 131
bicycle 0.0116 131 222 312 374
bicycle 0.0107 0 103 32 165
bicycle 0.0100 407 108 430 140
bicycle 0.0093 255 323 345 376
bicycle 0.0088 411 103 447 139
bicycle 0.0084 80 277 172 354
bicycle 0.0066 23 102 43 127
bicycle 0.0066 216 246 425 370
bicycle 0.0059 249 310 389 370
bicycle 0.0058 46 110 95 138
bicycle 0.0053 12 104 35 144
bicycle 0.0052 383 103 412 126
bicycle 0.0048 329 244 429 351
bicycle 0.0044 0 254 132 375
bicycle 0.0044 85 240 241 352
bicycle 0.0042 0 118 10 145
bicycle 0.0037 83 50 216 372
bicycle 0.0037 214 218 237 243
bicycle 0.0037 167 260 273 370
bicycle 0.0034 72 171 262 370
bicycle 0.0033 204 125 238 233
bicycle 0.0033 57 113 83 136
bicycle 0.0029 395 111 408 136
bicycle 0.0028 132 178 424 374
bicycle 0.0027 198 227 244 367
bicycle 0.0025 10 113 53 172
bicycle 0.0023 26 79 69 136
bicycle 0.0022 418 105 436 141
bicycle 0.0021 3 183 199 361
bicycle 0.0021 17 151 35 172
bicycle 0.0021 22 141 38 167
bicycle 0.0020 103 35 386 384
bicycle 0.0020 0 94 12 120
bicycle 0.0019 74 323 332 375
bicycle 0.0019 188 125 252 263
bicycle 0.0018 212 207 238 299
bicycle 0.0018 363 101 427 133
bicycle 0.0017 6 130 42 174
bicycle 0.0016 43 93 63 121
bicycle 0.0014 410 101 428 130
bicycle 0.0014 400 120 413 143
bicycle 0.0013 177 144 268 366
bicycle 0.0012 11 90 115 148
bicycle 0.0012 309 332 398 375
bicycle 0.0012 5 354 129 373
bicycle 0.0011 422 100 435 128
bicycle 0.0011 203 329 319 374
bicycle 0.0011 298 300 418 367
bicycle 0.0011 80 124 102 139
bicycle 0.0011 410 119 428 144
bicycle 0.0011 0 297 55 372
bicycle 0.0010 0 125 28 181
bicycle 0.0010 85 102 124 142
bicycle 0.0010 131 266 235 365
bicycle 0.0010 20 128 41 160
bicycle 0.0010 47 80 165 372
car 0.0078 2 66 31 149
car 0.0040 483 124 501 164
car 0.0025 0 84 68 150
car 0.0018 0 92 13 122
car 0.0011 494 116 500 134
motorbike 0.0038 2 95 68 154
motorbike 0.0024 3 74 43 159
train 0.0035 480 107 500 173
boat 0.0157 480 107 500 173
boat 0.0083 372 101 408 126
boat 0.0075 415 105 439 141
boat 0.0058 431 109 447 140
boat 0.0057 388 103 427 130
boat 0.0046 407 108 430 140
boat 0.0040 383 103 444 138
boat 0.0037 418 100 436 130
boat 0.0027 410 101 428 130
boat 0.0027 397 110 418 138
boat 0.0021 494 116 500 134
boat 0.0017 483 126 501 163
boat 0.0017 487 88 500 163
boat 0.0016 481 34 500 171
boat 0.0011 375 102 406 112
boat 0.0010 393 110 410 137
bird 0.0020 451 107 458 122
bird 0.0014 435 109 445 123
bottle 0.0170 237 352 272 375
bottle 0.0130 265 320 342 377
bottle 0.0045 239 337 288 373
bottle 0.0030 242 327 319 375
bottle 0.0026 113 125 126 144
bottle 0.0025 119 269 156 289
bottle 0.0023 264 341 284 368
bottle 0.0022 201 337 233 374
bottle 0.0013 107 117 132 153
bottle 0.0012 251 343 276 371
bottle 0.0010 176 332 261 373
chair 0.0082 483 124 501 164
chair 0.0046 372 101 408 126
chair 0.0017 342 105 372 126
chair 0.0016 374 108 380 124
chair 0.0011 398 111 416 138
chair 0.0010 -1 108 14 140
chair 0.0010 393 103 436 137
chair 0.0010 408 108 428 140
pottedplant 0.0013 194 342 236 373
