person 0.9875 248 60 451 376
person 0.9859 143 85 292 375
person 0.9808 0 111 126 372
person 0.9318 64 172 82 228
person 0.9280 86 168 109 230
person 0.1338 78 178 90 226
person 0.0432 152 -9 487 370
person 0.0306 485 210 499 379
person 0.0229 490 259 500 375
person 0.0205 76 175 87 211
person 0.0195 0 174 7 210
person 0.0153 65 163 78 180
person 0.0153 86 173 101 193
person 0.0137 92 174 106 192
person 0.0135 71 168 90 220
person 0.0098 74 171 86 193
person 0.0074 0 133 15 376
person 0.0072 103 174 116 209
person 0.0056 64 166 82 197
person 0.0052 2 136 94 256
person 0.0050 482 102 500 372
person 0.0044 0 170 8 252
person 0.0037 81 192 95 227
person 0.0030 122 205 152 267
person 0.0027 55 201 67 217
person 0.0025 48 179 86 246
person 0.0023 115 175 125 230
person 0.0023 90 166 113 179
person 0.0022 63 161 81 185
person 0.0020 0 183 8 316
person 0.0020 54 182 71 221
person 0.0020 99 166 118 200
person 0.0020 0 219 9 375
person 0.0019 75 214 86 227
person 0.0019 90 194 109 227
person 0.0018 57 191 67 215
person 0.0017 65 159 75 174
person 0.0017 0 152 4 196
person 0.0017 44 201 62 217
person 0.0016 106 163 135 234
person 0.0015 47 160 129 235
person 0.0015 0 128 6 218
person 0.0015 0 129 268 330
person 0.0013 57 164 72 202
person 0.0013 92 162 150 235
person 0.0013 491 271 500 323
person 0.0013 22 122 151 267
person 0.0012 52 165 76 221
person 0.0012 473 250 499 374
person 0.0011 41 141 92 223
person 0.0011 0 141 15 256
person 0.0010 124 234 148 267
person 0.0010 436 215 499 331
bicycle 0.0026 490 269 500 382
bicycle 0.0010 493 319 500 374
car 0.0322 100 165 117 178
car 0.0128 99 166 118 200
car 0.0098 0 174 7 210
car 0.0092 90 166 113 179
car 0.0055 90 174 107 192
car 0.0038 485 210 499 379
car 0.0032 103 174 116 209
car 0.0031 1 113 92 366
car 0.0022 86 165 118 184
car 0.0017 0 170 8 252
car 0.0017 86 168 109 229
car 0.0010 490 259 500 375
motorbike 0.0087 490 269 500 382
motorbike 0.0026 485 210 499 379
aeroplane 0.0011 157 -13 479 373
bus 0.4012 116 -14 486 322
train 0.4958 126 -9 498 322
train 0.0015 236 62 444 378
boat 0.0013 116 -14 486 322
horse 0.0089 152 -9 487 370
pottedplant 0.0011 44 201 62 217
