person 0.9645 125 106 240 340
person 0.0017 51 0 73 5
person 0.0012 124 121 217 216
person 0.0010 228 0 255 4
car 0.1141 0 11 37 46
car 0.0332 0 29 32 49
car 0.0093 81 -1 146 27
car 0.0078 111 0 260 17
car 0.0066 136 0 203 15
car 0.0053 1 0 109 26
car 0.0051 0 14 18 32
car 0.0042 0 17 18 45
car 0.0042 82 0 211 23
car 0.0031 83 0 148 13
car 0.0029 2 0 45 23
car 0.0026 0 0 108 10
car 0.0026 110 0 141 23
car 0.0025 112 0 140 7
car 0.0023 148 0 263 11
car 0.0022 18 -1 331 40
car 0.0021 44 -1 135 29
car 0.0020 0 0 56 13
car 0.0020 52 0 126 11
car 0.0019 6 129 127 180
car 0.0017 12 3 96 37
car 0.0013 85 0 113 9
car 0.0012 84 0 114 27
car 0.0011 0 2 18 21
motorbike 0.9918 61 169 284 395
motorbike 0.0022 117 119 249 358
