person 0.8299 48 137 66 181
person 0.1388 49 139 66 162
person 0.0758 227 138 237 153
person 0.0589 312 124 322 135
person 0.0362 245 131 256 152
person 0.0249 341 142 353 155
person 0.0241 132 122 153 152
person 0.0199 280 138 292 154
person 0.0188 42 83 390 246
person 0.0150 308 125 323 154
person 0.0149 19 148 30 172
person 0.0146 258 110 268 133
person 0.0133 63 144 71 170
person 0.0117 452 162 461 171
person 0.0104 221 133 232 151
person 0.0098 245 116 255 145
person 0.0095 339 122 350 136
person 0.0093 63 142 71 159
person 0.0088 211 130 221 152
person 0.0073 176 115 187 142
person 0.0058 275 132 289 152
person 0.0051 26 147 35 170
person 0.0050 264 139 275 153
person 0.0048 348 120 355 138
person 0.0043 323 146 333 155
person 0.0040 323 122 331 136
person 0.0040 302 125 314 136
person 0.0039 191 121 202 141
person 0.0038 245 111 255 133
person 0.0036 283 112 292 134
person 0.0035 453 166 478 189
person 0.0034 300 140 310 155
person 0.0033 294 139 306 155
person 0.0033 299 126 315 154
person 0.0031 256 111 270 149
person 0.0030 454 163 470 174
person 0.0026 309 142 323 155
person 0.0025 257 139 267 155
person 0.0025 279 129 295 153
person 0.0024 256 129 269 153
person 0.0024 239 130 252 152
person 0.0024 0 138 3 159
person 0.0024 99 136 113 157
person 0.0023 339 125 354 154
person 0.0022 96 126 115 156
person 0.0020 59 142 75 174
person 0.0018 211 138 219 154
person 0.0016 106 127 124 156
person 0.0015 245 110 275 149
person 0.0015 281 115 293 144
person 0.0015 324 113 331 133
person 0.0015 134 120 167 156
person 0.0014 130 128 141 153
person 0.0014 224 131 240 153
person 0.0013 27 145 34 157
person 0.0013 470 161 478 176
person 0.0013 67 144 88 171
person 0.0013 89 140 104 157
person 0.0013 263 130 276 152
person 0.0012 113 126 133 157
person 0.0012 447 164 467 186
person 0.0012 0 141 4 174
person 0.0011 314 115 322 133
person 0.0011 124 124 145 155
person 0.0011 292 131 305 152
person 0.0010 328 144 338 154
person 0.0010 330 122 339 136
person 0.0010 319 125 333 155
bicycle 0.6028 49 159 66 188
bicycle 0.0484 48 140 68 185
bicycle 0.0122 45 151 61 186
bicycle 0.0015 18 153 31 174
bicycle 0.0014 61 154 72 178
bicycle 0.0014 20 152 39 176
car 0.0016 48 140 68 185
car 0.0010 63 144 71 170
motorbike 0.1893 49 150 67 187
motorbike 0.0011 61 154 72 178
motorbike 0.0010 47 160 60 187
bus 0.9985 62 82 409 247
horse 0.0019 49 159 66 188
