person 0.8031 0 -4 327 334
person 0.0587 74 1 110 28
person 0.0278 314 1 502 242
person 0.0142 0 5 88 268
person 0.0080 0 1 83 55
person 0.0075 82 -2 327 94
person 0.0074 75 0 132 23
person 0.0059 0 1 10 10
person 0.0041 66 0 289 49
person 0.0040 -1 213 218 335
person 0.0036 50 0 114 32
person 0.0032 304 0 335 50
person 0.0031 0 -3 9 6
person 0.0029 242 -1 338 97
person 0.0027 99 99 418 333
person 0.0027 0 1 29 9
person 0.0025 251 0 308 50
person 0.0025 4 294 209 333
person 0.0024 71 0 176 33
person 0.0019 319 0 473 126
person 0.0018 2 -8 186 282
person 0.0018 384 2 498 198
person 0.0018 0 -11 16 324
person 0.0017 0 2 10 32
person 0.0017 300 -1 338 95
person 0.0016 0 4 68 170
person 0.0014 9 -10 490 200
person 0.0011 52 -2 232 24
person 0.0011 148 -7 341 58
person 0.0010 0 -1 87 22
bicycle 0.0010 314 1 502 242
car 0.0060 314 1 502 242
car 0.0040 19 -1 471 326
boat 0.0032 19 -1 471 326
dog 0.9176 151 101 414 330
dog 0.0044 3 -3 326 332
dog 0.0023 0 0 83 59
dog 0.0011 0 1 91 264
sheep 0.0082 0 0 83 59
cow 0.0011 0 0 83 59
chair 0.0365 314 1 502 242
chair 0.0097 15 -2 474 329
chair 0.0057 302 5 341 104
chair 0.0051 34 0 322 95
chair 0.0044 0 2 96 333
chair 0.0041 341 209 480 291
chair 0.0039 69 0 294 45
chair 0.0029 242 -1 338 97
chair 0.0026 99 99 418 333
chair 0.0026 0 0 83 59
chair 0.0023 331 180 492 332
chair 0.0020 384 2 498 198
chair 0.0020 251 0 308 50
chair 0.0019 0 210 43 329
chair 0.0018 0 2 210 336
chair 0.0015 304 -1 334 49
chair 0.0015 276 0 361 114
chair 0.0013 -17 222 513 328
chair 0.0011 0 2 89 175
sofa 0.0038 19 -1 471 326
sofa 0.0029 0 2 91 263
sofa 0.0027 -17 222 513 328
sofa 0.0026 314 1 502 242
sofa 0.0022 0 1 83 55
sofa 0.0022 -11 1 300 94
sofa 0.0016 99 99 418 333
sofa 0.0012 0 -31 59 346
sofa 0.0010 69 0 294 45
diningtable 0.0014 0 1 84 55
diningtable 0.0013 341 209 480 291
