person 0.0035 -12 5 452 360
person 0.0014 12 7 324 231
person 0.0013 130 0 273 35
dog 0.9733 71 76 403 241
dog 0.0243 -3 29 441 329
chair 0.5146 4 -7 494 382
chair 0.0104 63 59 414 253
chair 0.0056 61 281 501 370
chair 0.0022 35 19 295 220
chair 0.0014 481 286 500 374
chair 0.0012 480 210 500 373
chair 0.0011 4 0 167 247
chair 0.0010 477 324 500 373
sofa 0.7614 1 -15 497 391
sofa 0.0847 63 59 414 253
sofa 0.0048 0 -23 505 187
sofa 0.0046 0 2 292 235
sofa 0.0031 251 -6 497 385
sofa 0.0026 262 -3 499 134
sofa 0.0021 11 250 497 371
sofa 0.0013 -1 3 111 367
sofa 0.0012 388 5 499 373
