person 0.0015 181 105 201 153
person 0.0011 299 97 319 136
cat 0.0011 21 129 41 162
bottle 0.0026 21 129 41 162
chair 0.0362 242 165 320 236
chair 0.0353 191 121 236 162
chair 0.0237 166 141 317 230
chair 0.0120 181 113 200 155
chair 0.0071 199 127 253 166
chair 0.0063 18 159 65 224
chair 0.0052 223 133 252 161
chair 0.0043 8 133 57 209
chair 0.0042 262 137 284 157
chair 0.0041 188 126 212 156
chair 0.0035 14 152 105 226
chair 0.0027 53 162 127 223
chair 0.0023 166 121 258 222
chair 0.0022 196 122 227 151
chair 0.0021 263 137 317 163
chair 0.0015 193 128 204 154
chair 0.0014 190 129 199 153
chair 0.0012 222 113 263 162
chair 0.0011 0 207 16 240
chair 0.0011 242 135 259 161
chair 0.0010 312 152 320 178
chair 0.0010 275 139 308 157
chair 0.0010 250 125 321 223
chair 0.0010 263 128 281 141
chair 0.0010 178 128 222 165
sofa 0.7363 170 132 312 222
sofa 0.7135 242 165 320 236
sofa 0.0207 191 121 236 162
sofa 0.0202 17 146 98 199
sofa 0.0124 199 126 254 167
sofa 0.0124 263 137 317 163
sofa 0.0099 250 125 321 223
sofa 0.0081 53 162 127 223
sofa 0.0081 8 133 57 209
sofa 0.0074 12 151 115 228
sofa 0.0047 18 159 65 224
sofa 0.0044 261 139 320 181
sofa 0.0037 166 155 254 228
sofa 0.0030 222 132 253 163
sofa 0.0025 280 181 320 238
sofa 0.0023 166 121 261 207
sofa 0.0021 304 142 320 178
sofa 0.0019 158 100 314 194
sofa 0.0017 42 147 95 180
sofa 0.0017 263 137 293 159
sofa 0.0016 279 130 320 209
sofa 0.0016 254 120 320 170
sofa 0.0014 55 159 129 192
sofa 0.0014 286 205 318 237
sofa 0.0013 171 154 216 167
sofa 0.0012 229 116 292 164
sofa 0.0011 255 192 318 249
sofa 0.0011 15 147 50 198
sofa 0.0011 170 144 233 180
sofa 0.0010 222 113 263 162
sofa 0.0010 306 144 320 231
pottedplant 0.4987 241 112 264 161
pottedplant 0.0241 263 60 280 93
pottedplant 0.0182 242 113 258 146
pottedplant 0.0078 281 138 320 166
pottedplant 0.0078 186 119 223 160
pottedplant 0.0071 243 113 253 133
pottedplant 0.0071 144 56 170 79
pottedplant 0.0067 303 135 320 170
pottedplant 0.0065 262 63 275 86
pottedplant 0.0059 225 119 261 162
pottedplant 0.0058 229 116 292 164
pottedplant 0.0055 181 105 203 155
pottedplant 0.0050 199 121 252 162
pottedplant 0.0039 263 138 297 158
pottedplant 0.0038 242 135 259 161
pottedplant 0.0037 15 126 41 160
pottedplant 0.0025 119 58 148 81
pottedplant 0.0021 261 121 287 156
pottedplant 0.0018 207 104 297 192
pottedplant 0.0018 275 139 308 157
pottedplant 0.0017 254 120 320 170
pottedplant 0.0016 265 56 281 81
pottedplant 0.0015 310 134 320 174
pottedplant 0.0014 168 67 181 79
pottedplant 0.0013 152 69 173 80
pottedplant 0.0013 116 56 171 81
pottedplant 0.0013 17 146 98 199
pottedplant 0.0012 273 61 282 84
pottedplant 0.0012 263 103 281 147
pottedplant 0.0011 169 111 311 221
pottedplant 0.0010 286 143 299 154
diningtable 0.0019 243 173 320 241
tvmonitor 0.2652 97 115 130 177
tvmonitor 0.0212 297 92 320 139
tvmonitor 0.0061 180 107 198 154
tvmonitor 0.0038 49 93 67 133
