person 0.3365 186 23 382 227
person 0.0399 160 264 209 329
person 0.0199 156 252 237 331
person 0.0040 0 84 19 187
person 0.0029 204 257 232 316
person 0.0029 96 5 416 282
person 0.0014 118 5 315 211
person 0.0014 0 70 18 364
person 0.0012 244 11 480 224
person 0.0011 147 225 209 332
person 0.0011 0 64 11 148
person 0.0010 190 260 243 330
bicycle 0.0804 310 3 490 125
bicycle 0.0075 247 14 481 216
bicycle 0.0066 249 2 423 132
bicycle 0.0055 307 3 404 120
bicycle 0.0040 306 25 446 172
bicycle 0.0036 313 2 491 58
bicycle 0.0017 188 18 380 233
bicycle 0.0015 152 233 237 326
bicycle 0.0014 320 50 430 142
bicycle 0.0011 142 -3 431 158
car 0.0022 0 84 19 187
motorbike 0.0069 155 242 237 337
train 0.0017 0 84 19 187
cat 0.0242 189 25 386 246
cat 0.0044 272 74 441 244
cat 0.0034 160 264 209 329
cat 0.0024 156 252 237 331
dog 0.4191 190 25 400 248
dog 0.0733 156 252 236 330
dog 0.0330 266 66 454 236
dog 0.0167 162 267 213 328
dog 0.0144 288 75 380 245
dog 0.0039 206 257 234 318
dog 0.0038 147 20 498 351
dog 0.0032 154 285 201 327
dog 0.0010 156 295 182 321
horse 0.0030 156 252 237 331
horse 0.0015 160 264 209 329
horse 0.0015 186 28 383 244
sheep 0.0022 189 25 387 246
cow 0.0050 155 242 237 337
cow 0.0024 189 25 387 246
cow 0.0021 159 264 210 329
bottle 0.0015 173 320 188 352
chair 0.0094 141 230 236 327
chair 0.0053 310 3 490 125
chair 0.0046 147 5 285 131
chair 0.0023 0 84 19 187
chair 0.0023 155 258 220 330
chair 0.0014 186 28 383 244
chair 0.0010 151 8 287 69
sofa 0.0010 141 229 236 327
diningtable 0.0097 400 6 499 370
tvmonitor 0.0128 0 84 19 187
tvmonitor 0.0065 400 6 499 370
tvmonitor 0.0032 306 0 378 35
