person 0.8403 133 79 234 177
person 0.0750 7 411 50 468
person 0.0378 9 411 29 463
person 0.0309 181 84 235 176
person 0.0103 219 105 236 172
person 0.0045 62 415 70 434
person 0.0043 8 207 332 499
person 0.0039 108 424 130 471
person 0.0037 158 102 225 172
person 0.0035 109 225 122 248
person 0.0023 206 98 235 176
person 0.0019 182 90 217 151
person 0.0014 18 409 53 449
person 0.0013 135 93 183 152
car 0.0044 12 213 329 498
aeroplane 0.7616 7 157 323 492
aeroplane 0.0033 -1 294 112 432
aeroplane 0.0021 -2 388 337 500
train 0.0019 7 157 323 492
chair 0.0010 1 294 116 452
