person 0.9925 245 88 498 338
person 0.0324 472 174 500 369
person 0.0138 481 131 499 340
person 0.0069 398 58 413 73
person 0.0048 442 59 456 74
person 0.0047 446 181 500 355
person 0.0030 468 278 500 374
person 0.0022 484 220 500 376
person 0.0018 493 115 500 193
person 0.0016 409 93 442 111
person 0.0015 206 107 225 128
person 0.0013 1 145 291 358
person 0.0012 438 84 500 299
person 0.0012 434 58 444 74
person 0.0011 379 90 439 112
person 0.0011 483 158 500 233
bicycle 0.0012 -5 144 295 380
car 0.0078 1 145 291 358
bus 0.0039 1 145 291 358
train 0.0020 1 145 291 358
bottle 0.0074 491 48 500 87
bottle 0.0063 227 138 242 164
bottle 0.0055 222 131 249 162
bottle 0.0042 237 136 251 164
bottle 0.0040 209 130 241 161
bottle 0.0030 219 140 233 163
bottle 0.0019 203 127 228 161
bottle 0.0017 202 128 215 160
chair 0.0183 202 124 246 161
chair 0.0065 472 174 500 369
chair 0.0062 409 91 442 107
chair 0.0056 379 90 439 112
chair 0.0052 221 130 250 163
chair 0.0044 483 158 500 233
chair 0.0038 202 128 215 160
chair 0.0032 241 85 498 323
chair 0.0028 202 113 229 156
chair 0.0027 481 131 499 340
chair 0.0021 490 134 500 232
chair 0.0016 187 111 213 155
chair 0.0016 468 278 500 374
chair 0.0014 485 167 500 274
chair 0.0013 0 157 290 384
chair 0.0011 214 138 239 163
chair 0.0011 201 97 238 150
chair 0.0011 235 133 251 161
chair 0.0011 205 110 226 135
chair 0.0010 219 90 339 158
chair 0.0010 484 220 500 376
sofa 0.0223 472 174 500 369
sofa 0.0068 242 88 501 318
sofa 0.0045 448 232 500 371
sofa 0.0032 481 131 499 340
sofa 0.0030 468 278 500 374
sofa 0.0023 483 158 500 233
sofa 0.0012 490 134 500 232
diningtable 0.0114 7 150 286 327
diningtable 0.0054 241 85 498 323
tvmonitor 0.5202 377 7 498 85
tvmonitor 0.1097 245 4 357 84
tvmonitor 0.0192 269 31 353 80
tvmonitor 0.0185 -2 148 290 375
tvmonitor 0.0154 245 4 492 87
tvmonitor 0.0081 376 14 447 78
tvmonitor 0.0036 490 46 500 89
tvmonitor 0.0035 405 26 487 84
tvmonitor 0.0015 493 115 500 193
