person 0.0013 96 72 318 202
car 0.0011 93 76 321 196
chair 0.0221 95 72 319 202
chair 0.0018 131 87 203 142
sofa 0.8528 93 76 321 196
sofa 0.0093 131 88 303 154
sofa 0.0011 134 87 220 144
pottedplant 0.8262 96 72 318 202
pottedplant 0.1399 132 88 201 140
pottedplant 0.0530 117 80 223 148
pottedplant 0.0348 200 99 280 143
pottedplant 0.0276 131 88 303 154
pottedplant 0.0053 186 105 246 142
pottedplant 0.0046 155 85 199 127
pottedplant 0.0036 129 107 207 155
pottedplant 0.0028 183 105 269 161
pottedplant 0.0026 151 97 219 148
pottedplant 0.0016 200 109 231 139
pottedplant 0.0014 239 105 288 143
pottedplant 0.0013 264 113 284 138
pottedplant 0.0010 213 106 293 157
tvmonitor 0.0638 93 76 321 196
