person 0.4904 257 173 274 193
person 0.3130 245 173 263 193
person 0.3037 196 167 212 197
person 0.2155 227 174 238 192
person 0.1972 140 101 325 237
person 0.1529 162 187 173 199
person 0.1446 201 126 211 140
person 0.1061 151 187 161 199
person 0.1059 240 174 254 192
person 0.0876 182 130 193 144
person 0.0681 263 173 277 193
person 0.0530 146 186 156 200
person 0.0336 220 118 230 134
person 0.0270 222 174 234 192
person 0.0265 194 126 203 142
person 0.0242 248 119 260 132
person 0.0236 259 122 270 131
person 0.0187 241 118 252 132
person 0.0153 278 175 289 193
person 0.0143 198 180 210 198
person 0.0133 180 181 192 198
person 0.0119 258 178 271 199
person 0.0107 228 163 238 188
person 0.0080 229 116 236 133
person 0.0071 175 135 185 148
person 0.0049 173 185 183 198
person 0.0046 297 175 306 193
person 0.0044 138 185 145 199
person 0.0042 194 179 207 199
person 0.0041 265 121 278 132
person 0.0040 228 181 237 195
person 0.0037 246 110 258 125
person 0.0037 241 180 252 196
person 0.0034 287 174 300 194
person 0.0034 241 166 279 205
person 0.0030 202 120 211 136
person 0.0029 163 138 172 150
person 0.0029 266 181 278 196
person 0.0028 289 184 297 195
person 0.0026 242 109 253 126
person 0.0025 211 136 219 157
person 0.0023 222 162 234 189
person 0.0023 178 175 194 195
person 0.0022 259 169 272 183
person 0.0022 176 130 185 145
person 0.0021 183 161 224 214
person 0.0021 211 127 217 137
person 0.0020 299 183 307 196
person 0.0020 247 167 262 185
person 0.0017 258 127 269 134
person 0.0015 278 182 288 195
person 0.0015 178 132 193 149
person 0.0015 273 170 293 195
person 0.0014 216 119 222 135
person 0.0014 68 212 73 226
person 0.0013 240 165 253 187
person 0.0013 157 183 178 200
person 0.0012 145 183 168 201
person 0.0011 254 119 273 132
person 0.0010 223 182 235 195
person 0.0010 156 138 162 151
car 0.0042 307 205 315 220
car 0.0010 306 195 315 210
car 0.0010 23 195 42 206
bus 0.9985 130 101 309 239
