person 0.9937 162 171 349 499
person 0.1016 18 245 39 268
person 0.0152 2 245 42 275
person 0.0110 158 238 321 401
person 0.0027 1 248 43 307
person 0.0021 110 238 114 245
person 0.0017 22 240 51 318
person 0.0016 27 244 43 268
person 0.0014 27 249 46 279
person 0.0011 0 252 18 275
person 0.0011 7 157 367 501
person 0.0011 53 236 58 249
person 0.0010 7 266 46 325
person 0.0010 15 255 43 292
car 0.3995 335 282 354 302
car 0.0223 340 293 374 315
car 0.0208 162 213 351 507
car 0.0184 338 287 354 315
car 0.0105 290 260 320 273
car 0.0085 335 281 375 306
car 0.0067 372 295 376 311
car 0.0030 341 296 354 323
car 0.0021 340 292 375 336
car 0.0014 340 309 375 401
car 0.0012 371 283 376 304
car 0.0010 371 298 376 321
car 0.0010 345 297 379 322
aeroplane 0.0069 -28 3 413 505
bus 0.0476 -28 3 413 505
bus 0.0063 135 165 344 501
bus 0.0014 130 252 250 417
train 0.0895 -28 3 413 505
train 0.0099 135 165 344 501
train 0.0081 58 267 154 328
train 0.0034 -15 82 242 420
train 0.0033 44 254 163 410
train 0.0031 22 182 197 310
train 0.0026 36 201 167 273
train 0.0021 130 252 250 417
train 0.0017 38 264 117 330
train 0.0012 21 225 284 442
boat 0.0022 -28 3 413 505
boat 0.0014 334 282 375 315
boat 0.0010 161 208 353 508
boat 0.0010 335 282 354 302
bird 0.0025 110 238 114 245
chair 0.9137 47 262 100 328
chair 0.8632 97 264 150 328
chair 0.3962 0 295 39 503
chair 0.3893 144 257 231 499
chair 0.3766 6 266 52 401
chair 0.1685 14 392 37 501
chair 0.1616 149 257 233 386
chair 0.1583 162 213 351 507
chair 0.1113 12 259 61 495
chair 0.0979 145 374 215 500
chair 0.0954 49 262 155 382
chair 0.0686 183 401 215 501
chair 0.0613 145 376 177 500
chair 0.0415 0 273 17 311
chair 0.0328 292 411 368 498
chair 0.0267 161 377 366 500
chair 0.0251 246 278 359 499
chair 0.0234 341 401 374 497
chair 0.0232 0 309 24 468
chair 0.0198 0 300 35 403
chair 0.0193 36 271 175 465
chair 0.0187 255 401 346 481
chair 0.0174 318 310 374 490
chair 0.0166 89 263 124 325
chair 0.0151 146 263 182 326
chair 0.0135 81 263 107 325
chair 0.0130 290 260 320 273
chair 0.0125 16 389 56 504
chair 0.0122 144 305 305 499
chair 0.0117 89 258 190 333
chair 0.0116 173 257 232 272
chair 0.0115 110 261 201 385
chair 0.0091 149 259 213 335
chair 0.0085 7 266 46 325
chair 0.0085 159 266 319 368
chair 0.0074 32 383 182 501
chair 0.0071 116 247 263 349
chair 0.0068 147 318 170 384
chair 0.0066 39 306 60 394
chair 0.0065 17 251 38 271
chair 0.0061 55 266 136 333
chair 0.0054 66 256 244 493
chair 0.0046 0 251 37 273
chair 0.0043 341 297 375 408
chair 0.0041 19 257 55 340
chair 0.0041 183 253 295 341
chair 0.0039 305 283 360 463
chair 0.0035 45 317 154 431
chair 0.0034 274 473 349 500
chair 0.0034 148 266 162 318
chair 0.0034 86 263 102 306
chair 0.0033 33 313 63 445
chair 0.0031 159 329 184 407
chair 0.0028 2 225 77 372
chair 0.0028 21 225 284 442
chair 0.0028 40 263 49 284
chair 0.0027 45 378 155 445
chair 0.0027 37 254 101 382
chair 0.0026 149 256 198 310
chair 0.0025 274 446 352 499
chair 0.0024 98 264 113 304
chair 0.0022 0 252 18 275
chair 0.0022 189 283 239 468
chair 0.0022 144 297 183 493
chair 0.0022 1 248 43 307
chair 0.0022 169 328 255 503
chair 0.0022 150 235 277 438
chair 0.0022 0 253 5 276
chair 0.0022 46 263 89 306
chair 0.0021 158 256 232 306
chair 0.0019 347 303 378 491
chair 0.0019 142 284 182 388
chair 0.0018 31 274 62 388
chair 0.0017 180 398 244 501
chair 0.0017 150 264 178 303
chair 0.0017 36 243 168 321
chair 0.0017 16 295 61 423
chair 0.0017 35 263 47 283
chair 0.0016 15 301 125 498
chair 0.0015 50 390 144 427
chair 0.0015 104 303 212 498
chair 0.0014 87 265 100 284
chair 0.0014 335 297 356 422
chair 0.0014 101 265 113 284
chair 0.0013 123 264 163 323
chair 0.0013 7 157 367 501
chair 0.0013 80 264 97 284
chair 0.0013 182 292 289 456
chair 0.0013 167 443 366 501
chair 0.0012 174 251 187 270
chair 0.0012 143 264 166 339
chair 0.0012 0 392 22 501
chair 0.0011 41 276 71 434
chair 0.0011 27 249 46 279
chair 0.0010 172 259 232 286
chair 0.0010 29 256 48 290
sofa 0.0092 161 216 351 503
sofa 0.0015 6 266 52 401
sofa 0.0011 145 373 215 501
sofa 0.0010 144 286 233 500
diningtable 0.0046 0 308 35 505
diningtable 0.0027 14 392 37 501
diningtable 0.0026 0 300 35 403
diningtable 0.0018 5 274 52 405
diningtable 0.0015 0 273 17 310
diningtable 0.0014 340 411 375 500
