person 0.0538 21 161 28 171
person 0.0081 0 165 10 179
person 0.0031 273 203 280 223
person 0.0027 0 155 11 177
person 0.0025 238 178 248 226
person 0.0022 221 207 228 223
person 0.0020 378 131 383 137
person 0.0012 352 142 362 148
person 0.0011 0 158 30 173
car 0.3434 122 119 134 128
car 0.1441 154 119 165 127
car 0.1201 481 119 496 125
car 0.0951 132 118 146 128
car 0.0880 484 118 500 127
car 0.0844 95 120 108 129
car 0.0653 215 122 234 131
car 0.0595 484 108 500 125
car 0.0594 135 112 157 126
car 0.0581 111 116 127 129
car 0.0351 140 117 156 128
car 0.0325 98 121 117 130
car 0.0311 154 115 165 125
car 0.0281 175 124 197 133
car 0.0281 208 123 227 132
car 0.0276 480 116 496 124
car 0.0274 184 111 215 125
car 0.0231 440 130 453 135
car 0.0217 329 119 340 126
car 0.0148 181 119 215 134
car 0.0135 330 115 339 124
car 0.0131 4 124 25 131
car 0.0118 224 122 245 132
car 0.0110 23 123 41 132
car 0.0109 160 120 174 127
car 0.0100 120 117 137 130
car 0.0093 15 122 33 130
car 0.0089 487 98 500 121
car 0.0066 0 165 10 179
car 0.0062 173 124 187 132
car 0.0061 160 114 173 124
car 0.0060 237 123 252 130
car 0.0047 345 122 358 127
car 0.0043 128 116 152 130
car 0.0043 124 114 136 125
car 0.0039 34 125 49 131
car 0.0032 74 124 84 130
car 0.0032 0 155 11 177
car 0.0031 406 135 415 143
car 0.0028 85 124 97 130
car 0.0027 405 139 416 145
car 0.0027 352 122 365 127
car 0.0025 211 120 242 132
car 0.0023 0 120 10 133
car 0.0022 440 127 452 133
car 0.0021 150 117 167 129
car 0.0018 92 118 112 131
car 0.0018 173 128 199 135
car 0.0018 0 126 29 142
car 0.0017 21 161 28 171
car 0.0017 478 116 499 129
car 0.0015 181 114 197 123
car 0.0014 0 158 30 173
car 0.0014 266 121 281 126
car 0.0014 199 120 234 132
car 0.0014 363 123 377 127
car 0.0013 257 122 271 127
car 0.0012 244 124 263 129
car 0.0012 0 120 29 134
car 0.0010 352 142 362 148
car 0.0010 376 124 382 129
aeroplane 0.9683 117 143 381 228
aeroplane 0.0086 0 154 11 177
aeroplane 0.0068 484 108 500 125
aeroplane 0.0068 4 124 25 131
aeroplane 0.0059 -1 114 28 183
aeroplane 0.0035 15 122 33 130
aeroplane 0.0032 0 117 31 154
aeroplane 0.0027 487 98 500 121
aeroplane 0.0027 0 165 10 179
aeroplane 0.0024 0 131 11 180
aeroplane 0.0023 16 119 408 222
aeroplane 0.0022 -1 157 30 174
aeroplane 0.0021 0 120 29 134
aeroplane 0.0021 189 111 217 126
aeroplane 0.0021 101 96 394 167
aeroplane 0.0020 0 126 29 142
aeroplane 0.0020 23 123 41 132
aeroplane 0.0018 0 54 67 89
aeroplane 0.0018 130 179 356 225
aeroplane 0.0017 111 118 376 189
aeroplane 0.0016 480 116 496 124
aeroplane 0.0014 0 120 10 133
aeroplane 0.0014 -1 138 32 197
aeroplane 0.0013 237 123 252 130
aeroplane 0.0011 0 146 23 229
aeroplane 0.0011 484 118 500 127
aeroplane 0.0011 224 122 245 132
bus 0.0269 135 112 157 126
bus 0.0188 189 111 217 125
bus 0.0163 111 112 125 127
bus 0.0105 0 165 10 179
bus 0.0085 484 108 500 125
bus 0.0046 0 155 11 177
bus 0.0037 132 118 146 128
bus 0.0031 487 98 500 121
bus 0.0027 140 117 156 128
bus 0.0024 122 119 134 128
bus 0.0019 189 116 218 132
bus 0.0015 484 118 500 127
bus 0.0010 154 115 165 125
train 0.0039 0 165 10 179
train 0.0032 0 154 11 177
boat 0.0071 330 115 339 124
boat 0.0040 329 119 340 126
boat 0.0032 440 130 453 135
boat 0.0027 0 165 10 179
boat 0.0019 0 155 11 177
boat 0.0012 487 98 500 121
cow 0.0029 440 130 453 135
chair 0.0010 0 165 10 179
