person 0.8916 21 15 303 365
person 0.6218 225 29 502 360
person 0.0058 0 294 25 364
person 0.0054 336 341 402 364
person 0.0022 0 217 28 364
person 0.0016 0 315 16 367
person 0.0015 478 50 500 368
train 0.0024 21 13 275 366
chair 0.1757 0 294 25 364
chair 0.0837 440 51 500 210
chair 0.0465 0 315 16 367
chair 0.0358 0 239 28 367
chair 0.0332 240 48 284 173
chair 0.0258 225 29 502 360
chair 0.0177 472 199 500 368
chair 0.0172 436 56 501 363
chair 0.0105 21 13 275 366
chair 0.0092 3 292 42 366
chair 0.0044 278 48 506 217
chair 0.0039 388 27 499 243
chair 0.0035 -1 255 15 370
chair 0.0030 84 35 287 191
chair 0.0029 0 320 24 396
chair 0.0026 2 296 102 366
chair 0.0024 489 192 500 375
chair 0.0023 446 180 500 358
chair 0.0015 -1 287 32 399
chair 0.0012 478 50 500 368
chair 0.0011 0 231 10 356
chair 0.0011 -1 335 16 382
sofa 0.0238 472 199 500 368
sofa 0.0190 223 42 500 368
sofa 0.0123 436 56 501 363
sofa 0.0037 446 180 500 358
sofa 0.0033 246 28 507 201
sofa 0.0030 442 55 501 206
sofa 0.0028 25 26 304 385
sofa 0.0025 -10 133 512 380
sofa 0.0024 121 239 370 360
sofa 0.0020 84 35 287 191
sofa 0.0019 388 27 499 243
sofa 0.0018 471 50 500 405
sofa 0.0017 230 57 285 173
sofa 0.0015 0 294 25 364
sofa 0.0014 390 200 501 367
sofa 0.0010 156 207 330 327
diningtable 0.0984 0 315 16 367
diningtable 0.0524 0 294 25 364
diningtable 0.0020 0 320 24 396
diningtable 0.0015 -1 287 32 399
diningtable 0.0013 0 239 28 367
diningtable 0.0011 -1 335 16 382
tvmonitor 0.0018 240 48 284 173
