person 0.9331 279 32 314 82
person 0.9042 245 35 287 92
person 0.4734 491 136 499 175
person 0.0511 480 135 500 181
person 0.0290 284 157 301 185
person 0.0240 241 27 290 145
person 0.0198 48 198 74 222
person 0.0126 65 196 76 210
person 0.0114 43 198 63 222
person 0.0107 55 197 71 211
person 0.0093 250 34 316 95
person 0.0089 491 146 500 195
person 0.0086 51 204 108 295
person 0.0082 484 132 500 219
person 0.0081 357 147 367 176
person 0.0075 484 102 500 179
person 0.0073 492 94 500 177
person 0.0069 36 201 50 220
person 0.0067 81 209 124 292
person 0.0065 277 39 290 57
person 0.0058 472 165 483 182
person 0.0058 281 130 316 189
person 0.0047 99 208 119 290
person 0.0042 360 149 374 175
person 0.0042 477 163 490 180
person 0.0039 483 107 500 287
person 0.0037 46 197 61 211
person 0.0036 475 146 497 197
person 0.0035 78 247 103 294
person 0.0033 76 215 105 298
person 0.0033 59 198 82 219
person 0.0032 0 210 6 236
person 0.0027 463 161 472 185
person 0.0025 452 126 499 194
person 0.0024 293 158 310 185
person 0.0023 357 133 378 176
person 0.0022 139 189 160 209
person 0.0022 286 153 315 189
person 0.0021 249 57 294 115
person 0.0020 247 32 284 67
person 0.0019 467 161 486 184
person 0.0018 391 187 411 199
person 0.0018 286 51 315 80
person 0.0015 155 184 183 206
person 0.0015 187 188 206 201
person 0.0014 182 188 210 210
person 0.0013 274 34 296 60
person 0.0012 303 145 316 182
person 0.0012 0 195 5 227
person 0.0012 472 53 500 344
person 0.0011 39 197 49 212
person 0.0011 374 152 379 174
person 0.0011 109 209 150 308
person 0.0011 56 194 87 213
person 0.0010 209 43 300 154
person 0.0010 442 65 500 328
person 0.0010 465 147 488 181
person 0.0010 85 183 116 279
bicycle 0.0014 138 185 162 203
car 0.0084 0 210 6 236
car 0.0028 0 195 5 227
car 0.0014 3 216 21 229
car 0.0012 95 184 205 322
bus 0.0011 442 65 500 328
boat 0.0014 0 217 5 240
horse 0.9816 102 182 221 327
horse 0.7325 44 200 101 295
horse 0.7310 158 185 262 284
horse 0.0911 81 186 125 289
horse 0.0753 89 177 177 301
horse 0.0583 68 205 112 293
horse 0.0495 76 188 107 212
horse 0.0265 162 187 191 209
horse 0.0256 158 183 205 213
horse 0.0216 81 181 129 213
horse 0.0174 49 198 74 222
horse 0.0166 113 259 162 314
horse 0.0146 139 182 189 213
horse 0.0132 138 185 162 203
horse 0.0118 107 185 153 311
horse 0.0116 99 194 119 287
horse 0.0106 85 181 112 207
horse 0.0104 64 188 107 236
horse 0.0084 118 255 199 320
horse 0.0083 43 198 64 222
horse 0.0080 48 193 85 230
horse 0.0070 65 196 76 210
horse 0.0069 34 209 49 233
horse 0.0068 152 184 185 206
horse 0.0064 94 180 148 214
horse 0.0062 35 198 69 284
horse 0.0053 84 183 114 238
horse 0.0052 56 194 87 213
horse 0.0048 147 179 221 257
horse 0.0047 141 187 172 211
horse 0.0046 108 224 179 322
horse 0.0046 103 185 135 295
horse 0.0044 168 185 203 204
horse 0.0041 130 179 166 212
horse 0.0039 36 201 50 220
horse 0.0038 37 198 69 241
horse 0.0038 37 169 163 304
horse 0.0035 44 193 82 270
horse 0.0035 52 185 110 258
horse 0.0034 59 198 82 219
horse 0.0026 33 216 51 240
horse 0.0025 55 197 71 211
horse 0.0023 169 183 227 219
horse 0.0023 88 193 108 226
horse 0.0023 133 184 147 201
horse 0.0023 178 188 213 211
horse 0.0021 100 212 115 267
horse 0.0019 101 178 138 205
horse 0.0019 93 177 127 244
horse 0.0018 78 247 103 294
horse 0.0018 46 187 101 217
horse 0.0014 153 184 203 235
horse 0.0013 191 193 276 307
horse 0.0013 116 159 213 279
horse 0.0012 122 181 158 205
horse 0.0011 187 188 206 201
horse 0.0011 121 183 138 200
horse 0.0011 53 182 111 207
horse 0.0010 17 210 48 233
horse 0.0010 94 209 109 252
horse 0.0010 67 195 96 223
horse 0.0010 160 188 316 324
bottle 0.0028 472 165 483 182
bottle 0.0023 463 161 472 185
chair 0.0107 391 187 411 199
chair 0.0015 390 173 412 198
