person 0.4426 0 212 92 296
person 0.2626 333 220 398 302
person 0.0402 214 263 243 276
person 0.0377 260 234 376 301
person 0.0357 261 239 285 268
person 0.0312 -4 221 167 300
person 0.0288 0 222 52 299
person 0.0268 334 213 399 258
person 0.0239 254 239 287 287
person 0.0226 267 240 283 253
person 0.0133 392 226 400 237
person 0.0131 357 214 373 226
person 0.0106 392 228 400 245
person 0.0068 136 245 241 297
person 0.0057 0 210 17 298
person 0.0056 162 248 316 290
person 0.0051 348 212 396 234
person 0.0051 -12 208 278 276
person 0.0045 7 268 161 300
person 0.0038 231 248 277 285
person 0.0036 40 270 104 299
person 0.0036 392 210 400 237
person 0.0034 203 250 271 289
person 0.0033 240 235 331 295
person 0.0030 235 255 266 280
person 0.0030 386 215 400 288
person 0.0028 392 227 400 263
person 0.0026 39 245 360 298
person 0.0026 16 215 184 252
person 0.0026 0 214 8 294
person 0.0024 192 232 203 241
person 0.0023 212 259 271 279
person 0.0023 145 260 333 300
person 0.0020 228 250 257 273
person 0.0020 392 222 400 300
person 0.0019 324 145 401 284
person 0.0017 343 214 372 234
person 0.0016 0 263 47 299
person 0.0016 -27 195 420 295
person 0.0014 220 208 412 298
person 0.0014 378 223 400 240
person 0.0014 357 214 386 229
person 0.0013 0 219 6 242
person 0.0013 360 219 399 242
person 0.0012 0 219 7 258
person 0.0012 192 226 203 239
person 0.0011 237 251 248 269
person 0.0010 384 192 400 247
car 0.0073 392 226 400 237
car 0.0016 392 228 400 245
boat 0.6846 165 174 369 235
boat 0.5321 62 192 172 233
boat 0.4343 192 232 203 241
boat 0.1707 65 224 95 232
boat 0.0808 79 208 173 235
boat 0.0679 64 219 95 231
boat 0.0605 210 232 224 239
boat 0.0598 164 215 195 234
boat 0.0395 81 227 95 232
boat 0.0393 210 229 223 237
boat 0.0356 192 226 203 239
boat 0.0285 39 245 360 298
boat 0.0285 36 179 359 246
boat 0.0284 -37 148 430 282
boat 0.0270 84 223 169 235
boat 0.0184 166 180 257 221
boat 0.0149 142 226 170 234
boat 0.0131 215 234 238 238
boat 0.0092 208 219 360 248
boat 0.0085 137 246 218 299
boat 0.0074 251 223 293 238
boat 0.0074 201 231 224 240
boat 0.0070 61 219 74 230
boat 0.0061 55 208 91 232
boat 0.0060 194 232 209 240
boat 0.0058 175 179 248 204
boat 0.0058 167 221 206 236
boat 0.0056 60 226 74 231
boat 0.0055 44 218 68 229
boat 0.0055 165 206 209 237
boat 0.0050 188 230 205 242
boat 0.0049 58 217 173 241
boat 0.0048 5 2 392 294
boat 0.0045 209 227 243 238
boat 0.0043 164 194 253 239
boat 0.0042 154 218 222 239
boat 0.0039 198 221 301 240
boat 0.0037 -24 205 374 286
boat 0.0037 162 200 376 269
boat 0.0037 157 228 170 234
boat 0.0036 201 226 283 247
boat 0.0034 205 232 246 240
boat 0.0032 79 189 158 214
boat 0.0030 207 260 327 300
boat 0.0029 -2 240 159 298
boat 0.0028 48 217 83 231
boat 0.0026 237 222 323 239
boat 0.0026 136 219 278 245
boat 0.0025 287 217 304 224
boat 0.0025 251 239 291 269
boat 0.0025 156 121 377 231
boat 0.0025 -5 164 169 260
boat 0.0024 200 224 268 239
boat 0.0024 82 201 236 236
boat 0.0024 193 225 211 239
boat 0.0023 41 223 90 233
boat 0.0022 1 206 196 294
boat 0.0021 197 178 224 195
boat 0.0021 249 169 390 248
boat 0.0021 44 225 70 231
boat 0.0020 48 259 157 299
boat 0.0019 154 155 310 221
boat 0.0019 56 195 63 201
boat 0.0019 176 203 247 226
boat 0.0018 202 179 218 193
boat 0.0017 54 202 77 230
boat 0.0017 198 230 272 242
boat 0.0015 29 206 37 211
boat 0.0014 238 212 308 235
boat 0.0014 65 196 145 219
boat 0.0014 184 214 239 230
boat 0.0014 20 204 89 234
boat 0.0013 231 221 303 249
boat 0.0013 135 214 177 233
boat 0.0013 189 211 205 236
boat 0.0013 182 233 325 270
boat 0.0012 176 184 308 215
boat 0.0012 168 186 303 243
boat 0.0012 158 223 191 235
boat 0.0012 24 120 192 246
boat 0.0011 211 218 242 224
boat 0.0011 40 205 74 227
boat 0.0010 278 233 344 244
boat 0.0010 196 227 288 263
boat 0.0010 43 226 54 233
boat 0.0010 162 248 316 290
chair 0.0698 207 260 327 300
chair 0.0432 260 234 376 301
chair 0.0419 137 246 218 299
chair 0.0253 333 220 398 302
chair 0.0212 -2 240 159 298
chair 0.0186 90 268 168 299
chair 0.0180 48 259 157 299
chair 0.0154 125 251 335 300
chair 0.0095 353 259 400 299
chair 0.0087 24 268 118 300
chair 0.0065 0 221 92 301
chair 0.0028 40 252 230 299
chair 0.0021 254 239 287 287
chair 0.0020 103 265 151 288
chair 0.0019 165 287 211 299
chair 0.0014 32 237 375 299
sofa 0.0018 137 246 218 299
sofa 0.0016 207 260 327 300
sofa 0.0016 39 269 162 299
sofa 0.0014 -2 240 159 298
pottedplant 0.0017 62 192 172 233
