car 0.0076 29 16 497 445
car 0.0015 469 278 500 348
bus 0.0025 34 23 519 438
bird 0.0272 198 104 373 283
bird 0.0251 156 51 407 351
bird 0.0104 37 25 517 436
bird 0.0068 173 93 340 229
bird 0.0063 241 90 404 235
bird 0.0033 143 219 268 329
bird 0.0022 230 238 330 323
bird 0.0021 125 235 283 372
bird 0.0010 238 235 317 291
bird 0.0010 235 135 413 317
bird 0.0010 106 161 316 379
cat 0.0366 117 246 248 353
cat 0.0231 204 91 361 235
cat 0.0229 156 51 407 351
cat 0.0114 46 15 473 393
cat 0.0112 218 98 422 287
cat 0.0066 143 219 268 329
cat 0.0032 131 233 378 382
cat 0.0025 83 200 424 417
cat 0.0019 106 161 316 379
cat 0.0011 149 253 246 293
dog 0.0049 34 23 519 438
dog 0.0046 156 51 407 351
dog 0.0028 198 104 373 283
dog 0.0014 125 235 283 372
bottle 0.0015 34 23 519 438
bottle 0.0012 0 363 18 458
chair 0.0334 34 23 519 438
pottedplant 0.0274 37 25 517 436
pottedplant 0.0043 156 51 407 351
pottedplant 0.0017 396 0 500 303
pottedplant 0.0014 -2 83 65 294
pottedplant 0.0013 218 98 422 287
diningtable 0.0019 29 16 497 445
tvmonitor 0.1464 28 15 498 445
tvmonitor 0.0013 156 51 407 351
