person 0.5280 129 158 284 438
person 0.0288 130 163 279 286
person 0.0265 174 266 256 361
person 0.0050 154 232 264 328
person 0.0032 169 243 259 421
person 0.0026 148 173 321 335
person 0.0021 223 181 300 258
person 0.0015 111 170 243 335
person 0.0010 155 375 216 480
chair 0.9563 87 273 222 485
chair 0.0049 322 346 327 409
chair 0.0046 135 249 270 476
chair 0.0041 320 339 328 478
chair 0.0023 152 333 235 480
chair 0.0016 174 266 256 361
chair 0.0015 154 372 206 465
chair 0.0015 237 295 323 416
chair 0.0011 106 207 246 430
chair 0.0011 88 238 145 470
sofa 0.0014 240 298 327 406
diningtable 0.1108 130 156 283 440
diningtable 0.0347 234 239 325 318
diningtable 0.0128 243 274 327 317
diningtable 0.0093 148 173 321 335
diningtable 0.0054 245 242 328 286
diningtable 0.0045 182 239 268 400
diningtable 0.0037 154 232 264 328
diningtable 0.0033 164 246 332 312
diningtable 0.0027 239 258 324 400
diningtable 0.0025 90 246 140 287
diningtable 0.0022 85 228 321 487
diningtable 0.0012 86 266 221 454
diningtable 0.0010 168 215 328 421
tvmonitor 0.0485 217 179 299 257
