person 0.9850 12 200 69 362
person 0.5233 275 188 310 220
person 0.3602 218 190 235 218
person 0.1994 411 170 441 228
person 0.0939 476 136 500 167
person 0.0600 193 202 205 218
person 0.0354 342 172 378 217
person 0.0314 323 181 353 216
person 0.0279 196 200 211 219
person 0.0266 104 189 120 217
person 0.0232 161 205 172 219
person 0.0221 118 198 139 221
person 0.0214 363 190 378 215
person 0.0203 322 189 341 216
person 0.0182 403 189 432 228
person 0.0168 288 190 311 217
person 0.0148 250 200 262 219
person 0.0125 146 204 156 220
person 0.0118 359 172 382 215
person 0.0115 13 62 37 87
person 0.0112 72 194 85 211
person 0.0104 223 202 241 219
person 0.0103 150 203 162 220
person 0.0097 341 190 357 215
person 0.0076 132 200 139 219
person 0.0074 401 173 418 212
person 0.0070 105 189 134 218
person 0.0066 417 172 458 229
person 0.0066 84 191 98 215
person 0.0060 368 190 386 215
person 0.0054 346 188 375 216
person 0.0054 457 119 471 134
person 0.0050 322 177 338 210
person 0.0048 293 199 310 218
person 0.0048 322 202 338 217
person 0.0047 24 109 474 296
person 0.0046 0 176 7 209
person 0.0046 23 65 39 89
person 0.0043 7 208 43 333
person 0.0042 407 173 433 215
person 0.0042 211 191 226 216
person 0.0041 192 190 207 218
person 0.0037 465 87 501 279
person 0.0036 266 203 280 218
person 0.0032 71 195 87 222
person 0.0031 362 174 378 193
person 0.0031 321 133 392 221
person 0.0029 173 204 182 220
person 0.0027 284 189 300 201
person 0.0026 9 219 44 283
person 0.0025 420 111 490 279
person 0.0025 68 198 81 221
person 0.0024 0 185 6 215
person 0.0024 0 111 27 141
person 0.0024 212 200 224 219
person 0.0023 341 182 358 207
person 0.0022 84 201 97 220
person 0.0021 351 203 364 216
person 0.0019 343 200 359 216
person 0.0018 251 200 275 219
person 0.0018 467 119 482 134
person 0.0018 457 121 497 168
person 0.0018 408 209 431 229
person 0.0016 348 168 441 226
person 0.0016 487 126 500 142
person 0.0016 0 191 7 329
person 0.0016 453 118 464 134
person 0.0015 424 193 448 227
person 0.0015 0 221 25 329
person 0.0015 278 123 432 226
person 0.0014 325 177 337 190
person 0.0014 160 262 170 277
person 0.0014 367 174 388 213
person 0.0014 401 126 467 236
person 0.0013 6 66 24 85
person 0.0013 463 139 491 165
person 0.0013 246 191 321 225
person 0.0013 0 79 21 155
person 0.0012 8 216 22 284
person 0.0012 430 211 444 228
person 0.0011 455 103 499 220
person 0.0011 37 202 53 223
person 0.0011 0 163 6 260
person 0.0011 12 200 21 223
person 0.0011 401 172 416 195
person 0.0010 379 151 486 241
person 0.0010 0 72 19 317
car 0.0023 0 216 29 337
car 0.0011 0 204 8 335
car 0.0010 7 202 65 359
bus 0.9932 24 127 473 314
bus 0.9356 227 81 498 292
bus 0.8922 -2 -4 56 356
bus 0.1281 222 67 494 172
bus 0.0703 464 96 501 296
bus 0.0202 379 151 486 241
bus 0.0114 410 168 442 229
bus 0.0086 409 98 495 287
bus 0.0035 278 123 432 226
bus 0.0018 5 49 118 304
bus 0.0015 317 121 472 270
bus 0.0015 223 104 456 211
bus 0.0013 227 108 397 142
bus 0.0011 8 202 65 359
bus 0.0011 1 26 22 325
train 0.0207 222 67 494 172
train 0.0195 24 94 474 308
train 0.0049 225 97 482 248
train 0.0019 0 0 54 324
chair 0.0014 250 200 262 219
chair 0.0010 343 200 359 216
