person 0.1057 315 183 321 201
person 0.0623 312 184 319 201
person 0.0336 298 172 311 188
person 0.0193 183 185 190 198
person 0.0081 132 187 144 199
person 0.0075 305 191 319 202
person 0.0052 146 188 153 198
person 0.0045 280 170 289 189
person 0.0039 123 185 134 200
person 0.0030 313 175 327 189
person 0.0030 163 188 177 198
person 0.0026 288 171 301 189
person 0.0023 299 171 320 189
person 0.0011 305 178 323 203
person 0.0010 281 166 287 180
car 0.0205 165 187 184 198
car 0.0162 298 172 311 188
car 0.0139 164 192 184 201
car 0.0017 132 187 144 199
car 0.0013 473 169 500 197
car 0.0013 135 172 148 186
car 0.0011 412 182 425 196
car 0.0011 197 141 287 202
aeroplane 0.0052 197 139 279 204
bus 0.0133 198 143 288 212
bus 0.0130 333 171 350 190
bus 0.0041 321 173 340 189
bus 0.0027 473 169 500 197
bus 0.0012 -1 -9 138 215
bus 0.0010 298 172 311 188
train 0.9512 196 142 288 202
train 0.8521 -1 4 137 226
train 0.0286 333 171 351 190
train 0.0096 321 172 343 189
train 0.0056 473 169 500 197
train 0.0026 297 172 312 189
train 0.0011 313 166 353 193
