person 0.9270 167 215 203 267
person 0.7190 103 27 135 73
person 0.7073 162 22 187 40
person 0.6941 239 215 270 267
person 0.6560 118 217 153 268
person 0.6168 82 36 112 75
person 0.3024 149 22 188 59
person 0.2942 267 26 303 76
person 0.2646 92 223 106 265
person 0.2584 35 26 376 323
person 0.2169 269 26 289 43
person 0.1825 112 227 126 266
person 0.1744 93 222 123 267
person 0.1623 268 26 292 60
person 0.1115 199 222 230 268
person 0.1055 218 229 231 264
person 0.0850 135 215 154 260
person 0.0730 222 224 276 349
person 0.0527 166 216 191 251
person 0.0414 132 216 203 269
person 0.0398 252 27 294 67
person 0.0379 180 218 207 254
person 0.0359 92 243 105 265
person 0.0230 132 222 147 250
person 0.0214 212 231 235 272
person 0.0205 110 198 214 288
person 0.0193 250 216 269 241
person 0.0190 188 224 217 267
person 0.0176 86 33 133 91
person 0.0116 237 215 271 313
person 0.0101 87 37 107 54
person 0.0093 220 245 244 353
person 0.0088 53 302 67 324
person 0.0087 222 229 239 262
person 0.0077 159 208 221 272
person 0.0077 192 221 215 248
person 0.0074 123 22 186 65
person 0.0071 264 23 303 147
person 0.0071 234 43 248 57
person 0.0071 180 174 290 333
person 0.0070 72 43 109 97
person 0.0070 30 127 359 444
person 0.0068 49 300 71 372
person 0.0068 113 240 144 268
person 0.0063 52 303 70 339
person 0.0058 76 20 145 82
person 0.0058 195 241 215 267
person 0.0051 134 198 154 219
person 0.0048 115 218 138 255
person 0.0048 147 22 223 61
person 0.0045 220 225 229 249
person 0.0045 147 21 191 106
person 0.0045 278 35 301 69
person 0.0042 138 18 202 154
person 0.0037 73 63 84 80
person 0.0037 78 18 247 85
person 0.0036 92 36 124 69
person 0.0036 94 50 122 73
person 0.0034 218 230 244 276
person 0.0034 77 17 343 158
person 0.0034 246 26 299 98
person 0.0034 100 32 119 54
person 0.0034 87 29 132 60
person 0.0033 103 29 149 95
person 0.0033 138 213 153 241
person 0.0032 68 41 95 80
person 0.0032 208 219 247 350
person 0.0029 51 72 69 86
person 0.0029 214 218 232 255
person 0.0028 169 236 199 269
person 0.0028 216 217 275 269
person 0.0025 56 63 80 83
person 0.0025 159 22 205 43
person 0.0025 199 255 214 268
person 0.0024 219 186 326 322
person 0.0023 303 64 318 79
person 0.0023 141 38 173 64
person 0.0022 113 213 281 366
person 0.0021 269 35 309 105
person 0.0019 70 56 90 85
person 0.0018 129 20 338 85
person 0.0018 48 74 58 88
person 0.0018 137 241 153 268
person 0.0018 205 232 242 293
person 0.0017 76 54 103 84
person 0.0016 247 244 259 266
person 0.0016 229 208 298 275
person 0.0015 145 219 165 253
person 0.0015 115 33 156 69
person 0.0014 169 30 196 53
person 0.0014 294 203 307 228
person 0.0013 170 211 252 354
person 0.0012 221 253 242 295
person 0.0012 83 19 258 224
person 0.0012 80 210 150 272
person 0.0012 85 52 110 86
person 0.0011 169 206 184 223
person 0.0011 133 216 145 239
person 0.0011 190 206 266 314
person 0.0011 112 214 125 238
bus 0.9700 26 11 373 470
boat 0.0010 26 11 373 470
bird 0.0012 205 138 223 154
chair 0.0014 137 241 153 268
chair 0.0013 123 252 150 270
chair 0.0012 112 238 126 268
chair 0.0011 120 241 152 268
