person 0.8787 203 143 475 358
person 0.6737 78 144 211 233
person 0.2362 84 134 205 198
person 0.1939 322 133 437 263
person 0.0925 176 154 400 310
person 0.0296 321 147 496 297
person 0.0174 207 148 463 254
person 0.0142 108 141 191 187
person 0.0084 107 156 154 191
person 0.0069 470 159 500 275
person 0.0062 412 168 499 369
person 0.0040 477 123 500 234
person 0.0034 398 159 500 274
person 0.0032 446 148 500 284
person 0.0024 341 173 485 262
person 0.0019 455 166 499 223
person 0.0019 86 163 130 195
person 0.0016 181 193 337 350
person 0.0015 181 174 332 261
person 0.0014 487 171 500 197
person 0.0012 230 224 505 375
person 0.0012 491 116 500 210
person 0.0012 370 198 453 266
person 0.0011 104 162 193 203
person 0.0011 490 166 500 258
person 0.0010 465 124 502 385
person 0.0010 489 182 500 218
bottle 0.7951 131 178 141 202
bottle 0.0087 125 168 138 197
bottle 0.0051 127 169 146 200
bottle 0.0038 101 186 120 200
bottle 0.0027 107 188 130 201
bottle 0.0021 122 165 135 181
bottle 0.0019 100 80 120 94
bottle 0.0018 101 191 120 209
bottle 0.0018 166 133 175 150
bottle 0.0013 125 192 138 208
chair 0.4575 0 150 31 247
chair 0.3752 80 144 211 241
chair 0.1338 73 150 88 194
chair 0.0760 -4 246 216 373
chair 0.0650 418 236 499 375
chair 0.0573 0 196 31 245
chair 0.0510 228 151 491 364
chair 0.0355 37 153 73 203
chair 0.0258 150 167 214 235
chair 0.0249 112 144 208 198
chair 0.0140 6 152 91 232
chair 0.0138 6 151 38 206
chair 0.0131 0 148 8 198
chair 0.0095 86 163 130 195
chair 0.0076 -2 142 14 239
chair 0.0063 71 143 188 203
chair 0.0056 311 231 499 373
chair 0.0055 0 193 30 213
chair 0.0053 90 164 127 180
chair 0.0053 -1 203 31 216
chair 0.0044 0 93 26 226
chair 0.0041 104 162 193 203
chair 0.0041 220 193 335 239
chair 0.0034 65 146 101 201
chair 0.0033 131 175 169 203
chair 0.0033 41 150 69 163
chair 0.0032 107 156 154 191
chair 0.0032 189 151 393 246
chair 0.0029 122 165 135 181
chair 0.0028 0 169 6 214
chair 0.0026 470 185 500 280
chair 0.0025 0 214 6 247
chair 0.0024 0 191 11 251
chair 0.0022 439 134 500 333
chair 0.0022 192 205 214 233
chair 0.0020 394 154 500 297
chair 0.0019 0 202 8 240
chair 0.0018 238 289 498 370
chair 0.0018 321 141 435 253
chair 0.0018 0 138 48 227
chair 0.0017 179 183 216 238
chair 0.0017 10 152 39 168
chair 0.0016 361 147 502 366
chair 0.0016 129 136 227 223
chair 0.0015 0 193 7 212
chair 0.0015 63 150 85 198
chair 0.0015 323 151 383 213
chair 0.0015 0 212 30 264
chair 0.0013 112 175 212 244
chair 0.0013 -6 125 182 229
chair 0.0011 147 172 170 194
chair 0.0011 0 219 5 260
chair 0.0011 188 150 207 175
chair 0.0011 184 171 337 262
chair 0.0011 127 165 148 182
chair 0.0010 114 122 239 193
chair 0.0010 194 202 214 221
chair 0.0010 38 165 176 229
sofa 0.6995 210 148 496 370
sofa 0.4976 80 143 212 242
sofa 0.3148 -4 247 217 373
sofa 0.1152 418 236 499 375
sofa 0.0310 206 148 457 250
sofa 0.0295 150 167 214 235
sofa 0.0253 178 154 398 308
sofa 0.0239 321 141 435 253
sofa 0.0144 311 231 499 373
sofa 0.0141 0 146 33 238
sofa 0.0137 216 191 340 242
sofa 0.0097 112 144 209 201
sofa 0.0074 184 171 337 262
sofa 0.0072 361 147 502 366
sofa 0.0058 394 154 500 297
sofa 0.0052 46 186 153 261
sofa 0.0045 439 134 500 333
sofa 0.0043 38 165 176 229
sofa 0.0040 470 185 500 280
sofa 0.0039 37 144 227 284
sofa 0.0036 92 215 413 376
sofa 0.0030 168 234 334 359
sofa 0.0027 238 289 498 370
sofa 0.0026 120 167 220 255
sofa 0.0023 0 173 249 362
sofa 0.0023 133 146 371 245
sofa 0.0021 323 151 383 213
sofa 0.0020 216 252 426 374
sofa 0.0019 474 156 500 351
sofa 0.0019 233 206 397 298
sofa 0.0019 6 152 91 232
sofa 0.0018 250 174 388 250
sofa 0.0018 185 188 218 235
sofa 0.0015 40 150 81 211
sofa 0.0013 0 147 9 217
sofa 0.0013 145 146 254 237
sofa 0.0012 -2 142 14 239
sofa 0.0011 194 221 364 324
sofa 0.0010 83 162 134 197
pottedplant 0.0345 11 18 69 74
pottedplant 0.0027 188 207 212 234
pottedplant 0.0027 135 86 178 129
pottedplant 0.0024 28 32 54 62
pottedplant 0.0011 1 17 88 100
diningtable 0.0517 46 186 153 261
diningtable 0.0129 0 246 213 376
diningtable 0.0048 0 187 30 245
diningtable 0.0047 7 156 200 294
diningtable 0.0028 -1 203 31 216
diningtable 0.0020 34 152 75 204
diningtable 0.0018 6 152 91 232
diningtable 0.0016 41 221 168 292
diningtable 0.0015 0 155 118 281
diningtable 0.0012 38 165 176 229
diningtable 0.0011 90 190 133 211
diningtable 0.0011 75 207 172 263
tvmonitor 0.0011 0 246 213 376
