person 0.9525 5 30 492 312
person 0.0041 322 86 500 295
chair 0.3492 -4 40 502 326
chair 0.2437 1 98 160 234
chair 0.0142 8 71 344 262
chair 0.0056 -5 89 216 291
chair 0.0030 2 258 498 319
chair 0.0022 0 98 21 320
chair 0.0013 314 94 498 300
sofa 0.0101 -4 40 502 326
diningtable 0.3671 15 275 484 321
diningtable 0.0831 -4 233 505 322
diningtable 0.0305 410 237 499 317
diningtable 0.0188 -13 133 511 332
diningtable 0.0043 314 236 503 314
diningtable 0.0033 400 166 500 313
diningtable 0.0029 -6 1 504 261
diningtable 0.0026 -58 306 558 405
diningtable 0.0019 -31 243 534 379
diningtable 0.0014 415 277 499 321
