person 0.9845 9 94 119 268
person 0.9691 94 97 220 230
person 0.9524 165 98 225 192
person 0.8419 214 120 271 173
person 0.8319 279 90 388 219
person 0.7110 289 89 464 361
person 0.6140 373 87 500 373
person 0.2788 421 115 470 195
person 0.1140 319 88 383 200
person 0.0554 218 123 303 182
person 0.0531 287 56 316 101
person 0.0325 295 97 351 190
person 0.0149 199 120 252 184
person 0.0148 380 118 491 275
person 0.0135 212 136 333 171
person 0.0121 302 91 414 262
person 0.0105 314 91 348 177
person 0.0100 338 92 399 217
person 0.0068 238 125 356 195
person 0.0062 326 144 391 246
person 0.0060 164 113 272 194
person 0.0060 0 97 15 259
person 0.0054 334 87 475 226
person 0.0048 174 91 407 219
person 0.0046 159 113 180 156
person 0.0045 353 92 387 197
person 0.0044 95 92 322 217
person 0.0042 273 155 293 201
person 0.0037 209 124 222 149
person 0.0034 194 121 238 165
person 0.0034 443 52 499 378
person 0.0033 0 200 15 300
person 0.0030 473 83 500 230
person 0.0030 -9 91 219 260
person 0.0029 413 109 483 241
person 0.0029 321 94 337 135
person 0.0029 320 93 341 160
person 0.0027 190 33 250 121
person 0.0026 25 6 473 286
person 0.0023 304 119 340 186
person 0.0022 480 81 500 353
person 0.0021 170 126 181 144
person 0.0021 304 341 396 374
person 0.0021 0 213 20 331
person 0.0021 263 130 340 178
person 0.0021 346 141 481 327
person 0.0020 267 25 283 46
person 0.0020 192 132 327 220
person 0.0020 0 278 26 317
person 0.0019 325 89 372 163
person 0.0018 276 155 292 174
person 0.0018 250 136 390 254
person 0.0017 -1 173 14 271
person 0.0016 213 121 239 150
person 0.0016 290 139 336 186
person 0.0015 259 152 303 207
person 0.0015 156 113 201 193
person 0.0014 0 107 9 238
person 0.0014 218 144 290 178
person 0.0014 30 43 314 262
person 0.0013 447 148 499 285
person 0.0013 0 292 27 329
person 0.0013 494 103 500 127
person 0.0013 203 125 229 160
person 0.0013 494 86 500 124
person 0.0012 445 114 488 192
person 0.0012 492 92 500 140
person 0.0012 214 151 305 206
person 0.0011 281 0 515 320
person 0.0011 4 177 110 274
person 0.0011 382 76 394 93
person 0.0011 315 137 349 190
person 0.0011 143 100 179 150
person 0.0010 304 285 398 349
person 0.0010 297 161 386 222
person 0.0010 301 214 501 377
bottle 0.5566 277 155 291 174
bottle 0.2225 116 231 140 277
bottle 0.1901 206 191 227 233
bottle 0.1786 221 171 235 232
bottle 0.1467 298 161 309 179
bottle 0.0889 291 162 301 178
bottle 0.0820 275 155 293 188
bottle 0.0494 233 194 252 232
bottle 0.0361 223 193 233 231
bottle 0.0320 112 231 123 267
bottle 0.0306 225 171 241 231
bottle 0.0293 274 184 289 235
bottle 0.0264 287 157 302 175
bottle 0.0244 269 170 287 229
bottle 0.0233 128 210 158 274
bottle 0.0229 219 171 234 196
bottle 0.0222 391 37 401 52
bottle 0.0211 227 172 239 196
bottle 0.0182 469 81 480 114
bottle 0.0159 371 29 384 51
bottle 0.0125 477 77 490 113
bottle 0.0123 406 44 415 53
bottle 0.0109 277 210 287 232
bottle 0.0087 248 169 257 197
bottle 0.0082 237 171 253 195
bottle 0.0078 207 169 241 234
bottle 0.0076 29 14 39 41
bottle 0.0076 458 89 468 118
bottle 0.0075 374 75 386 94
bottle 0.0065 259 152 303 207
bottle 0.0062 405 47 414 65
bottle 0.0056 410 42 423 52
bottle 0.0055 18 19 30 39
bottle 0.0055 282 161 303 201
bottle 0.0053 451 89 460 117
bottle 0.0052 275 182 290 206
bottle 0.0050 219 167 255 233
bottle 0.0048 361 67 375 91
bottle 0.0048 423 40 433 51
bottle 0.0047 250 171 262 231
bottle 0.0046 211 173 227 195
bottle 0.0046 380 25 396 52
bottle 0.0045 390 29 403 52
bottle 0.0045 490 77 498 111
bottle 0.0044 283 159 305 182
bottle 0.0041 309 164 319 183
bottle 0.0040 212 164 263 201
bottle 0.0040 467 89 478 116
bottle 0.0040 382 76 394 93
bottle 0.0038 148 224 192 298
bottle 0.0037 292 156 311 176
bottle 0.0037 432 29 442 46
bottle 0.0037 229 165 238 180
bottle 0.0037 373 66 389 93
bottle 0.0035 404 57 413 77
bottle 0.0035 10 13 21 41
bottle 0.0034 424 31 434 49
bottle 0.0031 384 38 396 52
bottle 0.0030 276 157 314 198
bottle 0.0030 423 78 438 114
bottle 0.0029 267 169 278 198
bottle 0.0029 72 178 214 300
bottle 0.0026 413 50 423 65
bottle 0.0025 220 128 327 183
bottle 0.0024 493 69 499 108
bottle 0.0024 355 73 369 95
bottle 0.0023 158 208 195 272
bottle 0.0023 140 39 151 57
bottle 0.0023 248 163 257 185
bottle 0.0021 414 61 421 74
bottle 0.0021 94 101 220 240
bottle 0.0021 421 68 431 85
bottle 0.0020 249 198 261 229
bottle 0.0019 424 75 436 98
bottle 0.0019 267 187 282 233
bottle 0.0019 380 65 393 92
bottle 0.0018 132 220 150 276
bottle 0.0017 99 222 116 240
bottle 0.0017 122 225 133 237
bottle 0.0017 107 230 119 267
bottle 0.0017 430 70 439 84
bottle 0.0016 248 171 260 212
bottle 0.0016 267 155 284 174
bottle 0.0016 254 169 275 232
bottle 0.0016 112 235 129 277
bottle 0.0014 15 13 483 208
bottle 0.0013 57 10 65 23
bottle 0.0013 428 73 439 100
bottle 0.0013 89 281 158 373
bottle 0.0013 266 171 281 214
bottle 0.0012 366 28 379 53
bottle 0.0012 304 161 322 185
bottle 0.0012 293 159 313 203
bottle 0.0012 137 232 158 282
bottle 0.0012 411 62 422 91
bottle 0.0011 237 166 253 179
bottle 0.0011 409 68 423 104
bottle 0.0011 494 86 500 124
bottle 0.0010 267 160 282 184
bottle 0.0010 106 215 148 267
chair 0.4759 0 206 13 271
chair 0.0270 -1 154 14 270
chair 0.0162 0 200 22 266
chair 0.0090 9 100 120 277
chair 0.0080 304 341 396 374
chair 0.0060 1 204 50 267
chair 0.0046 0 184 12 240
chair 0.0037 4 177 110 274
chair 0.0028 95 164 115 231
chair 0.0027 0 138 22 266
chair 0.0027 307 287 394 347
chair 0.0025 0 207 10 329
chair 0.0023 302 299 409 370
chair 0.0023 92 189 109 236
chair 0.0022 0 106 10 258
chair 0.0017 0 159 55 292
chair 0.0015 90 102 214 238
chair 0.0014 85 162 122 233
chair 0.0012 95 222 113 240
chair 0.0011 379 211 501 379
chair 0.0010 0 229 10 287
pottedplant 0.0076 366 0 422 53
pottedplant 0.0055 379 24 397 53
pottedplant 0.0054 190 33 250 121
pottedplant 0.0012 391 32 402 51
pottedplant 0.0010 365 5 395 54
pottedplant 0.0010 370 28 385 52
diningtable 0.6194 0 178 330 366
diningtable 0.2502 118 226 219 310
diningtable 0.1562 172 214 338 295
diningtable 0.0970 146 223 194 297
diningtable 0.0225 194 172 360 290
diningtable 0.0221 239 174 288 245
diningtable 0.0200 30 250 255 374
diningtable 0.0193 251 180 276 239
diningtable 0.0132 65 167 268 312
diningtable 0.0131 186 156 323 231
diningtable 0.0105 94 100 219 240
diningtable 0.0100 218 186 261 238
diningtable 0.0099 257 181 300 238
diningtable 0.0085 97 282 175 372
diningtable 0.0084 228 191 255 233
diningtable 0.0083 106 205 245 331
diningtable 0.0065 180 233 315 351
diningtable 0.0057 185 289 284 309
diningtable 0.0055 200 269 270 290
diningtable 0.0053 269 185 290 234
diningtable 0.0045 139 171 307 258
diningtable 0.0033 212 136 333 171
diningtable 0.0033 152 130 355 262
diningtable 0.0024 207 169 241 234
diningtable 0.0023 43 210 210 295
diningtable 0.0021 136 200 222 283
diningtable 0.0019 283 159 305 182
diningtable 0.0018 242 188 345 235
diningtable 0.0018 172 190 421 315
diningtable 0.0018 275 154 292 175
diningtable 0.0017 205 190 229 234
diningtable 0.0016 259 152 303 207
diningtable 0.0015 122 218 163 278
diningtable 0.0014 97 196 304 279
diningtable 0.0014 158 209 196 265
diningtable 0.0014 148 225 407 360
diningtable 0.0014 13 285 169 372
diningtable 0.0013 0 264 99 365
diningtable 0.0012 252 154 298 175
diningtable 0.0012 261 163 327 227
diningtable 0.0012 225 171 250 230
diningtable 0.0011 257 102 461 360
diningtable 0.0010 3 296 97 336
diningtable 0.0010 83 125 281 272
diningtable 0.0010 198 228 330 275
tvmonitor 0.0054 332 28 369 53
tvmonitor 0.0016 492 7 500 67
