person 0.0445 305 213 419 268
person 0.0133 296 204 419 357
person 0.0037 54 232 299 368
person 0.0027 310 241 393 259
person 0.0023 396 213 421 247
person 0.0022 375 211 419 260
person 0.0015 317 232 404 264
person 0.0010 223 293 321 375
cat 0.0025 311 230 411 266
cat 0.0017 310 241 393 259
dog 0.0015 311 230 411 266
bottle 0.0060 380 182 391 224
bottle 0.0059 83 222 92 236
bottle 0.0031 121 124 135 139
bottle 0.0013 133 131 140 142
bottle 0.0011 124 159 136 170
chair 0.3770 298 220 417 369
chair 0.1641 30 239 288 370
chair 0.0488 225 292 320 374
chair 0.0139 115 242 150 261
chair 0.0126 0 209 20 300
chair 0.0038 0 202 46 306
chair 0.0026 313 210 416 267
chair 0.0026 99 234 251 302
chair 0.0022 0 122 44 268
chair 0.0020 380 182 390 223
chair 0.0020 0 127 22 305
chair 0.0012 0 235 7 379
chair 0.0012 0 209 24 371
chair 0.0011 111 243 164 270
chair 0.0010 13 232 38 288
sofa 0.8480 296 223 419 364
sofa 0.8293 31 240 287 370
sofa 0.0039 99 234 251 302
sofa 0.0034 304 225 415 272
sofa 0.0033 31 248 169 367
sofa 0.0023 27 222 260 318
sofa 0.0023 225 292 319 373
sofa 0.0011 39 199 453 339
sofa 0.0010 179 208 400 311
pottedplant 0.0410 342 202 362 223
pottedplant 0.0177 177 182 191 223
pottedplant 0.0028 164 178 199 227
pottedplant 0.0012 337 194 369 234
pottedplant 0.0011 171 187 189 229
diningtable 0.0012 179 208 400 311
tvmonitor 0.2936 71 142 124 190
tvmonitor 0.2467 0 124 43 205
tvmonitor 0.0102 0 209 20 300
tvmonitor 0.0036 469 19 501 254
tvmonitor 0.0028 89 152 110 178
tvmonitor 0.0017 83 153 115 188
tvmonitor 0.0015 79 149 104 181
