person 0.9883 54 85 278 439
person 0.9842 252 63 448 445
person 0.0014 19 100 483 432
bottle 0.0010 139 272 175 304
chair 0.4234 298 332 421 438
chair 0.0552 252 226 455 432
chair 0.0445 67 218 444 439
chair 0.0388 98 336 218 438
chair 0.0344 422 220 446 301
chair 0.0176 58 97 274 466
chair 0.0147 247 216 310 322
chair 0.0145 308 333 410 384
chair 0.0112 218 210 336 378
chair 0.0056 412 216 444 273
chair 0.0051 240 217 312 432
chair 0.0034 254 50 448 421
chair 0.0024 168 215 311 435
chair 0.0016 292 293 419 404
chair 0.0016 102 321 312 432
chair 0.0015 429 218 445 271
chair 0.0014 407 204 448 299
chair 0.0014 351 149 449 370
sofa 0.0298 62 220 450 439
sofa 0.0135 58 97 274 466
sofa 0.0071 98 335 218 438
sofa 0.0036 298 332 421 438
sofa 0.0013 218 210 336 378
