person 0.0250 27 155 57 203
person 0.0165 110 121 211 198
person 0.0086 248 129 275 197
person 0.0054 161 118 209 168
person 0.0024 0 169 23 291
person 0.0024 0 190 8 348
person 0.0023 0 173 7 209
person 0.0022 253 134 275 168
person 0.0021 181 125 210 163
person 0.0020 109 129 188 176
person 0.0016 37 155 66 191
person 0.0016 0 231 4 362
person 0.0015 43 157 60 174
person 0.0014 251 186 263 198
person 0.0014 109 125 150 163
person 0.0012 26 176 43 203
person 0.0012 491 193 500 230
person 0.0010 98 133 159 182
car 0.1305 491 209 500 231
car 0.0123 490 190 500 232
car 0.0040 491 159 500 222
car 0.0039 0 161 25 260
car 0.0029 491 206 500 251
car 0.0015 0 154 23 355
car 0.0013 0 190 8 348
bus 0.9981 10 27 499 329
bus 0.1339 0 158 27 243
bus 0.0814 -1 84 46 277
bus 0.0368 491 158 499 224
bus 0.0205 0 146 24 326
bus 0.0103 487 149 499 234
bus 0.0093 0 170 25 213
bus 0.0073 491 154 500 189
bus 0.0056 491 193 500 230
bus 0.0055 -1 88 33 221
bus 0.0045 4 89 83 212
bus 0.0024 0 153 13 231
bus 0.0020 0 157 16 282
bus 0.0019 1 72 93 292
bus 0.0018 26 153 59 205
bus 0.0016 1 87 43 161
bus 0.0015 0 96 9 230
train 0.0160 0 161 25 260
train 0.0066 0 93 44 214
train 0.0043 0 105 29 289
train 0.0025 0 150 26 217
train 0.0021 0 154 23 355
train 0.0016 491 158 499 224
