car 0.0168 467 138 500 151
car 0.0109 348 155 374 167
car 0.0067 452 166 498 178
car 0.0059 489 138 500 149
car 0.0038 350 150 385 169
car 0.0034 315 160 332 168
car 0.0026 491 168 499 174
car 0.0024 228 152 257 172
car 0.0020 0 150 9 156
car 0.0017 7 150 20 156
car 0.0016 314 158 350 170
car 0.0015 461 143 495 156
car 0.0014 300 160 323 168
car 0.0012 343 157 363 167
car 0.0011 389 157 429 171
car 0.0010 388 163 429 174
boat 0.1343 254 160 312 176
boat 0.0978 251 148 316 176
boat 0.0840 350 150 385 169
boat 0.0379 348 155 374 167
boat 0.0283 228 152 257 172
boat 0.0264 104 153 169 175
boat 0.0235 162 164 232 178
boat 0.0188 314 158 350 170
boat 0.0144 329 141 386 171
boat 0.0109 452 166 498 178
boat 0.0072 81 167 104 176
boat 0.0069 368 150 385 169
boat 0.0063 311 164 352 173
boat 0.0058 467 138 500 151
boat 0.0056 315 160 332 168
boat 0.0055 306 144 370 173
boat 0.0053 229 163 257 175
boat 0.0052 10 134 485 188
boat 0.0051 311 153 388 169
boat 0.0051 251 142 378 174
boat 0.0050 343 157 363 167
boat 0.0041 42 170 62 177
boat 0.0040 162 146 235 178
boat 0.0036 253 140 328 169
boat 0.0035 150 176 162 183
boat 0.0032 59 168 82 177
boat 0.0029 53 170 72 177
boat 0.0029 344 142 379 165
boat 0.0028 491 168 499 174
boat 0.0027 55 165 109 178
boat 0.0026 133 153 165 173
boat 0.0022 449 141 501 176
boat 0.0022 30 170 56 176
boat 0.0020 344 144 356 156
boat 0.0020 309 164 336 171
boat 0.0020 252 154 299 173
boat 0.0019 222 149 288 173
boat 0.0018 126 158 170 180
boat 0.0018 489 138 500 149
boat 0.0018 300 160 323 168
boat 0.0017 86 165 111 177
boat 0.0016 170 132 414 179
boat 0.0016 267 153 356 170
boat 0.0016 114 174 163 183
boat 0.0016 388 163 429 174
boat 0.0015 220 142 309 167
boat 0.0015 114 177 124 184
boat 0.0013 458 140 498 162
boat 0.0013 105 143 219 176
boat 0.0012 19 164 85 179
boat 0.0012 389 157 429 171
boat 0.0011 145 160 169 180
boat 0.0011 306 164 374 173
boat 0.0011 149 148 163 158
boat 0.0010 137 175 163 183
boat 0.0010 335 114 382 169
boat 0.0010 43 174 61 179
boat 0.0010 22 169 46 176
boat 0.0010 334 141 367 163
