person 0.2102 -2 19 375 489
person 0.0575 153 435 372 500
person 0.0362 0 403 369 498
person 0.0250 276 435 376 500
person 0.0070 185 0 219 10
person 0.0070 3 299 367 502
person 0.0060 -1 2 85 473
person 0.0041 190 1 216 27
person 0.0038 231 408 374 498
person 0.0022 190 14 218 32
person 0.0021 15 99 291 400
person 0.0018 169 16 194 30
person 0.0017 173 0 212 7
person 0.0015 164 260 374 466
person 0.0015 301 9 315 45
person 0.0015 166 0 181 6
person 0.0014 206 0 235 6
person 0.0013 168 368 379 501
person 0.0012 182 18 198 31
person 0.0011 175 0 228 30
car 0.1045 194 14 223 30
car 0.0547 185 0 251 29
car 0.0374 163 0 227 29
car 0.0372 198 0 220 9
car 0.0271 164 1 198 27
car 0.0252 221 19 243 27
car 0.0182 194 1 225 29
car 0.0111 173 0 227 11
car 0.0106 173 0 212 7
car 0.0084 195 16 245 29
car 0.0066 166 0 181 6
car 0.0059 128 -1 195 33
car 0.0048 206 0 235 6
car 0.0031 218 0 243 6
car 0.0026 217 1 245 26
car 0.0022 182 18 198 31
car 0.0022 243 5 256 22
car 0.0021 164 15 181 31
car 0.0020 169 16 194 30
car 0.0018 188 0 251 11
car 0.0018 172 11 211 33
car 0.0017 226 1 253 24
car 0.0016 224 0 256 7
car 0.0015 159 11 188 32
car 0.0013 211 0 266 25
car 0.0011 147 0 180 8
car 0.0010 105 -1 270 46
bus 0.0071 189 0 230 30
bus 0.0030 204 0 257 27
bus 0.0023 161 0 224 28
bus 0.0022 173 0 227 11
bus 0.0014 198 0 220 9
cat 0.7877 6 104 367 486
cat 0.5896 164 260 374 466
cat 0.1149 187 165 339 236
cat 0.0612 108 114 195 206
cat 0.0105 9 81 207 431
cat 0.0032 166 113 367 395
cat 0.0024 10 60 308 206
cat 0.0017 38 136 281 385
cat 0.0013 94 141 341 262
dog 0.0598 168 254 374 461
dog 0.0340 7 128 365 501
dog 0.0024 182 165 339 236
dog 0.0016 17 110 207 480
bottle 0.3957 301 8 315 45
bottle 0.0034 162 42 183 67
bottle 0.0032 294 0 324 54
bottle 0.0013 288 15 327 66
chair 0.1307 0 25 372 481
chair 0.0108 253 66 374 226
chair 0.0018 160 0 200 30
chair 0.0012 194 14 223 30
chair 0.0012 0 403 369 498
chair 0.0011 301 9 315 45
chair 0.0010 160 40 193 67
sofa 0.8115 0 25 372 481
sofa 0.0257 0 403 369 498
sofa 0.0097 1 50 375 222
sofa 0.0061 3 299 367 502
sofa 0.0054 25 124 345 381
sofa 0.0050 13 103 212 491
sofa 0.0030 158 80 371 437
sofa 0.0026 -2 -9 71 490
sofa 0.0025 246 59 377 222
sofa 0.0022 0 410 137 501
sofa 0.0017 83 106 227 192
pottedplant 0.0911 133 -1 172 33
pottedplant 0.0344 5 -1 152 49
pottedplant 0.0091 141 6 165 35
pottedplant 0.0051 101 0 183 45
pottedplant 0.0049 49 -1 191 32
pottedplant 0.0042 160 0 200 30
pottedplant 0.0041 9 0 80 47
pottedplant 0.0029 111 0 160 32
pottedplant 0.0027 63 -1 226 49
pottedplant 0.0025 124 -1 182 16
pottedplant 0.0019 217 0 261 25
pottedplant 0.0015 243 5 256 22
pottedplant 0.0014 224 0 256 7
pottedplant 0.0013 212 20 248 41
pottedplant 0.0012 221 19 243 27
pottedplant 0.0010 252 14 268 32
pottedplant 0.0010 129 2 193 39
diningtable 0.0206 223 38 377 81
diningtable 0.0066 89 26 370 85
diningtable 0.0057 259 43 363 66
diningtable 0.0026 52 21 240 79
diningtable 0.0022 28 38 211 66
diningtable 0.0017 107 45 248 77
diningtable 0.0015 232 49 365 72
diningtable 0.0014 11 6 367 111
diningtable 0.0014 245 59 376 222
diningtable 0.0010 209 39 387 140
diningtable 0.0010 235 38 313 62
tvmonitor 0.0010 293 0 375 50
