person 0.1967 26 259 41 281
person 0.0475 17 257 27 280
person 0.0448 214 278 223 302
person 0.0228 157 233 172 243
person 0.0174 0 257 6 274
person 0.0105 36 259 43 279
person 0.0065 94 266 129 295
person 0.0031 15 245 30 278
person 0.0028 22 242 43 280
person 0.0027 436 99 440 108
person 0.0025 438 278 451 295
person 0.0023 455 279 474 295
person 0.0019 431 277 447 294
person 0.0017 186 276 222 304
person 0.0015 491 112 500 120
person 0.0015 0 246 7 274
person 0.0015 141 273 191 322
person 0.0015 138 235 177 303
person 0.0014 139 270 216 309
person 0.0013 450 279 466 295
person 0.0011 364 119 374 131
person 0.0011 0 252 5 302
car 0.0671 91 265 131 295
car 0.0248 176 274 217 305
car 0.0195 372 112 388 120
car 0.0116 307 185 338 193
car 0.0111 491 112 500 120
car 0.0085 0 251 6 272
car 0.0085 352 110 387 120
car 0.0084 140 271 221 310
car 0.0071 340 108 360 117
car 0.0065 430 113 443 120
car 0.0040 129 234 217 313
car 0.0033 342 104 360 113
car 0.0030 224 264 244 276
car 0.0030 -8 4 508 324
car 0.0029 435 115 455 121
car 0.0029 137 115 156 128
car 0.0028 335 109 349 118
car 0.0027 457 111 475 120
car 0.0024 479 113 495 121
car 0.0023 136 272 189 321
car 0.0021 334 120 346 130
car 0.0020 305 118 317 130
car 0.0015 364 119 374 131
car 0.0014 469 114 482 121
car 0.0014 343 120 358 131
car 0.0012 349 117 371 131
car 0.0012 492 115 500 132
car 0.0011 297 119 310 131
car 0.0011 14 231 243 304
car 0.0010 327 120 338 132
car 0.0010 381 112 392 121
aeroplane 0.9972 -12 32 506 340
aeroplane 0.0084 289 97 315 110
aeroplane 0.0056 285 96 303 110
aeroplane 0.0054 0 97 29 115
aeroplane 0.0050 220 106 236 128
aeroplane 0.0022 0 229 7 273
aeroplane 0.0022 0 80 29 119
aeroplane 0.0021 274 95 313 112
aeroplane 0.0021 269 94 283 112
aeroplane 0.0019 269 95 296 112
aeroplane 0.0018 291 87 312 107
aeroplane 0.0017 299 99 324 108
aeroplane 0.0017 0 98 11 116
aeroplane 0.0014 134 258 512 362
aeroplane 0.0014 0 106 10 121
aeroplane 0.0014 222 100 243 130
aeroplane 0.0013 197 108 236 127
aeroplane 0.0011 -1 223 207 300
aeroplane 0.0010 269 97 283 132
aeroplane 0.0010 269 89 321 115
aeroplane 0.0010 0 251 6 272
bus 0.0019 0 98 29 114
bus 0.0019 91 265 131 295
bus 0.0010 434 181 499 288
train 0.0018 433 190 500 286
boat 0.0011 289 97 315 110
