person 0.0459 0 86 135 372
person 0.0141 7 183 45 234
person 0.0131 0 162 63 261
person 0.0124 304 -14 498 387
person 0.0123 0 186 53 357
person 0.0100 177 138 200 164
person 0.0076 0 38 64 336
person 0.0074 -3 120 94 304
person 0.0074 279 166 499 371
person 0.0062 431 158 501 373
person 0.0059 392 236 500 372
person 0.0059 0 190 170 351
person 0.0053 397 301 500 373
person 0.0053 390 96 500 368
person 0.0039 137 97 289 220
person 0.0039 483 43 500 350
person 0.0034 152 134 170 154
person 0.0030 119 -4 531 379
person 0.0030 0 63 273 371
person 0.0021 277 300 498 371
person 0.0017 0 179 30 228
person 0.0016 207 107 271 174
person 0.0015 0 120 26 354
person 0.0015 150 132 172 172
person 0.0015 -5 154 38 275
person 0.0014 145 121 183 197
person 0.0013 19 234 73 262
person 0.0011 443 17 500 342
person 0.0011 19 178 64 243
car 0.0070 286 109 300 122
car 0.0021 217 282 259 309
bottle 0.1224 103 112 115 152
bottle 0.0636 115 115 126 150
bottle 0.0218 319 231 344 269
bottle 0.0022 99 111 109 154
chair 0.5823 0 201 137 377
chair 0.0588 19 233 72 262
chair 0.0492 283 214 498 373
chair 0.0396 277 300 498 371
chair 0.0221 0 320 142 375
chair 0.0087 0 191 56 358
chair 0.0067 11 207 78 273
chair 0.0050 -6 121 99 346
chair 0.0043 0 89 170 365
chair 0.0022 246 74 503 382
chair 0.0020 0 189 254 336
chair 0.0019 397 301 500 373
chair 0.0015 432 231 500 369
chair 0.0011 27 184 57 237
chair 0.0010 0 101 57 264
chair 0.0010 243 173 432 375
chair 0.0010 70 224 113 279
chair 0.0010 0 151 22 358
sofa 0.2265 276 241 498 372
sofa 0.2123 -1 183 138 368
sofa 0.0533 258 305 502 370
sofa 0.0205 293 88 498 375
sofa 0.0157 155 211 392 371
sofa 0.0118 432 231 500 369
sofa 0.0106 400 289 500 376
sofa 0.0078 393 166 500 367
sofa 0.0069 0 153 56 356
sofa 0.0069 150 154 513 380
sofa 0.0020 18 229 75 269
sofa 0.0018 164 280 498 377
sofa 0.0016 243 173 432 375
sofa 0.0016 432 86 501 373
sofa 0.0016 433 312 499 375
sofa 0.0015 1 314 134 375
pottedplant 0.0095 251 0 278 16
pottedplant 0.0082 233 0 253 16
pottedplant 0.0039 246 0 280 54
pottedplant 0.0013 239 6 268 73
pottedplant 0.0013 233 0 255 45
pottedplant 0.0010 235 -6 282 23
diningtable 0.0382 156 211 391 371
diningtable 0.0047 42 189 484 359
diningtable 0.0019 241 258 309 301
tvmonitor 0.9920 128 93 285 225
tvmonitor 0.0097 172 2 226 42
tvmonitor 0.0069 59 111 107 160
tvmonitor 0.0060 58 18 363 284
