person 0.9741 425 160 448 259
person 0.9594 474 120 500 302
person 0.9401 403 154 431 259
person 0.9130 387 166 406 253
person 0.8218 451 155 482 261
person 0.8178 363 160 383 238
person 0.6970 319 130 347 152
person 0.0969 186 135 204 151
person 0.0814 102 88 466 305
person 0.0642 185 116 226 153
person 0.0594 280 119 320 152
person 0.0546 398 163 405 177
person 0.0320 217 104 235 118
person 0.0246 453 154 481 210
person 0.0238 302 138 318 150
person 0.0224 380 148 499 260
person 0.0218 285 134 319 151
person 0.0208 350 156 454 252
person 0.0198 206 99 235 149
person 0.0186 289 126 349 153
person 0.0184 429 151 473 267
person 0.0152 455 215 482 256
person 0.0140 325 120 352 150
person 0.0119 200 131 228 151
person 0.0110 205 102 224 120
person 0.0098 449 140 499 278
person 0.0097 446 150 470 248
person 0.0094 257 119 294 151
person 0.0094 364 159 380 204
person 0.0091 374 173 390 206
person 0.0084 365 161 420 258
person 0.0083 199 103 218 119
person 0.0068 367 171 393 246
person 0.0064 207 99 220 114
person 0.0063 462 156 488 244
person 0.0063 450 160 467 219
person 0.0053 495 118 500 146
person 0.0047 395 162 407 181
person 0.0047 376 173 401 243
person 0.0042 473 135 499 228
person 0.0041 431 166 459 253
person 0.0040 426 162 446 201
person 0.0040 240 146 490 265
person 0.0039 494 123 500 158
person 0.0036 372 184 391 235
person 0.0035 400 160 411 178
person 0.0034 373 162 384 176
person 0.0031 75 46 426 215
person 0.0030 486 132 501 249
person 0.0030 391 165 407 195
person 0.0029 175 102 221 149
person 0.0029 346 152 408 246
person 0.0028 185 104 208 119
person 0.0027 488 164 500 310
person 0.0026 411 153 445 251
person 0.0026 410 149 429 171
person 0.0025 282 135 304 151
person 0.0025 224 103 245 118
person 0.0024 369 165 391 218
person 0.0023 235 114 286 150
person 0.0023 401 151 412 176
person 0.0023 418 152 432 171
person 0.0022 469 166 485 214
person 0.0022 451 184 465 234
person 0.0022 184 139 207 159
person 0.0022 389 173 407 210
person 0.0022 466 195 485 222
person 0.0020 216 94 254 148
person 0.0019 236 103 249 117
person 0.0018 468 188 486 213
person 0.0018 146 115 165 153
person 0.0017 340 130 357 151
person 0.0017 474 183 493 216
person 0.0016 492 128 500 174
person 0.0015 202 99 216 114
person 0.0015 252 98 263 114
person 0.0014 365 160 379 183
person 0.0014 363 189 380 248
person 0.0014 407 139 494 217
person 0.0014 296 117 324 150
person 0.0012 407 147 448 174
person 0.0012 405 201 433 257
person 0.0012 456 192 476 225
person 0.0012 401 169 412 192
person 0.0011 454 154 464 170
person 0.0011 0 226 12 248
person 0.0011 336 128 482 225
person 0.0011 398 156 414 184
person 0.0011 231 100 243 114
person 0.0011 424 156 450 187
person 0.0010 423 162 433 176
person 0.0010 475 201 491 220
person 0.0010 368 157 377 170
person 0.0010 271 132 296 150
bicycle 0.0020 474 125 500 295
car 0.2541 375 171 399 230
car 0.2177 376 173 397 206
car 0.1910 382 166 407 232
car 0.1387 376 173 398 190
car 0.1069 366 164 392 238
car 0.0467 402 145 430 260
car 0.0322 377 196 396 243
car 0.0195 350 156 454 252
car 0.0148 372 168 391 195
car 0.0124 372 184 391 235
car 0.0107 365 161 420 258
car 0.0106 380 148 499 260
car 0.0056 474 125 500 295
car 0.0051 419 149 448 256
car 0.0044 363 164 382 250
car 0.0031 476 209 490 226
car 0.0026 413 141 461 178
car 0.0024 389 176 407 256
car 0.0020 375 159 412 205
car 0.0018 127 62 377 317
car 0.0018 364 161 384 204
car 0.0017 426 162 446 201
car 0.0017 475 201 491 220
car 0.0017 376 168 399 179
car 0.0015 389 173 407 210
car 0.0012 454 146 492 273
car 0.0012 373 212 391 241
car 0.0011 418 148 456 171
motorbike 0.0023 371 195 392 242
motorbike 0.0016 364 164 386 249
bus 0.9958 127 69 371 312
bus 0.0070 412 140 463 167
bus 0.0026 379 131 415 171
bus 0.0020 102 129 131 193
train 0.0014 121 59 376 307
pottedplant 0.0181 0 226 12 248
pottedplant 0.0015 6 226 15 247
