person 0.7166 -2 52 179 370
person 0.0143 6 18 341 373
person 0.0039 -1 35 129 275
person 0.0011 -18 131 511 387
person 0.0010 67 194 132 287
person 0.0010 1 213 172 376
car 0.0030 0 1 504 384
bus 0.0016 0 1 504 384
train 0.0083 0 1 504 384
boat 0.0687 240 83 254 89
boat 0.0023 244 84 258 90
boat 0.0012 205 111 227 118
bottle 0.0014 82 197 120 232
bottle 0.0010 71 200 108 233
chair 0.0580 -2 22 183 376
chair 0.0281 291 0 496 376
chair 0.0231 278 328 499 373
chair 0.0074 275 237 500 376
chair 0.0053 -1 33 130 276
chair 0.0015 78 -12 178 305
chair 0.0013 -1 229 172 373
chair 0.0010 7 72 331 368
sofa 0.0150 278 328 499 373
sofa 0.0041 -2 23 183 376
sofa 0.0030 276 238 500 376
sofa 0.0013 291 0 496 376
diningtable 0.0706 278 328 499 373
tvmonitor 0.0019 35 8 528 374
tvmonitor 0.0012 119 43 437 261
