person 0.8512 369 169 407 211
person 0.6680 68 172 91 199
person 0.3609 156 176 181 211
person 0.2966 181 173 198 196
person 0.1251 162 174 201 212
person 0.1194 56 98 490 302
person 0.1024 187 174 200 208
person 0.0835 114 174 125 193
person 0.0769 158 176 176 193
person 0.0531 113 174 126 213
person 0.0387 419 176 434 203
person 0.0238 188 195 202 212
person 0.0166 47 13 56 26
person 0.0143 149 176 172 211
person 0.0122 159 173 197 196
person 0.0112 111 176 132 222
person 0.0103 155 176 167 192
person 0.0084 180 176 212 210
person 0.0080 42 169 63 196
person 0.0073 175 191 201 213
person 0.0069 30 163 52 181
person 0.0067 36 169 53 194
person 0.0061 416 165 439 203
person 0.0055 366 167 397 199
person 0.0053 112 180 126 240
person 0.0053 306 191 315 217
person 0.0044 38 184 53 195
person 0.0038 497 210 500 252
person 0.0037 91 182 107 200
person 0.0037 39 183 62 196
person 0.0034 34 156 52 172
person 0.0034 134 174 146 192
person 0.0033 29 161 42 183
person 0.0029 53 172 65 195
person 0.0027 405 168 434 201
person 0.0023 111 211 124 250
person 0.0023 160 188 194 213
person 0.0023 305 198 320 241
person 0.0022 29 159 59 193
person 0.0022 496 197 500 264
person 0.0021 170 174 224 215
person 0.0019 147 174 172 195
person 0.0017 132 170 164 220
person 0.0015 106 178 140 248
person 0.0014 44 166 61 183
person 0.0013 74 170 86 182
person 0.0013 133 157 148 189
person 0.0012 134 179 147 203
person 0.0012 420 164 436 184
person 0.0012 115 173 141 230
person 0.0012 358 174 383 208
person 0.0012 49 169 72 197
person 0.0012 496 186 500 237
person 0.0012 370 190 388 209
person 0.0011 53 182 66 197
person 0.0011 378 174 436 207
person 0.0010 134 197 146 245
person 0.0010 363 166 421 224
person 0.0010 28 16 36 26
person 0.0010 134 185 146 218
person 0.0010 82 183 100 200
bicycle 0.0397 6 244 340 369
bicycle 0.0208 0 236 16 307
bicycle 0.0171 2 252 44 294
bicycle 0.0039 0 251 90 296
bicycle 0.0028 81 290 344 367
bicycle 0.0016 0 236 55 311
bicycle 0.0016 0 251 10 321
car 0.0017 0 226 15 256
bus 0.9960 17 98 468 302
dog 0.0023 435 285 459 296
chair 0.0044 91 182 107 200
chair 0.0013 39 183 62 196
chair 0.0010 0 226 15 256
pottedplant 0.0185 47 13 56 26
pottedplant 0.0029 28 16 36 26
pottedplant 0.0020 18 15 29 26
pottedplant 0.0013 38 15 50 26
