person 0.9965 6 86 128 372
person 0.9832 230 162 351 369
person 0.9191 303 90 499 369
person 0.0077 240 170 245 182
person 0.0059 473 147 491 180
person 0.0034 24 150 469 381
person 0.0031 154 58 514 386
person 0.0027 228 174 481 372
person 0.0026 367 119 494 315
person 0.0021 253 179 260 188
person 0.0020 490 163 500 336
person 0.0019 315 178 322 184
person 0.0016 476 173 499 345
person 0.0014 239 173 247 186
person 0.0012 0 165 18 309
person 0.0012 478 165 500 268
person 0.0011 180 128 398 327
person 0.0010 160 161 169 165
car 0.0011 -9 30 503 400
motorbike 0.0023 -9 30 503 400
aeroplane 0.0039 -1 12 504 374
bus 0.0013 -1 12 504 374
boat 0.4956 1 15 500 370
boat 0.0822 0 182 252 368
boat 0.0449 14 237 480 373
boat 0.0199 256 94 493 206
boat 0.0197 289 319 502 369
boat 0.0191 68 295 516 368
boat 0.0175 257 84 500 372
boat 0.0158 155 161 166 166
boat 0.0144 0 159 10 168
boat 0.0103 254 113 410 194
boat 0.0102 160 161 169 165
boat 0.0099 1 14 499 193
boat 0.0095 432 317 501 374
boat 0.0084 230 162 351 369
boat 0.0072 440 173 500 368
boat 0.0062 375 222 500 373
boat 0.0052 249 39 419 190
boat 0.0050 92 175 388 370
boat 0.0050 5 111 131 389
boat 0.0044 127 160 168 166
boat 0.0039 315 178 322 184
boat 0.0038 240 170 245 182
boat 0.0036 343 177 353 183
boat 0.0034 261 156 406 197
boat 0.0033 475 158 500 236
boat 0.0030 477 175 500 330
boat 0.0029 253 179 260 188
boat 0.0028 84 295 272 369
boat 0.0026 0 139 8 168
boat 0.0025 253 139 277 185
boat 0.0019 286 325 391 375
boat 0.0017 254 178 269 187
boat 0.0017 239 173 247 186
boat 0.0017 0 158 10 184
boat 0.0015 254 139 275 149
boat 0.0014 378 177 384 183
boat 0.0014 259 126 447 224
boat 0.0013 239 91 422 276
boat 0.0013 0 154 11 171
boat 0.0012 272 293 404 375
boat 0.0012 0 91 17 266
boat 0.0011 0 117 10 171
boat 0.0011 302 173 397 190
boat 0.0010 292 161 393 186
boat 0.0010 311 177 319 183
boat 0.0010 472 310 500 362
boat 0.0010 116 159 143 166
bird 0.0085 471 148 487 179
bird 0.0027 301 36 365 75
bottle 0.0107 389 248 409 289
bottle 0.0101 375 240 413 303
bottle 0.0035 371 204 422 308
bottle 0.0025 352 189 441 321
bottle 0.0022 302 136 488 368
bottle 0.0010 384 235 429 308
chair 0.0076 0 214 17 330
chair 0.0073 432 317 501 374
chair 0.0042 289 319 502 369
chair 0.0034 0 252 11 308
chair 0.0028 104 290 253 376
chair 0.0019 371 168 500 366
chair 0.0016 0 253 23 322
chair 0.0013 0 181 252 368
chair 0.0012 -1 152 134 360
chair 0.0012 435 231 501 373
chair 0.0011 0 246 50 369
