person 0.0022 -1 281 74 357
person 0.0016 479 156 500 243
person 0.0013 420 167 493 238
person 0.0011 360 34 504 318
person 0.0011 134 119 147 128
person 0.0010 0 212 18 295
bicycle 0.0013 -3 269 74 361
train 0.0029 431 81 501 188
bird 0.0043 134 119 147 128
cat 0.0013 -1 292 73 360
dog 0.0029 224 189 307 275
horse 0.0013 173 212 188 250
bottle 0.0531 287 148 297 159
bottle 0.0381 288 136 296 155
bottle 0.0188 75 161 86 187
bottle 0.0082 280 150 287 158
bottle 0.0016 385 23 396 50
bottle 0.0011 296 150 302 158
bottle 0.0011 242 219 253 236
chair 0.8909 218 193 309 274
chair 0.6078 392 294 441 377
chair 0.3499 394 292 485 377
chair 0.2796 430 297 500 373
chair 0.1137 0 185 95 289
chair 0.0652 479 156 500 243
chair 0.0561 14 251 228 371
chair 0.0306 438 150 501 374
chair 0.0213 431 175 496 248
chair 0.0191 477 148 500 321
chair 0.0136 383 221 499 370
chair 0.0106 3 285 161 374
chair 0.0084 141 253 221 372
chair 0.0076 0 296 69 356
chair 0.0076 436 203 499 297
chair 0.0070 473 353 499 374
chair 0.0068 447 159 501 225
chair 0.0063 93 207 112 231
chair 0.0058 83 194 118 232
chair 0.0049 439 171 490 198
chair 0.0048 396 283 436 344
chair 0.0045 474 220 500 368
chair 0.0045 198 272 249 348
chair 0.0040 129 214 166 230
chair 0.0035 0 212 18 295
chair 0.0027 486 148 500 220
chair 0.0025 468 140 500 259
chair 0.0022 170 253 220 291
chair 0.0021 -5 264 105 363
chair 0.0020 2 288 82 327
chair 0.0019 170 210 191 252
chair 0.0018 404 174 500 301
chair 0.0018 475 292 500 373
chair 0.0017 471 206 500 307
chair 0.0017 486 191 500 271
chair 0.0016 62 271 158 289
chair 0.0015 472 138 500 209
chair 0.0015 383 222 437 325
chair 0.0014 0 290 44 323
chair 0.0014 492 233 500 381
chair 0.0014 0 235 61 355
chair 0.0013 87 197 200 235
chair 0.0013 487 180 500 241
chair 0.0012 399 318 465 374
chair 0.0011 0 187 28 291
chair 0.0011 230 207 283 254
chair 0.0011 438 335 496 374
chair 0.0011 235 195 308 244
chair 0.0010 397 294 437 323
chair 0.0010 476 184 499 276
sofa 0.9336 0 184 94 290
sofa 0.6055 -3 250 224 369
sofa 0.1120 221 192 308 275
sofa 0.0539 -5 264 105 363
sofa 0.0462 3 285 161 374
sofa 0.0120 135 251 216 372
sofa 0.0085 76 226 209 289
sofa 0.0067 431 175 496 248
sofa 0.0067 0 212 18 295
sofa 0.0061 478 153 500 273
sofa 0.0037 0 179 66 349
sofa 0.0036 475 208 500 306
sofa 0.0035 -1 283 73 354
sofa 0.0032 163 251 248 368
sofa 0.0028 473 136 500 373
sofa 0.0024 -16 156 225 313
sofa 0.0022 30 207 235 334
sofa 0.0019 -1 180 138 370
sofa 0.0018 197 271 249 351
sofa 0.0016 433 149 500 324
sofa 0.0012 11 211 496 378
sofa 0.0012 40 257 177 295
sofa 0.0011 363 120 512 305
sofa 0.0011 0 187 28 291
sofa 0.0010 433 200 500 278
sofa 0.0010 2 288 82 327
pottedplant 0.8663 149 152 215 240
pottedplant 0.0323 -3 269 74 361
pottedplant 0.0275 -1 298 142 370
pottedplant 0.0033 303 143 335 159
pottedplant 0.0032 411 165 497 263
pottedplant 0.0022 170 210 191 252
pottedplant 0.0022 157 181 201 242
pottedplant 0.0021 364 34 391 56
pottedplant 0.0016 362 24 396 58
pottedplant 0.0016 158 154 213 189
pottedplant 0.0015 384 22 396 50
pottedplant 0.0012 0 207 89 376
pottedplant 0.0012 386 105 502 283
pottedplant 0.0011 0 310 67 359
diningtable 0.5533 387 222 501 375
diningtable 0.1401 76 226 209 289
diningtable 0.1210 -1 298 142 370
diningtable 0.0938 395 292 501 375
diningtable 0.0183 10 245 227 371
diningtable 0.0170 404 141 499 331
diningtable 0.0118 30 207 235 334
diningtable 0.0061 436 203 499 297
diningtable 0.0054 475 208 500 306
diningtable 0.0053 -5 264 105 363
diningtable 0.0052 411 165 497 263
diningtable 0.0049 62 271 158 289
diningtable 0.0032 67 206 219 272
diningtable 0.0032 144 161 214 261
diningtable 0.0030 421 182 492 240
diningtable 0.0026 414 237 501 258
diningtable 0.0021 433 240 498 355
diningtable 0.0019 97 257 161 276
diningtable 0.0015 473 136 500 373
diningtable 0.0014 40 257 177 295
diningtable 0.0013 476 153 500 233
diningtable 0.0013 86 193 201 238
diningtable 0.0012 0 293 83 342
diningtable 0.0011 1 342 144 386
diningtable 0.0010 0 188 99 320
diningtable 0.0010 475 248 500 374
tvmonitor 0.9944 85 127 178 186
tvmonitor 0.0048 479 156 500 243
tvmonitor 0.0018 223 194 306 281
tvmonitor 0.0010 477 148 500 321
