person 0.8880 109 35 400 364
person 0.8681 -1 31 135 325
person 0.5618 139 110 190 207
person 0.4033 439 75 498 127
person 0.3641 125 113 140 154
person 0.3476 210 101 505 370
person 0.2778 439 75 500 209
person 0.2752 -1 112 29 171
person 0.1328 21 105 40 139
person 0.1311 128 126 144 159
person 0.1058 0 112 27 139
person 0.0984 0 112 28 286
person 0.0805 142 111 189 162
person 0.0771 0 113 10 136
person 0.0497 0 109 9 124
person 0.0490 495 95 500 135
person 0.0428 113 111 215 341
person 0.0413 180 126 193 146
person 0.0408 2 110 21 123
person 0.0375 480 106 500 214
person 0.0363 443 51 499 382
person 0.0306 415 69 497 149
person 0.0267 105 157 168 275
person 0.0266 127 112 144 141
person 0.0227 480 87 500 383
person 0.0223 491 91 500 156
person 0.0212 19 105 33 123
person 0.0209 487 92 500 177
person 0.0157 0 116 10 172
person 0.0155 147 117 211 227
person 0.0150 178 126 196 162
person 0.0149 312 113 333 165
person 0.0136 378 90 499 373
person 0.0136 29 170 101 230
person 0.0127 15 104 37 128
person 0.0124 0 106 26 127
person 0.0122 1 100 40 215
person 0.0118 481 77 499 162
person 0.0108 392 67 499 231
person 0.0104 0 114 12 251
person 0.0102 8 148 101 247
person 0.0100 -1 36 48 320
person 0.0091 0 88 5 124
person 0.0086 124 111 153 163
person 0.0083 160 135 192 209
person 0.0083 487 138 500 225
person 0.0081 174 115 184 132
person 0.0080 316 118 350 166
person 0.0079 0 103 33 149
person 0.0075 470 77 500 206
person 0.0073 0 198 27 281
person 0.0066 73 92 183 299
person 0.0063 208 65 391 324
person 0.0062 495 74 499 121
person 0.0055 162 106 237 335
person 0.0050 9 99 41 145
person 0.0048 -1 127 14 198
person 0.0047 26 101 40 115
person 0.0043 132 110 199 285
person 0.0042 317 146 366 182
person 0.0041 162 114 194 169
person 0.0039 204 113 212 121
person 0.0039 86 71 260 323
person 0.0037 179 111 238 207
person 0.0037 490 172 500 229
person 0.0036 22 60 225 257
person 0.0035 472 152 500 215
person 0.0034 100 127 181 232
person 0.0034 417 70 480 119
person 0.0033 117 116 178 195
person 0.0031 318 136 345 170
person 0.0031 0 77 4 118
person 0.0030 191 109 238 163
person 0.0025 170 113 187 139
person 0.0024 127 106 137 129
person 0.0024 0 143 10 200
person 0.0023 323 131 339 158
person 0.0022 351 142 373 166
person 0.0022 488 120 500 150
person 0.0021 491 180 500 281
person 0.0020 220 107 232 121
person 0.0020 165 153 207 234
person 0.0020 112 158 163 199
person 0.0017 194 113 217 134
person 0.0017 171 175 221 338
person 0.0016 493 184 500 218
person 0.0016 266 85 456 297
person 0.0016 20 103 32 115
person 0.0016 169 129 187 159
person 0.0016 -1 82 14 128
person 0.0016 208 54 225 73
person 0.0015 486 125 501 164
person 0.0015 330 151 370 176
person 0.0015 494 41 500 133
person 0.0015 323 143 362 167
person 0.0015 18 66 150 212
person 0.0014 11 120 37 145
person 0.0014 191 116 205 131
person 0.0014 189 121 204 145
person 0.0014 0 218 11 264
car 0.0085 418 70 473 100
car 0.0017 0 109 9 124
car 0.0010 495 85 500 128
boat 0.0018 82 334 157 373
bottle 0.0066 116 179 216 334
bottle 0.0040 168 185 225 337
bottle 0.0033 103 160 166 292
bottle 0.0031 495 95 500 135
bottle 0.0022 9 329 59 375
bottle 0.0012 156 124 214 347
bottle 0.0012 -1 348 35 376
chair 0.2169 0 219 28 301
chair 0.1208 330 151 370 176
chair 0.0813 0 259 26 300
chair 0.0703 326 155 375 188
chair 0.0485 329 133 355 152
chair 0.0476 352 143 372 166
chair 0.0299 337 176 381 210
chair 0.0294 331 147 369 166
chair 0.0212 0 120 27 303
chair 0.0193 16 221 30 265
chair 0.0174 317 146 366 182
chair 0.0154 0 242 26 341
chair 0.0144 122 144 137 160
chair 0.0139 349 147 374 178
chair 0.0127 352 188 384 211
chair 0.0116 0 116 29 193
chair 0.0111 419 70 474 99
chair 0.0108 479 129 500 222
chair 0.0096 328 131 371 153
chair 0.0088 351 135 372 151
chair 0.0085 360 136 374 148
chair 0.0078 1 227 28 269
chair 0.0076 207 192 220 224
chair 0.0075 317 164 367 183
chair 0.0069 493 184 500 218
chair 0.0067 490 173 500 211
chair 0.0065 341 163 377 185
chair 0.0064 320 165 379 197
chair 0.0058 186 182 207 223
chair 0.0054 316 165 344 182
chair 0.0050 0 219 114 316
chair 0.0049 0 199 26 264
chair 0.0049 8 156 105 291
chair 0.0045 472 168 499 214
chair 0.0043 0 218 11 264
chair 0.0039 492 164 500 259
chair 0.0037 355 169 379 192
chair 0.0036 195 182 217 222
chair 0.0035 10 200 34 278
chair 0.0033 486 100 500 189
chair 0.0032 357 131 377 156
chair 0.0031 317 150 344 173
chair 0.0031 323 131 339 158
chair 0.0030 180 126 193 146
chair 0.0029 125 124 141 160
chair 0.0029 0 126 9 181
chair 0.0028 479 84 500 354
chair 0.0027 184 169 219 223
chair 0.0026 318 143 384 214
chair 0.0026 320 142 342 166
chair 0.0023 0 220 11 243
chair 0.0023 493 198 500 243
chair 0.0023 -1 51 134 313
chair 0.0021 489 138 500 207
chair 0.0020 352 135 384 183
chair 0.0019 192 161 219 203
chair 0.0018 314 135 350 170
chair 0.0017 0 259 13 299
chair 0.0017 119 266 165 305
chair 0.0016 0 109 9 124
chair 0.0016 -1 234 11 285
chair 0.0016 86 306 151 333
chair 0.0016 1 100 40 215
chair 0.0015 18 232 30 285
chair 0.0015 214 161 241 200
chair 0.0015 488 120 500 150
chair 0.0015 486 125 501 164
chair 0.0015 0 300 24 351
chair 0.0015 0 218 25 246
chair 0.0014 -2 208 187 329
chair 0.0014 28 171 102 247
chair 0.0014 314 140 333 167
chair 0.0013 105 159 170 310
chair 0.0013 354 114 393 165
chair 0.0013 2 228 42 310
chair 0.0012 197 162 237 224
chair 0.0012 193 173 218 192
chair 0.0012 0 114 27 154
chair 0.0012 306 144 341 180
chair 0.0011 359 129 377 144
chair 0.0011 185 119 229 224
chair 0.0011 165 153 207 234
chair 0.0010 0 114 9 154
pottedplant 0.3160 187 110 243 205
pottedplant 0.0118 72 52 364 328
pottedplant 0.0048 191 108 238 164
pottedplant 0.0045 166 102 246 345
pottedplant 0.0043 212 152 243 197
pottedplant 0.0038 174 119 222 226
pottedplant 0.0037 142 110 212 215
pottedplant 0.0035 179 122 218 183
pottedplant 0.0031 184 169 219 223
pottedplant 0.0029 195 161 238 225
pottedplant 0.0026 191 157 220 206
pottedplant 0.0020 84 70 336 230
pottedplant 0.0019 193 161 218 186
pottedplant 0.0019 172 127 260 258
pottedplant 0.0015 208 54 227 74
pottedplant 0.0011 201 147 266 207
pottedplant 0.0010 194 148 218 178
diningtable 0.5323 11 314 246 373
diningtable 0.2110 57 323 189 375
diningtable 0.1334 -3 256 265 372
diningtable 0.0643 326 159 374 185
diningtable 0.0488 120 336 195 375
diningtable 0.0388 74 294 280 374
diningtable 0.0254 337 176 381 210
diningtable 0.0177 330 151 370 176
diningtable 0.0143 319 165 379 197
diningtable 0.0109 0 296 112 373
diningtable 0.0099 27 293 216 344
diningtable 0.0091 331 147 369 166
diningtable 0.0077 21 312 146 363
diningtable 0.0071 41 303 459 371
diningtable 0.0067 328 131 372 153
diningtable 0.0060 -9 275 182 356
diningtable 0.0058 351 142 373 166
diningtable 0.0050 153 328 259 379
diningtable 0.0043 106 173 226 339
diningtable 0.0042 0 278 24 354
diningtable 0.0038 351 182 382 206
diningtable 0.0038 0 305 60 366
diningtable 0.0037 344 166 377 184
diningtable 0.0034 349 147 374 179
diningtable 0.0029 328 130 372 142
diningtable 0.0029 10 169 259 354
diningtable 0.0026 351 135 372 151
diningtable 0.0025 0 285 95 346
diningtable 0.0025 488 120 500 150
diningtable 0.0023 55 318 88 360
diningtable 0.0023 486 100 500 189
diningtable 0.0022 486 125 501 164
diningtable 0.0021 7 328 61 372
diningtable 0.0018 56 236 442 373
diningtable 0.0017 329 133 355 152
diningtable 0.0017 360 136 374 148
diningtable 0.0016 130 324 347 374
diningtable 0.0015 35 347 213 380
diningtable 0.0015 49 323 116 372
diningtable 0.0014 355 168 379 195
diningtable 0.0014 211 102 504 368
diningtable 0.0014 491 174 500 268
diningtable 0.0013 493 198 500 243
diningtable 0.0013 57 262 159 320
diningtable 0.0013 0 259 26 300
diningtable 0.0012 0 343 32 374
diningtable 0.0012 1 248 132 339
diningtable 0.0011 488 151 500 214
diningtable 0.0011 318 143 384 214
diningtable 0.0011 0 243 28 377
diningtable 0.0011 0 254 59 374
diningtable 0.0010 482 121 500 384
diningtable 0.0010 116 281 253 349
diningtable 0.0010 479 129 500 222
diningtable 0.0010 118 265 165 306
tvmonitor 0.0508 418 70 473 100
