person 0.9804 141 18 349 307
person 0.2078 -2 183 176 285
person 0.1335 0 60 176 304
person 0.0063 0 168 168 379
person 0.0059 0 261 90 369
person 0.0041 16 157 348 307
person 0.0023 84 176 280 294
person 0.0018 167 131 390 300
person 0.0016 0 4 280 293
person 0.0015 481 153 500 357
person 0.0012 485 224 500 361
person 0.0010 -9 190 263 327
bottle 0.0175 0 259 87 372
bottle 0.0079 487 321 500 374
bottle 0.0046 451 343 495 373
bottle 0.0012 487 303 500 350
bottle 0.0012 278 328 356 367
bottle 0.0010 485 260 500 364
chair 0.4173 153 127 423 307
chair 0.2889 301 131 431 304
chair 0.0893 127 44 361 300
chair 0.0526 165 173 255 300
chair 0.0100 52 167 457 362
chair 0.0092 84 176 280 294
chair 0.0061 74 260 484 360
chair 0.0048 16 157 348 307
chair 0.0037 175 161 346 273
chair 0.0025 58 -3 298 225
chair 0.0024 117 211 246 310
chair 0.0022 193 165 239 314
chair 0.0018 192 171 220 227
chair 0.0013 185 90 331 188
chair 0.0011 315 7 353 119
chair 0.0010 208 277 460 340
sofa 0.0014 167 131 390 300
diningtable 0.1814 42 253 474 367
diningtable 0.0611 72 311 497 369
diningtable 0.0071 237 326 474 373
diningtable 0.0023 140 271 503 347
diningtable 0.0013 68 306 295 366
diningtable 0.0011 111 142 460 368
diningtable 0.0011 93 325 202 366
diningtable 0.0010 64 265 259 321
