person 0.9730 34 95 217 330
person 0.6930 135 121 286 300
person 0.4765 215 127 344 267
person 0.4193 262 136 489 258
person 0.1793 267 133 325 180
person 0.1154 256 113 292 154
person 0.0814 129 137 375 332
person 0.0747 312 99 484 182
person 0.0682 231 103 425 242
person 0.0608 229 122 327 196
person 0.0605 276 136 309 166
person 0.0338 279 101 395 172
person 0.0310 224 113 291 167
person 0.0277 260 111 332 173
person 0.0228 323 129 462 174
person 0.0224 115 116 214 227
person 0.0212 305 99 396 146
person 0.0199 219 106 365 172
person 0.0167 251 122 380 186
person 0.0111 110 100 394 253
person 0.0108 96 108 230 287
person 0.0104 299 148 496 328
person 0.0093 298 123 454 228
person 0.0088 377 244 499 330
person 0.0081 201 145 280 281
person 0.0074 280 107 306 136
person 0.0069 484 110 500 240
person 0.0068 284 124 321 163
person 0.0067 300 135 327 164
person 0.0063 191 111 296 203
person 0.0062 256 130 374 290
person 0.0050 160 116 322 236
person 0.0046 319 116 382 147
person 0.0045 309 117 371 166
person 0.0042 292 158 419 264
person 0.0041 291 116 421 193
person 0.0035 327 123 372 157
person 0.0034 321 117 418 167
person 0.0031 277 99 315 142
person 0.0029 323 170 503 250
person 0.0027 492 74 500 211
person 0.0027 265 145 321 214
person 0.0025 489 115 500 207
person 0.0025 147 228 369 333
person 0.0024 250 144 299 178
person 0.0023 489 157 500 260
person 0.0023 217 84 442 187
person 0.0023 135 112 517 308
person 0.0023 136 166 234 299
person 0.0022 258 97 335 147
person 0.0021 230 213 402 332
person 0.0020 189 123 249 184
person 0.0020 481 123 500 341
person 0.0019 268 111 318 154
person 0.0019 303 119 361 148
person 0.0019 299 123 326 146
person 0.0019 256 107 310 140
person 0.0018 301 132 325 154
person 0.0018 345 77 518 236
person 0.0018 103 182 266 321
person 0.0018 282 298 360 333
person 0.0017 108 172 174 251
person 0.0017 311 252 475 330
person 0.0016 279 21 509 175
person 0.0015 366 129 498 282
person 0.0015 421 299 434 330
person 0.0015 439 89 500 257
person 0.0014 342 115 398 147
person 0.0014 330 141 486 164
person 0.0014 301 126 340 157
person 0.0013 321 131 379 171
person 0.0013 280 106 304 122
person 0.0013 283 130 303 158
person 0.0013 338 125 363 143
person 0.0012 276 146 311 174
person 0.0012 93 157 159 241
person 0.0012 294 255 377 327
person 0.0012 373 250 386 279
person 0.0011 354 255 433 329
person 0.0011 43 94 209 216
person 0.0011 103 183 154 236
person 0.0010 278 183 344 273
person 0.0010 285 120 302 140
bottle 0.1996 373 240 387 277
bottle 0.0085 376 238 388 252
bottle 0.0060 373 229 390 264
bottle 0.0032 36 114 55 136
bottle 0.0032 247 90 261 112
bottle 0.0019 403 276 416 316
bottle 0.0013 378 222 398 253
bottle 0.0012 256 78 271 109
bottle 0.0010 170 1 179 15
bottle 0.0010 163 0 176 16
chair 0.0370 182 21 233 156
chair 0.0215 363 243 501 333
chair 0.0201 110 188 153 233
chair 0.0060 36 91 213 363
chair 0.0036 379 156 499 265
chair 0.0034 108 172 174 251
chair 0.0033 259 77 293 109
chair 0.0026 488 130 500 211
chair 0.0025 140 22 225 152
chair 0.0025 282 140 501 252
chair 0.0025 307 98 392 145
chair 0.0021 432 107 503 193
chair 0.0020 258 96 401 168
chair 0.0019 147 228 369 333
chair 0.0019 484 110 500 240
chair 0.0017 134 145 283 319
chair 0.0016 490 149 500 252
chair 0.0015 187 60 226 144
chair 0.0014 438 88 500 258
chair 0.0013 283 215 504 333
chair 0.0013 195 130 240 171
chair 0.0012 215 127 344 267
chair 0.0012 451 147 479 176
chair 0.0011 123 142 450 331
chair 0.0010 146 65 273 183
sofa 0.0949 125 137 378 334
sofa 0.0594 258 96 401 168
sofa 0.0493 147 228 369 333
sofa 0.0446 212 130 442 264
sofa 0.0443 377 244 499 330
sofa 0.0270 305 99 396 146
sofa 0.0211 279 141 502 250
sofa 0.0196 135 112 517 308
sofa 0.0163 219 106 365 172
sofa 0.0127 217 84 442 187
sofa 0.0118 371 169 499 327
sofa 0.0110 294 102 461 175
sofa 0.0086 135 120 287 300
sofa 0.0086 36 91 213 363
sofa 0.0058 221 116 347 217
sofa 0.0048 283 215 504 333
sofa 0.0043 365 173 500 252
sofa 0.0042 311 252 475 330
sofa 0.0036 230 213 402 332
sofa 0.0029 110 100 394 253
sofa 0.0018 156 280 354 332
sofa 0.0015 435 96 503 189
sofa 0.0014 409 215 500 300
sofa 0.0013 409 240 500 276
sofa 0.0012 319 116 382 147
sofa 0.0011 303 119 361 148
sofa 0.0010 384 72 499 262
sofa 0.0010 285 253 386 330
pottedplant 0.0053 131 0 168 17
pottedplant 0.0022 163 0 176 16
diningtable 0.0085 377 244 499 330
tvmonitor 0.0947 441 92 500 191
tvmonitor 0.0534 9 28 168 134
tvmonitor 0.0133 392 100 447 141
tvmonitor 0.0081 46 0 128 20
tvmonitor 0.0053 484 104 500 213
tvmonitor 0.0037 230 0 276 11
tvmonitor 0.0035 475 73 500 207
tvmonitor 0.0029 492 74 500 211
tvmonitor 0.0015 47 8 131 23
tvmonitor 0.0014 490 128 500 196
tvmonitor 0.0013 447 88 500 141
tvmonitor 0.0011 491 0 500 20
tvmonitor 0.0011 291 70 331 115
