person 0.0431 4 -7 326 500
person 0.0124 172 2 330 490
person 0.0122 -1 -5 91 502
person 0.0063 251 0 328 27
person 0.0052 241 -1 331 125
person 0.0046 86 319 113 385
person 0.0044 292 1 331 128
person 0.0042 18 -2 310 217
person 0.0029 -1 0 90 168
person 0.0019 181 0 325 25
person 0.0016 158 0 327 120
person 0.0014 231 0 328 261
person 0.0013 0 1 37 164
person 0.0012 290 0 337 29
person 0.0010 157 0 329 44
person 0.0010 255 0 325 51
bicycle 0.4433 6 -1 324 492
bicycle 0.0690 225 0 332 494
bicycle 0.0180 102 241 215 500
bicycle 0.0117 203 239 268 494
bicycle 0.0072 -1 -5 91 502
bicycle 0.0044 11 2 314 250
bicycle 0.0029 197 145 297 500
bicycle 0.0018 24 229 306 506
bicycle 0.0011 174 -4 323 358
car 0.0056 292 1 331 128
car 0.0040 241 -1 331 125
car 0.0032 0 0 37 165
car 0.0020 -1 0 90 168
car 0.0018 18 -2 310 217
car 0.0013 231 0 328 261
motorbike 0.0636 6 -1 324 492
motorbike 0.0073 225 0 332 494
motorbike 0.0020 11 2 314 250
motorbike 0.0011 -1 -5 91 502
dog 0.0033 18 3 295 249
bottle 0.0022 102 240 215 501
bottle 0.0018 11 2 314 250
chair 0.0066 204 246 266 497
