person 0.9321 243 158 422 366
person 0.9198 88 127 197 373
person 0.8305 176 130 310 317
person 0.8136 414 155 441 207
person 0.4213 336 152 371 241
person 0.1821 324 163 412 286
person 0.1802 435 150 454 195
person 0.1161 410 144 430 180
person 0.0870 426 147 452 179
person 0.0781 400 149 416 180
person 0.0701 361 127 397 163
person 0.0649 0 94 12 380
person 0.0446 374 128 401 174
person 0.0415 413 145 436 167
person 0.0395 324 167 359 265
person 0.0375 394 143 438 212
person 0.0328 291 173 382 297
person 0.0293 192 130 284 231
person 0.0289 349 136 366 155
person 0.0204 388 146 411 178
person 0.0185 160 186 322 285
person 0.0174 409 161 426 185
person 0.0158 385 138 443 185
person 0.0157 393 173 433 215
person 0.0135 407 155 432 190
person 0.0130 0 159 12 263
person 0.0128 236 174 359 337
person 0.0124 193 116 221 169
person 0.0119 363 128 422 178
person 0.0118 0 2 24 353
person 0.0115 309 193 336 241
person 0.0101 429 147 447 163
person 0.0098 291 186 346 278
person 0.0093 343 150 373 195
person 0.0090 345 140 361 163
person 0.0079 406 145 454 181
person 0.0077 0 218 13 364
person 0.0075 334 156 405 228
person 0.0070 347 133 457 228
person 0.0062 0 -10 55 364
person 0.0058 399 143 417 169
person 0.0058 0 216 11 248
person 0.0055 334 170 354 253
person 0.0054 338 148 365 179
person 0.0050 382 127 397 142
person 0.0048 416 158 456 222
person 0.0043 355 135 387 167
person 0.0043 203 117 215 155
person 0.0037 176 204 274 264
person 0.0037 306 155 374 246
person 0.0036 393 137 422 176
person 0.0035 144 163 288 354
person 0.0034 57 200 142 347
person 0.0033 361 139 378 163
person 0.0031 393 163 407 179
person 0.0030 285 70 301 103
person 0.0028 381 148 399 176
person 0.0028 341 156 363 209
person 0.0026 272 174 357 259
person 0.0026 0 207 9 312
person 0.0025 328 159 348 173
person 0.0023 415 164 438 236
person 0.0023 385 138 488 226
person 0.0023 211 190 229 249
person 0.0022 487 154 500 171
person 0.0022 333 135 382 182
person 0.0021 362 130 398 192
person 0.0021 0 192 22 358
person 0.0021 382 127 413 165
person 0.0019 0 45 23 237
person 0.0018 328 156 358 226
person 0.0018 266 194 324 272
person 0.0017 391 128 399 140
person 0.0016 474 156 499 187
person 0.0016 372 147 427 218
person 0.0016 381 149 419 193
person 0.0016 376 125 398 147
person 0.0015 346 144 392 203
person 0.0015 -1 210 11 236
person 0.0015 282 161 344 226
person 0.0014 254 200 335 306
person 0.0013 172 227 335 272
person 0.0013 489 141 500 170
person 0.0013 36 142 175 337
person 0.0013 354 165 423 238
person 0.0013 339 182 358 221
person 0.0013 433 144 454 169
person 0.0012 46 194 118 282
person 0.0012 77 110 419 208
person 0.0012 290 187 307 245
person 0.0012 22 123 111 311
person 0.0012 0 112 7 255
person 0.0011 97 128 338 249
person 0.0011 185 151 329 242
person 0.0011 380 152 445 240
person 0.0011 423 166 451 195
person 0.0011 29 194 106 341
person 0.0011 396 167 422 196
person 0.0010 359 197 445 352
person 0.0010 491 189 500 214
bicycle 0.1791 359 125 398 164
bicycle 0.0732 369 129 413 177
bicycle 0.0559 385 138 443 185
bicycle 0.0208 376 130 400 173
bicycle 0.0169 357 127 435 186
bicycle 0.0127 367 134 393 167
bicycle 0.0100 394 143 438 212
bicycle 0.0098 387 145 412 179
bicycle 0.0069 399 148 417 180
bicycle 0.0048 333 137 416 221
bicycle 0.0037 349 136 367 156
bicycle 0.0035 410 145 453 181
bicycle 0.0034 396 138 420 173
bicycle 0.0029 361 139 378 163
bicycle 0.0021 347 133 457 228
bicycle 0.0019 381 148 399 176
bicycle 0.0019 382 127 397 142
bicycle 0.0017 363 125 396 148
bicycle 0.0016 387 129 406 161
bicycle 0.0014 0 208 9 351
bicycle 0.0012 362 130 398 192
bicycle 0.0010 345 114 405 173
bicycle 0.0010 338 137 373 179
motorbike 0.0642 359 125 398 164
motorbike 0.0074 369 129 413 177
motorbike 0.0036 385 138 443 185
motorbike 0.0030 357 127 435 186
motorbike 0.0024 367 134 393 167
motorbike 0.0020 349 136 367 156
motorbike 0.0019 376 130 400 173
boat 0.0012 393 171 433 216
boat 0.0010 391 142 440 213
bottle 0.9838 163 333 185 375
bottle 0.9431 212 195 224 246
bottle 0.9043 278 197 291 238
bottle 0.7394 231 212 242 250
bottle 0.5825 293 188 307 237
bottle 0.3270 305 213 319 245
bottle 0.3117 220 223 233 253
bottle 0.1632 294 188 305 217
bottle 0.1005 217 194 231 248
bottle 0.0864 240 214 253 245
bottle 0.0351 292 215 308 246
bottle 0.0286 231 210 241 232
bottle 0.0244 197 210 213 234
bottle 0.0231 289 201 300 239
bottle 0.0204 222 193 228 211
bottle 0.0181 221 194 229 229
bottle 0.0178 205 187 235 253
bottle 0.0168 244 215 262 241
bottle 0.0114 288 216 303 243
bottle 0.0113 305 195 320 229
bottle 0.0109 327 228 341 254
bottle 0.0099 197 208 253 258
bottle 0.0087 226 206 245 241
bottle 0.0085 238 228 245 248
bottle 0.0083 289 188 301 215
bottle 0.0072 285 184 312 249
bottle 0.0070 296 187 305 202
bottle 0.0067 231 209 240 218
bottle 0.0061 214 193 223 214
bottle 0.0049 176 127 305 310
bottle 0.0046 304 230 319 248
bottle 0.0046 265 223 299 255
bottle 0.0042 197 205 213 220
bottle 0.0037 280 193 290 213
bottle 0.0035 306 194 318 211
bottle 0.0033 273 208 295 249
bottle 0.0033 211 232 221 247
bottle 0.0030 269 196 282 226
bottle 0.0029 176 204 274 264
bottle 0.0028 246 214 260 230
bottle 0.0028 261 188 304 247
bottle 0.0027 187 360 204 373
bottle 0.0025 255 218 271 241
bottle 0.0024 160 186 322 285
bottle 0.0021 309 193 336 241
bottle 0.0017 238 213 256 231
bottle 0.0016 175 191 196 225
bottle 0.0016 318 232 327 248
bottle 0.0016 281 270 290 282
bottle 0.0015 323 208 342 253
bottle 0.0015 333 215 350 246
bottle 0.0014 235 222 249 255
bottle 0.0013 266 208 281 235
bottle 0.0013 331 225 352 256
bottle 0.0012 401 159 415 182
bottle 0.0011 197 198 214 228
chair 0.7458 225 322 402 375
chair 0.6905 360 241 455 373
chair 0.4218 57 200 142 347
chair 0.1748 474 212 500 258
chair 0.1497 0 218 13 364
chair 0.1373 80 237 161 362
chair 0.1196 85 131 196 368
chair 0.1100 25 234 99 379
chair 0.0940 432 197 463 245
chair 0.0855 414 218 435 258
chair 0.0777 435 150 454 195
chair 0.0560 52 204 110 295
chair 0.0528 438 311 500 376
chair 0.0283 0 217 10 260
chair 0.0279 0 207 9 312
chair 0.0269 67 226 111 356
chair 0.0222 416 200 436 240
chair 0.0206 252 250 455 373
chair 0.0197 416 192 452 246
chair 0.0176 488 184 500 259
chair 0.0168 417 159 454 205
chair 0.0142 0 94 12 380
chair 0.0141 431 235 449 250
chair 0.0140 410 217 432 280
chair 0.0121 414 157 441 223
chair 0.0120 0 206 23 353
chair 0.0112 0 237 7 375
chair 0.0107 280 160 346 204
chair 0.0099 333 184 355 256
chair 0.0095 387 209 441 342
chair 0.0095 423 166 451 195
chair 0.0094 339 221 356 260
chair 0.0090 57 199 109 237
chair 0.0089 410 143 430 181
chair 0.0089 331 225 352 256
chair 0.0081 337 167 359 270
chair 0.0079 427 147 451 178
chair 0.0073 433 176 462 228
chair 0.0070 491 189 500 214
chair 0.0066 475 165 500 260
chair 0.0063 49 248 125 369
chair 0.0063 409 161 426 185
chair 0.0063 333 215 350 246
chair 0.0062 217 290 232 307
chair 0.0061 411 238 443 309
chair 0.0057 488 178 500 225
chair 0.0053 428 157 467 240
chair 0.0051 339 203 356 239
chair 0.0050 176 127 305 310
chair 0.0048 217 294 236 317
chair 0.0044 168 211 324 297
chair 0.0044 283 183 299 202
chair 0.0043 404 228 457 357
chair 0.0040 434 166 456 215
chair 0.0039 400 149 416 180
chair 0.0036 335 188 350 216
chair 0.0036 407 155 432 190
chair 0.0036 0 288 6 362
chair 0.0034 67 201 109 221
chair 0.0034 103 283 153 349
chair 0.0033 80 248 120 347
chair 0.0033 416 182 437 222
chair 0.0032 427 200 449 239
chair 0.0032 289 187 302 217
chair 0.0031 477 150 500 203
chair 0.0031 335 234 353 262
chair 0.0031 449 184 500 252
chair 0.0029 444 205 464 251
chair 0.0028 492 216 500 260
chair 0.0027 72 248 97 345
chair 0.0027 393 173 433 215
chair 0.0027 196 158 284 233
chair 0.0027 329 162 347 178
chair 0.0026 353 198 429 271
chair 0.0026 88 291 157 376
chair 0.0025 429 233 449 262
chair 0.0025 144 163 288 354
chair 0.0025 414 154 439 195
chair 0.0025 373 333 422 374
chair 0.0025 -1 192 12 252
chair 0.0024 450 155 496 196
chair 0.0023 22 290 94 367
chair 0.0022 388 146 411 178
chair 0.0022 175 191 196 225
chair 0.0022 434 192 461 213
chair 0.0022 426 175 445 205
chair 0.0022 93 262 126 352
chair 0.0020 327 228 341 254
chair 0.0020 278 164 432 364
chair 0.0019 94 203 185 342
chair 0.0019 487 154 500 171
chair 0.0019 438 162 473 198
chair 0.0018 97 258 144 338
chair 0.0018 0 242 6 314
chair 0.0018 188 191 202 211
chair 0.0017 36 142 175 337
chair 0.0017 -1 210 11 236
chair 0.0017 435 242 500 378
chair 0.0016 485 169 500 210
chair 0.0016 402 157 437 207
sofa 0.0029 36 205 102 300
sofa 0.0025 0 198 12 352
sofa 0.0021 281 160 344 204
sofa 0.0011 26 190 106 362
pottedplant 0.1188 309 194 337 244
pottedplant 0.0309 35 189 107 290
pottedplant 0.0162 22 123 111 311
pottedplant 0.0132 1 -6 124 367
pottedplant 0.0110 27 163 106 234
pottedplant 0.0101 323 208 342 253
pottedplant 0.0095 304 193 322 232
pottedplant 0.0054 306 206 320 239
pottedplant 0.0035 280 160 346 204
pottedplant 0.0032 298 190 340 272
pottedplant 0.0029 316 217 330 243
pottedplant 0.0028 11 170 93 342
pottedplant 0.0024 306 194 318 211
pottedplant 0.0024 45 189 80 216
pottedplant 0.0024 27 215 100 370
pottedplant 0.0022 300 185 322 221
pottedplant 0.0022 46 200 64 223
pottedplant 0.0022 55 173 111 216
pottedplant 0.0021 46 180 96 222
pottedplant 0.0016 57 200 142 347
pottedplant 0.0015 285 70 301 103
pottedplant 0.0015 295 65 306 91
pottedplant 0.0015 77 185 104 202
pottedplant 0.0015 309 190 335 217
pottedplant 0.0014 327 228 341 254
pottedplant 0.0013 57 199 109 237
pottedplant 0.0013 347 133 457 228
pottedplant 0.0012 44 200 65 240
pottedplant 0.0012 47 195 72 226
pottedplant 0.0011 73 183 93 202
pottedplant 0.0011 318 194 340 231
pottedplant 0.0011 42 137 125 258
pottedplant 0.0011 272 174 357 259
pottedplant 0.0010 0 94 12 380
pottedplant 0.0010 44 185 79 256
pottedplant 0.0010 70 177 110 205
diningtable 0.6935 160 231 325 367
diningtable 0.3762 177 132 310 313
diningtable 0.2675 168 211 324 297
diningtable 0.0562 151 242 338 274
diningtable 0.0197 393 173 433 215
diningtable 0.0166 190 236 280 262
diningtable 0.0083 221 237 307 260
diningtable 0.0074 0 218 13 364
diningtable 0.0070 280 160 346 204
diningtable 0.0068 176 204 274 264
diningtable 0.0044 259 238 305 256
diningtable 0.0040 413 154 443 208
diningtable 0.0039 220 223 233 254
diningtable 0.0035 227 171 348 289
diningtable 0.0033 197 208 253 258
diningtable 0.0032 25 166 109 264
diningtable 0.0030 256 220 305 258
diningtable 0.0028 394 143 438 212
diningtable 0.0025 183 254 263 367
diningtable 0.0022 22 123 111 311
diningtable 0.0021 144 163 288 354
diningtable 0.0020 266 194 324 272
diningtable 0.0020 96 144 222 328
diningtable 0.0020 412 146 440 177
diningtable 0.0019 279 198 312 265
diningtable 0.0018 170 248 320 287
diningtable 0.0018 431 198 463 243
diningtable 0.0017 60 201 106 222
diningtable 0.0015 406 188 431 214
diningtable 0.0015 427 147 451 178
diningtable 0.0015 433 152 457 195
diningtable 0.0015 269 235 299 252
diningtable 0.0014 216 218 293 263
diningtable 0.0014 0 217 10 260
diningtable 0.0014 396 167 422 196
diningtable 0.0014 491 189 500 214
diningtable 0.0014 239 229 288 254
diningtable 0.0013 347 151 437 239
diningtable 0.0013 416 200 435 240
diningtable 0.0013 254 200 335 306
diningtable 0.0012 402 185 435 236
diningtable 0.0012 490 188 500 254
diningtable 0.0011 56 197 110 239
diningtable 0.0011 326 227 341 254
diningtable 0.0011 406 145 454 181
diningtable 0.0010 223 220 263 258
diningtable 0.0010 243 239 286 257
diningtable 0.0010 212 195 429 380
diningtable 0.0010 -1 13 127 336
tvmonitor 0.0032 223 1 270 54
