train 0.0010 42 212 216 377
train 0.0010 13 -25 480 333
bird 0.0010 199 108 210 118
chair 0.7272 285 185 397 288
chair 0.3295 252 165 304 235
chair 0.2054 58 216 221 373
chair 0.1391 460 207 487 256
chair 0.1371 292 185 340 211
chair 0.1326 280 163 303 184
chair 0.0895 252 161 279 179
chair 0.0550 336 211 400 287
chair 0.0494 285 187 343 249
chair 0.0458 254 164 301 196
chair 0.0457 314 169 328 190
chair 0.0387 407 239 491 370
chair 0.0379 192 166 315 231
chair 0.0358 180 169 215 229
chair 0.0278 254 145 278 179
chair 0.0270 36 215 63 257
chair 0.0229 54 27 442 346
chair 0.0196 240 246 359 363
chair 0.0190 358 191 379 208
chair 0.0169 114 163 384 272
chair 0.0149 210 170 238 180
chair 0.0149 228 186 290 236
chair 0.0148 65 213 217 298
chair 0.0145 302 171 317 189
chair 0.0142 242 164 268 180
chair 0.0125 180 169 200 191
chair 0.0122 243 242 351 311
chair 0.0118 131 232 215 309
chair 0.0117 277 163 310 192
chair 0.0113 183 169 206 213
chair 0.0112 198 168 244 229
chair 0.0108 356 169 385 211
chair 0.0108 216 169 348 262
chair 0.0106 179 184 196 223
chair 0.0105 264 178 328 219
chair 0.0103 50 219 160 286
chair 0.0094 211 164 304 197
chair 0.0092 292 171 314 190
chair 0.0091 291 160 313 186
chair 0.0086 246 295 345 374
chair 0.0086 406 166 493 297
chair 0.0085 175 176 202 224
chair 0.0083 259 140 285 167
chair 0.0080 180 157 212 193
chair 0.0079 111 251 217 375
chair 0.0075 118 97 448 282
chair 0.0070 64 232 118 284
chair 0.0069 298 191 406 250
chair 0.0066 301 159 322 188
chair 0.0062 256 137 288 183
chair 0.0060 177 165 235 237
chair 0.0060 328 208 395 252
chair 0.0059 318 189 343 211
chair 0.0057 212 176 278 228
chair 0.0056 33 147 397 381
chair 0.0055 113 250 178 305
chair 0.0054 345 194 405 237
chair 0.0050 140 149 283 239
chair 0.0048 253 201 292 238
chair 0.0044 126 259 196 317
chair 0.0043 415 196 486 275
chair 0.0043 292 203 370 256
chair 0.0042 88 224 169 276
chair 0.0042 451 169 488 252
chair 0.0041 205 168 228 179
chair 0.0041 257 185 291 202
chair 0.0040 178 160 202 187
chair 0.0039 399 107 495 354
chair 0.0035 274 138 286 167
chair 0.0033 278 168 309 214
chair 0.0033 207 172 241 187
chair 0.0030 194 195 237 238
chair 0.0029 208 191 383 345
chair 0.0029 206 129 455 255
chair 0.0029 285 181 304 201
chair 0.0028 296 158 335 199
chair 0.0027 260 188 287 212
chair 0.0027 285 196 322 259
chair 0.0027 195 175 216 209
chair 0.0026 313 209 331 234
chair 0.0026 311 216 332 245
chair 0.0025 6 217 162 373
chair 0.0023 274 190 332 279
chair 0.0023 284 180 320 204
chair 0.0022 103 242 156 278
chair 0.0022 66 170 277 295
chair 0.0021 271 142 291 181
chair 0.0021 0 335 9 374
chair 0.0020 394 -6 500 300
chair 0.0020 223 170 244 180
chair 0.0020 12 167 185 279
chair 0.0020 113 213 214 262
chair 0.0019 294 181 376 217
chair 0.0019 145 242 168 259
chair 0.0018 230 65 495 316
chair 0.0018 210 176 278 188
chair 0.0017 289 155 313 172
chair 0.0017 8 220 126 291
chair 0.0016 115 244 144 276
chair 0.0016 172 153 205 206
sofa 0.4227 58 216 221 372
sofa 0.0385 407 239 491 370
sofa 0.0325 281 198 400 297
sofa 0.0124 65 213 217 298
sofa 0.0108 460 206 486 258
sofa 0.0102 111 251 217 375
sofa 0.0100 243 245 358 334
sofa 0.0098 406 166 493 297
sofa 0.0086 113 250 178 305
sofa 0.0057 126 259 196 317
sofa 0.0048 50 219 160 286
sofa 0.0048 30 155 461 372
sofa 0.0045 6 217 162 373
sofa 0.0045 399 107 495 354
sofa 0.0043 131 232 215 309
sofa 0.0041 451 169 488 252
sofa 0.0041 415 196 486 275
sofa 0.0017 252 163 309 240
sofa 0.0013 334 205 403 276
sofa 0.0012 250 161 280 179
sofa 0.0011 60 229 118 280
sofa 0.0010 246 295 345 374
pottedplant 0.8366 -3 249 134 372
pottedplant 0.5993 201 140 232 169
pottedplant 0.1894 105 165 138 222
pottedplant 0.1686 194 195 237 238
pottedplant 0.1511 33 167 63 224
pottedplant 0.1340 167 122 181 149
pottedplant 0.1144 165 66 193 130
pottedplant 0.1097 179 159 201 171
pottedplant 0.1091 9 159 50 229
pottedplant 0.0955 63 166 83 200
pottedplant 0.0698 358 169 380 209
pottedplant 0.0655 58 154 88 208
pottedplant 0.0641 182 159 206 186
pottedplant 0.0621 7 126 107 251
pottedplant 0.0535 448 165 489 237
pottedplant 0.0509 52 134 142 246
pottedplant 0.0507 89 135 132 222
pottedplant 0.0424 56 132 84 178
pottedplant 0.0415 260 78 329 159
pottedplant 0.0409 34 150 97 244
pottedplant 0.0379 56 158 113 241
pottedplant 0.0376 446 200 464 242
pottedplant 0.0371 33 165 51 203
pottedplant 0.0350 39 175 61 210
pottedplant 0.0314 372 170 412 223
pottedplant 0.0314 0 265 22 369
pottedplant 0.0307 25 142 67 221
pottedplant 0.0297 445 164 466 240
pottedplant 0.0253 60 131 82 161
pottedplant 0.0251 6 120 54 166
pottedplant 0.0240 2 125 59 250
pottedplant 0.0240 359 57 417 168
pottedplant 0.0238 175 183 236 245
pottedplant 0.0235 179 184 196 223
pottedplant 0.0234 256 108 273 145
pottedplant 0.0229 181 144 192 163
pottedplant 0.0226 358 191 379 208
pottedplant 0.0222 104 116 118 148
pottedplant 0.0218 218 153 232 171
pottedplant 0.0197 90 164 112 202
pottedplant 0.0195 102 114 137 213
pottedplant 0.0187 183 140 230 178
pottedplant 0.0173 31 122 58 165
pottedplant 0.0165 255 82 299 152
pottedplant 0.0162 162 73 192 204
pottedplant 0.0152 76 157 141 231
pottedplant 0.0150 356 163 474 233
pottedplant 0.0150 163 125 179 158
pottedplant 0.0149 254 145 278 179
pottedplant 0.0148 175 176 202 224
pottedplant 0.0147 461 207 486 256
pottedplant 0.0135 81 123 164 236
pottedplant 0.0133 104 115 115 138
pottedplant 0.0131 191 153 224 172
pottedplant 0.0128 140 149 283 239
pottedplant 0.0126 180 186 212 234
pottedplant 0.0125 213 148 235 174
pottedplant 0.0123 167 65 202 105
pottedplant 0.0119 0 282 58 373
pottedplant 0.0119 128 79 223 208
pottedplant 0.0117 28 169 67 253
pottedplant 0.0112 99 127 123 201
pottedplant 0.0111 203 167 231 181
pottedplant 0.0111 -5 99 187 273
pottedplant 0.0111 365 186 412 241
pottedplant 0.0111 227 186 260 231
pottedplant 0.0106 0 284 12 369
pottedplant 0.0105 94 179 112 222
pottedplant 0.0104 192 206 224 234
pottedplant 0.0104 117 167 306 281
pottedplant 0.0102 365 170 393 209
pottedplant 0.0099 195 143 222 167
pottedplant 0.0095 11 73 420 303
pottedplant 0.0092 84 170 96 197
pottedplant 0.0090 364 202 410 224
pottedplant 0.0089 27 124 64 192
pottedplant 0.0080 254 90 275 150
pottedplant 0.0079 0 279 10 334
pottedplant 0.0073 96 175 122 224
pottedplant 0.0072 459 177 490 211
pottedplant 0.0072 187 162 226 184
pottedplant 0.0071 169 128 199 190
pottedplant 0.0069 64 168 96 212
pottedplant 0.0069 440 187 471 246
pottedplant 0.0067 256 142 277 166
pottedplant 0.0067 313 157 328 169
pottedplant 0.0066 385 175 409 212
pottedplant 0.0060 58 165 88 240
pottedplant 0.0059 180 140 211 169
pottedplant 0.0058 113 80 306 222
pottedplant 0.0058 172 153 205 206
pottedplant 0.0058 35 123 312 249
pottedplant 0.0056 230 80 350 202
pottedplant 0.0055 9 168 22 197
pottedplant 0.0055 44 175 79 207
pottedplant 0.0055 105 120 131 186
pottedplant 0.0054 351 169 373 195
pottedplant 0.0054 449 164 461 201
pottedplant 0.0053 88 144 117 202
pottedplant 0.0052 12 118 77 206
diningtable 0.3143 210 176 278 188
diningtable 0.3014 407 239 491 370
diningtable 0.2392 207 175 276 226
diningtable 0.1259 204 171 278 194
diningtable 0.0615 246 245 353 307
diningtable 0.0469 240 246 359 363
diningtable 0.0321 207 172 241 187
diningtable 0.0308 182 159 206 186
diningtable 0.0292 293 190 406 284
diningtable 0.0236 202 166 233 181
diningtable 0.0210 210 170 238 180
diningtable 0.0190 287 187 341 211
diningtable 0.0165 192 166 315 231
diningtable 0.0147 218 162 298 197
diningtable 0.0131 361 205 400 220
diningtable 0.0122 179 159 201 171
diningtable 0.0116 228 186 290 236
diningtable 0.0112 227 186 260 231
diningtable 0.0109 249 165 302 238
diningtable 0.0091 319 206 400 219
diningtable 0.0083 180 169 200 191
diningtable 0.0079 194 163 247 197
diningtable 0.0077 187 169 281 182
diningtable 0.0070 333 205 403 276
diningtable 0.0063 326 208 396 236
diningtable 0.0061 186 162 226 184
diningtable 0.0049 192 166 222 180
diningtable 0.0047 281 193 400 231
diningtable 0.0045 238 163 275 181
diningtable 0.0042 198 167 244 231
diningtable 0.0039 200 154 281 207
diningtable 0.0036 286 184 317 198
diningtable 0.0035 345 194 405 237
diningtable 0.0033 299 207 404 252
diningtable 0.0033 283 181 321 205
diningtable 0.0026 184 170 205 212
diningtable 0.0025 313 157 328 169
diningtable 0.0024 289 155 313 172
diningtable 0.0024 304 155 322 173
diningtable 0.0023 262 254 307 300
diningtable 0.0021 358 171 380 208
diningtable 0.0020 338 206 380 217
diningtable 0.0019 410 191 489 317
diningtable 0.0019 67 215 215 372
diningtable 0.0016 286 184 339 242
diningtable 0.0016 244 175 280 187
diningtable 0.0016 301 159 322 188
diningtable 0.0016 191 172 222 189
diningtable 0.0015 114 163 384 272
diningtable 0.0015 254 164 301 196
diningtable 0.0015 223 170 244 180
diningtable 0.0015 179 154 219 197
diningtable 0.0014 246 295 345 374
diningtable 0.0014 251 161 280 179
diningtable 0.0014 280 163 303 184
diningtable 0.0013 257 185 291 202
diningtable 0.0013 224 185 249 220
diningtable 0.0012 353 206 385 214
diningtable 0.0012 200 172 234 210
diningtable 0.0012 357 190 379 209
diningtable 0.0011 70 94 426 283
diningtable 0.0011 180 169 215 229
diningtable 0.0011 260 170 326 233
diningtable 0.0011 291 160 313 186
diningtable 0.0010 238 167 256 181
diningtable 0.0010 462 177 489 210
diningtable 0.0010 275 166 312 215
diningtable 0.0010 412 237 483 302
diningtable 0.0010 295 172 313 189
