person 0.8984 214 143 409 373
person 0.8517 86 150 282 371
person 0.5559 79 181 203 364
person 0.2181 139 193 194 306
person 0.1522 0 315 24 376
person 0.1199 482 186 500 368
person 0.0718 -2 215 187 372
person 0.0597 0 309 88 373
person 0.0587 -1 243 95 373
person 0.0396 0 168 21 379
person 0.0218 0 88 104 372
person 0.0205 482 142 500 290
person 0.0172 319 145 407 373
person 0.0152 0 168 62 376
person 0.0152 18 55 115 212
person 0.0128 449 186 500 366
person 0.0104 0 147 17 284
person 0.0088 0 259 26 376
person 0.0087 342 150 369 243
person 0.0080 484 190 500 249
person 0.0072 1 59 172 335
person 0.0071 476 97 500 377
person 0.0068 0 359 14 374
person 0.0067 102 228 148 278
person 0.0067 118 153 232 324
person 0.0065 0 232 11 365
person 0.0062 0 72 28 400
person 0.0058 93 214 155 336
person 0.0055 76 260 177 366
person 0.0054 0 351 25 378
person 0.0052 -1 302 183 372
person 0.0045 0 331 14 376
person 0.0038 0 312 47 378
person 0.0034 0 281 15 375
person 0.0033 447 13 499 380
person 0.0029 75 232 139 354
person 0.0025 112 233 139 268
person 0.0025 0 224 15 293
person 0.0024 392 168 500 374
person 0.0022 0 217 15 263
person 0.0022 0 365 14 379
person 0.0020 55 299 152 368
person 0.0019 -1 167 16 237
person 0.0018 0 78 65 316
person 0.0016 183 224 194 242
person 0.0016 -1 277 48 357
person 0.0015 340 153 478 378
person 0.0014 0 358 15 387
person 0.0014 4 101 340 365
person 0.0014 301 171 374 342
person 0.0013 145 197 192 264
person 0.0012 26 142 225 337
person 0.0011 0 92 18 226
person 0.0011 0 285 6 330
person 0.0010 100 297 183 370
car 0.0014 0 236 15 263
bus 0.0022 29 13 465 354
bus 0.0021 333 16 497 369
bus 0.0011 99 148 295 370
train 0.0116 332 0 496 379
train 0.0051 29 13 465 354
train 0.0016 99 148 295 370
bottle 0.0125 112 233 139 268
bottle 0.0016 101 297 119 318
bottle 0.0014 92 293 112 322
chair 0.0194 0 309 88 373
chair 0.0055 0 314 22 377
chair 0.0036 -1 243 95 373
chair 0.0030 357 221 447 373
chair 0.0018 482 203 500 372
chair 0.0012 396 327 407 369
sofa 0.0028 0 304 86 373
tvmonitor 0.0019 101 3 125 68
