person 0.4968 297 144 312 156
person 0.2828 303 145 315 157
person 0.1801 286 144 302 155
person 0.0867 261 145 272 157
person 0.0721 266 144 277 156
person 0.0318 316 149 326 156
person 0.0282 279 145 292 155
person 0.0111 252 154 263 168
person 0.0084 291 143 316 159
person 0.0077 255 151 271 168
person 0.0062 281 142 306 159
person 0.0054 304 148 316 170
person 0.0043 337 158 346 167
person 0.0035 297 147 312 170
person 0.0030 315 152 324 164
person 0.0019 262 147 284 171
person 0.0017 253 145 294 174
person 0.0017 287 141 301 150
person 0.0015 296 142 308 150
person 0.0014 233 149 277 173
person 0.0010 274 150 293 170
person 0.0010 298 145 321 173
person 0.0010 348 158 358 168
aeroplane 0.9966 119 131 429 205
