person 0.0019 0 49 3 87
person 0.0015 0 56 4 97
person 0.0011 0 47 6 107
person 0.0011 473 16 500 302
bicycle 0.5883 76 109 356 273
bicycle 0.0635 207 104 378 294
bicycle 0.0389 79 135 248 254
bicycle 0.0048 79 181 210 251
bicycle 0.0043 210 181 358 287
bicycle 0.0029 97 112 310 209
bicycle 0.0027 168 120 272 192
bicycle 0.0025 11 114 498 316
bicycle 0.0022 194 125 243 184
bicycle 0.0020 146 146 333 282
bicycle 0.0018 160 99 356 218
bicycle 0.0017 203 105 313 176
bicycle 0.0014 185 120 296 232
bicycle 0.0013 131 133 236 227
bicycle 0.0012 82 197 323 268
bicycle 0.0010 241 127 352 268
car 0.0138 215 97 501 300
car 0.0044 379 100 500 303
car 0.0016 110 104 363 287
motorbike 0.4007 76 109 356 273
motorbike 0.0042 145 133 419 295
motorbike 0.0041 79 135 248 254
motorbike 0.0017 11 114 498 316
motorbike 0.0014 79 181 210 251
chair 0.0096 390 116 500 307
tvmonitor 0.0084 383 116 500 309
