person 0.7007 214 134 433 305
person 0.6662 0 -4 279 372
person 0.2460 290 151 421 288
person 0.0253 0 -6 173 290
person 0.0203 141 134 452 376
person 0.0078 -1 221 284 373
person 0.0068 259 202 332 306
person 0.0053 93 0 229 282
person 0.0025 -1 -1 58 369
person 0.0023 0 177 55 355
person 0.0019 0 249 54 333
dog 0.0011 208 128 421 306
horse 0.0010 207 112 425 391
chair 0.5858 97 2 228 234
chair 0.2016 30 -8 287 376
chair 0.1852 141 134 452 376
chair 0.0326 -3 -4 176 312
chair 0.0106 214 134 433 305
chair 0.0079 97 98 226 294
chair 0.0051 100 150 224 240
chair 0.0044 0 0 28 49
chair 0.0044 0 177 55 355
chair 0.0040 0 15 57 342
chair 0.0037 99 80 196 161
chair 0.0033 288 161 421 296
chair 0.0031 107 19 218 146
chair 0.0025 -1 221 284 373
chair 0.0024 0 242 118 374
chair 0.0020 0 249 54 333
chair 0.0017 132 98 266 369
chair 0.0016 244 124 433 230
chair 0.0016 0 86 138 365
chair 0.0013 23 0 394 233
chair 0.0012 0 0 55 49
chair 0.0012 246 179 284 221
chair 0.0012 1 -3 181 155
chair 0.0012 106 205 222 268
chair 0.0010 166 190 390 353
chair 0.0010 95 174 192 225
sofa 0.0042 207 112 425 391
sofa 0.0021 243 156 429 305
