person 0.9123 252 47 499 372
person 0.8935 60 0 287 378
person 0.1117 39 19 480 370
person 0.0021 483 138 500 374
person 0.0019 495 138 499 342
person 0.0015 496 138 499 154
chair 0.0384 376 150 500 364
chair 0.0133 28 85 491 364
chair 0.0108 254 94 496 373
chair 0.0081 483 138 500 374
chair 0.0061 -2 136 176 371
chair 0.0058 76 140 148 208
chair 0.0039 0 98 28 255
chair 0.0035 0 229 94 370
chair 0.0035 4 13 277 363
chair 0.0024 48 112 158 257
chair 0.0021 0 8 47 261
chair 0.0014 11 225 497 368
chair 0.0011 -24 180 313 368
chair 0.0010 447 149 501 364
sofa 0.1473 18 164 496 368
sofa 0.0417 384 155 500 370
sofa 0.0205 0 227 94 370
sofa 0.0101 256 65 492 361
sofa 0.0048 0 144 121 366
sofa 0.0034 32 2 490 316
sofa 0.0031 -20 219 312 369
sofa 0.0024 483 138 500 374
sofa 0.0011 66 63 290 362
diningtable 0.0018 0 3 31 240
diningtable 0.0011 377 150 500 360
diningtable 0.0010 428 332 500 377
