person 0.0024 0 161 53 282
person 0.0016 0 239 280 378
bicycle 0.0033 256 150 290 180
boat 0.0010 274 64 314 77
bird 0.0013 257 150 289 180
cat 0.0012 115 167 161 196
bottle 0.0724 268 193 277 209
bottle 0.0123 287 195 295 210
bottle 0.0088 257 192 272 209
bottle 0.0086 273 216 287 231
bottle 0.0074 127 129 137 137
bottle 0.0061 125 194 132 210
bottle 0.0051 197 68 228 103
bottle 0.0050 143 129 154 138
bottle 0.0048 264 190 280 210
bottle 0.0047 296 107 311 141
bottle 0.0029 257 177 289 206
bottle 0.0024 315 200 322 216
bottle 0.0022 277 198 292 209
bottle 0.0018 257 211 271 229
bottle 0.0016 114 129 122 136
bottle 0.0014 228 207 236 230
bottle 0.0011 254 193 260 205
bottle 0.0011 127 140 134 170
bottle 0.0010 217 206 234 230
chair 0.7135 417 249 500 374
chair 0.3276 0 239 280 378
chair 0.2615 257 175 290 208
chair 0.2587 336 177 373 250
chair 0.1478 299 168 323 191
chair 0.0972 0 235 24 354
chair 0.0820 286 190 322 215
chair 0.0684 112 168 162 197
chair 0.0516 99 239 217 304
chair 0.0342 257 152 292 200
chair 0.0304 293 179 332 216
chair 0.0271 268 193 277 209
chair 0.0206 474 250 500 375
chair 0.0194 183 180 225 215
chair 0.0188 268 178 295 203
chair 0.0175 290 201 320 217
chair 0.0151 264 190 280 210
chair 0.0150 297 175 371 220
chair 0.0142 286 182 321 203
chair 0.0141 257 192 272 209
chair 0.0122 338 174 379 210
chair 0.0116 277 198 292 209
chair 0.0103 4 239 49 295
chair 0.0100 315 198 322 212
chair 0.0099 216 203 235 226
chair 0.0096 252 201 316 224
chair 0.0094 278 186 363 240
chair 0.0094 255 189 288 211
chair 0.0079 321 181 364 240
chair 0.0078 343 176 402 246
chair 0.0078 339 176 359 208
chair 0.0075 265 192 303 213
chair 0.0074 253 179 333 205
chair 0.0071 0 235 10 303
chair 0.0067 262 163 284 181
chair 0.0065 305 192 334 215
chair 0.0057 293 168 351 194
chair 0.0054 294 165 312 185
chair 0.0054 339 187 364 235
chair 0.0051 -2 184 53 325
chair 0.0051 287 195 295 210
chair 0.0050 313 198 325 219
chair 0.0049 418 296 479 376
chair 0.0048 -1 281 26 375
chair 0.0047 339 182 349 204
chair 0.0046 255 172 307 197
chair 0.0045 257 175 273 191
chair 0.0044 0 210 12 249
chair 0.0043 234 159 324 236
chair 0.0041 266 176 297 191
chair 0.0040 337 199 351 221
chair 0.0036 288 162 319 203
chair 0.0035 474 325 500 373
chair 0.0033 0 247 6 271
chair 0.0033 257 161 270 182
chair 0.0032 321 176 363 209
chair 0.0031 298 151 323 169
chair 0.0031 336 188 351 215
chair 0.0031 0 234 51 366
chair 0.0030 288 174 301 188
chair 0.0029 437 320 499 376
chair 0.0028 240 173 291 219
chair 0.0028 303 193 361 227
chair 0.0028 342 171 355 194
chair 0.0026 291 165 300 183
chair 0.0026 -1 262 16 333
chair 0.0025 122 194 160 212
chair 0.0025 298 153 312 167
chair 0.0024 491 251 500 381
chair 0.0024 247 195 284 229
chair 0.0023 258 163 390 228
chair 0.0023 254 193 260 205
chair 0.0022 425 276 489 338
chair 0.0020 266 150 294 180
chair 0.0020 257 211 271 229
chair 0.0020 200 200 325 233
chair 0.0018 0 173 21 295
chair 0.0018 255 168 278 200
chair 0.0018 257 151 276 179
chair 0.0018 289 215 320 227
chair 0.0017 343 171 377 197
chair 0.0016 264 202 302 218
chair 0.0016 0 231 7 269
chair 0.0016 259 214 290 232
chair 0.0015 276 184 310 201
chair 0.0015 90 225 271 319
chair 0.0015 255 187 260 202
chair 0.0014 211 203 266 231
chair 0.0014 253 209 278 231
chair 0.0014 295 209 324 230
chair 0.0014 161 202 202 224
chair 0.0014 475 237 500 320
chair 0.0014 493 319 500 373
chair 0.0013 257 198 272 225
chair 0.0013 310 198 330 239
chair 0.0013 308 167 373 200
chair 0.0013 229 200 261 227
chair 0.0012 140 168 338 229
chair 0.0012 285 162 304 186
chair 0.0011 433 209 499 347
sofa 0.8655 -2 245 277 372
sofa 0.0236 90 243 207 307
sofa 0.0049 112 168 162 197
sofa 0.0031 0 262 24 360
sofa 0.0031 256 177 290 206
sofa 0.0016 424 252 501 372
sofa 0.0015 4 239 49 295
sofa 0.0014 337 177 370 245
sofa 0.0011 472 247 500 369
pottedplant 0.9140 373 161 409 232
pottedplant 0.6878 -1 170 54 289
pottedplant 0.2741 0 169 54 225
pottedplant 0.1266 257 150 290 179
pottedplant 0.0285 0 133 52 247
pottedplant 0.0212 338 159 410 236
pottedplant 0.0192 3 220 50 295
pottedplant 0.0129 262 163 284 181
pottedplant 0.0124 197 68 228 103
pottedplant 0.0109 115 167 161 196
pottedplant 0.0092 371 196 394 231
pottedplant 0.0087 253 100 262 144
pottedplant 0.0076 256 150 293 203
pottedplant 0.0047 0 173 21 295
pottedplant 0.0044 257 177 289 206
pottedplant 0.0037 256 156 274 185
pottedplant 0.0034 0 165 23 228
pottedplant 0.0033 274 64 314 76
pottedplant 0.0027 0 168 10 217
pottedplant 0.0024 338 175 377 247
pottedplant 0.0022 255 98 266 136
pottedplant 0.0022 0 177 12 245
pottedplant 0.0022 373 168 391 234
pottedplant 0.0021 341 169 397 214
pottedplant 0.0020 249 98 270 142
pottedplant 0.0020 -1 41 55 263
pottedplant 0.0018 0 205 10 294
pottedplant 0.0017 0 210 12 249
pottedplant 0.0016 257 175 289 193
pottedplant 0.0013 16 209 30 250
pottedplant 0.0013 137 44 381 234
pottedplant 0.0012 268 193 277 209
pottedplant 0.0012 0 231 7 269
pottedplant 0.0012 273 216 287 231
pottedplant 0.0011 261 154 300 188
pottedplant 0.0010 378 165 398 222
pottedplant 0.0010 254 98 262 114
diningtable 0.1467 87 206 332 324
diningtable 0.0496 92 198 338 260
diningtable 0.0220 0 262 24 360
diningtable 0.0173 247 201 320 231
diningtable 0.0105 254 178 310 205
diningtable 0.0092 282 186 322 214
diningtable 0.0072 427 296 501 375
diningtable 0.0069 99 239 217 304
diningtable 0.0069 259 192 310 213
diningtable 0.0051 147 190 416 246
diningtable 0.0033 286 186 322 200
diningtable 0.0033 255 189 288 211
diningtable 0.0033 288 199 321 219
diningtable 0.0032 76 177 418 362
diningtable 0.0027 264 202 302 218
diningtable 0.0024 257 175 289 193
diningtable 0.0023 303 193 361 227
diningtable 0.0023 291 178 340 216
diningtable 0.0023 135 198 310 238
diningtable 0.0022 277 198 292 209
diningtable 0.0021 295 174 367 210
diningtable 0.0021 275 186 367 240
diningtable 0.0020 211 196 312 234
diningtable 0.0020 242 187 322 244
diningtable 0.0018 474 250 500 375
diningtable 0.0018 269 212 295 233
diningtable 0.0016 268 178 295 203
diningtable 0.0016 0 223 53 365
diningtable 0.0014 183 207 339 256
diningtable 0.0014 259 169 326 196
diningtable 0.0013 161 202 202 224
diningtable 0.0013 256 150 293 203
diningtable 0.0012 264 190 280 210
diningtable 0.0011 337 177 370 245
diningtable 0.0011 107 141 391 236
diningtable 0.0010 268 193 277 209
diningtable 0.0010 100 168 461 281
tvmonitor 0.0298 112 168 162 197
