person 0.8603 190 219 243 321
person 0.0541 221 139 233 168
person 0.0357 240 130 253 160
person 0.0336 231 138 242 164
person 0.0162 229 276 253 326
person 0.0104 212 141 224 167
person 0.0057 224 244 254 322
person 0.0051 411 259 425 283
person 0.0047 191 234 222 319
person 0.0041 227 130 245 162
person 0.0040 420 259 428 282
person 0.0026 192 225 240 274
person 0.0024 199 267 252 326
person 0.0021 403 260 413 282
person 0.0019 414 283 437 312
person 0.0018 65 146 76 158
person 0.0018 71 144 89 158
person 0.0017 325 248 339 284
person 0.0017 211 222 255 319
person 0.0015 393 273 402 287
person 0.0015 445 250 500 437
person 0.0015 212 125 241 165
person 0.0015 233 311 251 325
person 0.0014 315 249 330 285
person 0.0013 321 238 353 285
person 0.0013 332 249 348 284
person 0.0013 494 233 500 284
person 0.0010 494 255 499 283
train 0.0018 112 112 388 371
chair 0.0015 445 234 499 449
pottedplant 0.2502 241 153 319 236
pottedplant 0.0819 153 78 197 131
pottedplant 0.0785 2 65 50 148
pottedplant 0.0770 413 283 438 312
pottedplant 0.0409 65 145 109 191
pottedplant 0.0369 1 2 62 149
pottedplant 0.0220 339 276 457 372
pottedplant 0.0213 92 100 152 147
pottedplant 0.0212 398 281 438 320
pottedplant 0.0170 356 280 398 324
pottedplant 0.0153 56 145 111 230
pottedplant 0.0117 242 157 327 321
pottedplant 0.0110 369 281 412 322
pottedplant 0.0097 260 184 320 239
pottedplant 0.0082 155 101 195 127
pottedplant 0.0080 44 179 128 383
pottedplant 0.0080 0 54 59 247
pottedplant 0.0054 393 308 473 379
pottedplant 0.0053 375 280 400 316
pottedplant 0.0052 26 78 55 131
pottedplant 0.0048 378 287 482 398
pottedplant 0.0044 92 109 128 139
pottedplant 0.0036 4 142 24 180
pottedplant 0.0034 445 234 499 449
pottedplant 0.0034 40 79 63 98
pottedplant 0.0034 16 47 70 136
pottedplant 0.0033 119 130 154 152
pottedplant 0.0029 8 133 90 243
pottedplant 0.0028 245 132 313 211
pottedplant 0.0027 232 97 332 231
pottedplant 0.0027 418 279 435 300
pottedplant 0.0027 343 294 406 377
pottedplant 0.0027 202 127 372 267
pottedplant 0.0027 258 109 291 153
pottedplant 0.0026 150 92 210 158
pottedplant 0.0026 25 92 45 119
pottedplant 0.0025 373 323 454 388
pottedplant 0.0024 399 292 467 346
pottedplant 0.0024 203 110 250 160
pottedplant 0.0024 2 3 63 64
pottedplant 0.0022 239 155 283 218
pottedplant 0.0021 401 267 498 428
pottedplant 0.0021 114 109 161 150
pottedplant 0.0020 48 139 116 309
pottedplant 0.0020 393 273 402 287
pottedplant 0.0020 461 239 489 282
pottedplant 0.0019 217 105 235 125
pottedplant 0.0019 1 31 87 203
pottedplant 0.0018 76 75 196 162
pottedplant 0.0018 336 276 409 337
pottedplant 0.0017 241 118 252 154
pottedplant 0.0017 362 271 458 334
pottedplant 0.0017 111 128 153 204
pottedplant 0.0016 398 295 420 316
pottedplant 0.0014 409 290 462 323
pottedplant 0.0014 397 288 423 311
pottedplant 0.0014 257 116 270 153
pottedplant 0.0014 11 121 118 365
pottedplant 0.0013 91 113 112 135
pottedplant 0.0013 341 307 453 403
pottedplant 0.0013 407 307 452 325
pottedplant 0.0011 244 107 275 154
pottedplant 0.0011 378 291 419 320
pottedplant 0.0011 248 114 262 154
pottedplant 0.0010 245 163 281 199
pottedplant 0.0010 410 314 467 358
pottedplant 0.0010 94 126 123 142
pottedplant 0.0010 95 111 157 181
diningtable 0.0026 418 310 455 324
