person 0.2677 128 143 148 159
person 0.2319 172 146 183 156
person 0.1873 142 145 159 156
person 0.1690 211 151 225 169
person 0.1540 54 139 65 160
person 0.1482 146 147 166 156
person 0.1429 161 144 175 155
person 0.1128 180 146 192 157
person 0.0840 45 140 63 159
person 0.0840 125 149 150 166
person 0.0731 292 147 310 171
person 0.0694 321 172 339 184
person 0.0693 12 129 494 199
person 0.0541 190 147 202 157
person 0.0461 294 162 308 180
person 0.0320 64 137 75 160
person 0.0295 124 144 140 158
person 0.0272 207 149 230 171
person 0.0271 201 153 215 166
person 0.0265 287 150 300 169
person 0.0262 49 138 72 161
person 0.0261 316 170 332 185
person 0.0240 213 150 237 167
person 0.0225 191 153 206 162
person 0.0211 62 148 346 203
person 0.0160 128 150 167 167
person 0.0139 133 143 164 159
person 0.0134 293 169 308 184
person 0.0119 314 170 347 186
person 0.0118 436 135 461 150
person 0.0117 73 146 125 167
person 0.0097 277 156 288 163
person 0.0095 43 136 61 148
person 0.0092 301 156 321 169
person 0.0091 5 132 22 144
person 0.0086 286 159 304 180
person 0.0082 57 136 82 161
person 0.0081 0 124 6 139
person 0.0077 3 129 23 139
person 0.0071 213 147 237 157
person 0.0065 331 173 349 184
person 0.0062 167 144 186 157
person 0.0059 241 146 270 159
person 0.0059 285 146 305 172
person 0.0058 20 140 61 160
person 0.0055 8 138 498 253
person 0.0055 173 143 198 158
person 0.0054 210 159 226 175
person 0.0052 278 149 287 158
person 0.0052 195 152 220 170
person 0.0050 77 136 247 170
person 0.0049 66 190 99 208
person 0.0047 0 141 10 160
person 0.0047 364 172 379 188
person 0.0046 218 150 292 177
person 0.0045 182 153 196 160
person 0.0045 222 149 245 157
person 0.0043 195 142 235 156
person 0.0043 35 137 52 147
person 0.0043 438 128 452 140
person 0.0041 74 152 85 164
person 0.0040 72 142 93 162
person 0.0038 119 153 248 206
person 0.0037 121 194 154 208
person 0.0036 424 137 433 144
person 0.0036 158 134 175 144
person 0.0036 126 139 156 147
person 0.0036 243 151 281 171
person 0.0036 96 149 127 166
person 0.0035 161 150 176 165
person 0.0035 47 133 76 146
person 0.0034 119 135 134 146
person 0.0033 232 148 256 156
person 0.0033 301 166 344 191
person 0.0031 0 129 8 150
person 0.0031 0 141 28 160
person 0.0029 117 142 146 162
person 0.0029 50 187 74 209
person 0.0029 344 175 357 184
person 0.0029 0 144 9 174
person 0.0029 179 143 215 159
person 0.0028 122 136 199 169
person 0.0028 153 142 182 158
person 0.0027 140 150 172 164
person 0.0027 146 136 172 144
person 0.0026 62 134 75 147
person 0.0026 8 3 489 176
person 0.0025 224 160 244 176
person 0.0024 172 150 185 164
person 0.0022 287 162 408 230
person 0.0022 11 109 414 167
person 0.0021 304 161 337 177
person 0.0021 488 129 500 173
person 0.0020 308 163 355 178
person 0.0020 154 148 183 170
person 0.0020 260 144 284 160
person 0.0020 179 150 216 168
person 0.0019 53 141 191 167
person 0.0018 50 170 117 210
person 0.0018 196 161 219 174
bicycle 0.0010 294 162 308 180
car 0.9973 -2 163 229 309
car 0.9960 122 153 247 207
car 0.9957 275 161 408 230
car 0.9334 220 154 288 179
car 0.8026 487 165 500 193
car 0.5526 75 142 124 164
car 0.5486 2 140 61 161
car 0.5240 357 153 403 169
car 0.4037 384 165 408 190
car 0.3214 353 155 406 185
car 0.2184 213 150 237 167
car 0.1006 12 129 494 199
car 0.0683 400 147 478 210
car 0.0647 96 149 127 166
car 0.0541 245 144 278 160
car 0.0534 217 151 252 168
car 0.0501 62 148 346 203
car 0.0433 213 147 237 157
car 0.0351 103 145 131 160
car 0.0309 5 140 123 168
car 0.0292 0 140 62 202
car 0.0284 79 130 121 149
car 0.0254 0 140 119 193
car 0.0215 222 149 245 157
car 0.0209 99 133 119 147
car 0.0198 486 143 500 179
car 0.0184 0 141 28 160
car 0.0171 308 156 334 166
car 0.0170 194 141 236 156
car 0.0167 210 150 227 170
car 0.0164 125 149 150 166
car 0.0162 0 141 10 160
car 0.0161 81 128 103 140
car 0.0137 1 146 110 252
car 0.0130 0 124 6 139
car 0.0125 119 135 134 146
car 0.0121 478 163 497 194
car 0.0121 8 138 498 253
car 0.0119 243 151 281 171
car 0.0116 489 176 500 196
car 0.0110 43 136 61 148
car 0.0106 128 150 167 167
car 0.0100 389 155 404 167
car 0.0097 43 139 64 159
car 0.0096 3 129 23 139
car 0.0095 481 145 500 197
car 0.0092 47 133 76 146
car 0.0090 137 144 163 157
car 0.0082 133 137 162 145
car 0.0081 307 150 406 190
car 0.0081 -5 132 258 198
car 0.0075 0 140 55 265
car 0.0074 194 142 238 169
car 0.0069 291 161 373 179
car 0.0068 124 144 140 158
car 0.0066 294 162 308 180
car 0.0065 0 144 24 202
car 0.0064 13 159 119 221
car 0.0057 62 141 105 163
car 0.0048 128 143 148 160
car 0.0047 -5 156 129 183
car 0.0046 361 165 402 191
car 0.0045 302 160 340 178
car 0.0045 390 164 424 199
car 0.0045 53 141 191 167
car 0.0044 95 141 148 167
car 0.0044 0 149 9 190
car 0.0041 126 139 156 147
car 0.0039 57 136 82 161
car 0.0039 270 159 293 177
car 0.0039 53 138 68 160
car 0.0039 72 142 93 162
car 0.0038 201 153 215 166
car 0.0038 23 164 159 193
car 0.0037 169 140 266 171
car 0.0036 195 152 220 170
car 0.0034 211 147 256 160
car 0.0033 232 148 256 156
car 0.0032 199 157 272 178
car 0.0031 108 133 134 149
car 0.0030 379 155 443 203
car 0.0029 301 156 321 169
car 0.0028 0 153 28 229
car 0.0028 337 141 405 169
car 0.0027 269 159 372 188
car 0.0026 41 129 61 137
car 0.0026 0 129 8 150
car 0.0025 488 122 500 160
car 0.0023 293 169 308 184
car 0.0022 191 153 206 162
car 0.0022 146 147 166 156
car 0.0021 72 128 135 157
car 0.0021 9 41 487 209
car 0.0020 289 155 376 169
car 0.0020 35 137 52 147
car 0.0019 40 133 68 151
car 0.0018 64 137 75 160
car 0.0018 39 148 145 188
car 0.0018 50 170 117 210
car 0.0018 168 149 226 170
motorbike 0.0045 402 133 490 211
motorbike 0.0037 293 169 308 184
motorbike 0.0031 294 162 308 180
motorbike 0.0016 96 149 127 166
motorbike 0.0012 121 149 143 167
motorbike 0.0011 75 143 124 165
bus 0.6588 316 136 402 165
bus 0.0214 245 144 278 160
bus 0.0164 403 135 489 209
bus 0.0095 312 134 395 153
bus 0.0089 488 122 500 160
bus 0.0062 292 151 393 170
bus 0.0060 480 121 500 191
bus 0.0053 357 153 403 169
bus 0.0044 486 136 500 185
bus 0.0043 309 133 426 179
bus 0.0041 0 139 62 164
bus 0.0034 353 155 406 185
bus 0.0033 476 122 499 161
bus 0.0027 305 150 406 190
bus 0.0023 323 123 395 143
bus 0.0020 0 124 6 139
bus 0.0017 350 147 424 177
bus 0.0017 262 135 464 197
bus 0.0016 79 130 121 149
bus 0.0016 346 141 412 161
bus 0.0016 233 149 290 177
bus 0.0013 133 137 162 145
bus 0.0011 487 165 500 193
bus 0.0011 220 137 417 175
bus 0.0010 3 129 23 139
train 0.0040 316 136 402 165
sofa 0.0051 -4 166 228 323
pottedplant 0.0073 398 135 480 210
