person 0.8755 246 317 263 332
person 0.3700 178 259 192 280
person 0.3475 169 259 185 280
person 0.2507 139 274 159 312
person 0.1791 74 210 89 229
person 0.1639 167 258 186 310
person 0.0719 175 260 196 309
person 0.0449 160 252 204 304
person 0.0409 90 271 98 283
person 0.0328 85 212 97 228
person 0.0319 94 271 102 284
person 0.0184 150 271 163 302
person 0.0181 150 215 182 247
person 0.0171 151 271 161 284
person 0.0169 144 269 169 307
person 0.0110 125 262 203 311
person 0.0110 285 69 296 82
person 0.0086 212 241 223 256
person 0.0075 126 268 169 314
person 0.0071 187 267 202 284
person 0.0070 266 210 278 228
person 0.0069 59 170 68 177
person 0.0065 132 250 230 306
person 0.0063 155 255 185 300
person 0.0060 44 169 59 177
person 0.0057 162 260 179 293
person 0.0050 67 164 79 178
person 0.0049 59 173 68 180
person 0.0048 246 319 262 346
person 0.0048 148 224 169 249
person 0.0047 8 262 15 277
person 0.0046 77 219 88 232
person 0.0044 56 210 91 230
person 0.0043 186 266 202 306
person 0.0041 390 91 404 102
person 0.0038 296 68 309 81
person 0.0037 251 209 260 230
person 0.0034 138 269 160 288
person 0.0031 129 310 148 323
person 0.0029 403 243 431 269
person 0.0029 183 261 204 292
person 0.0029 169 281 188 309
person 0.0029 160 255 181 282
person 0.0027 147 268 167 289
person 0.0027 0 313 9 333
person 0.0026 73 269 88 283
person 0.0024 136 257 144 276
person 0.0023 71 155 76 166
person 0.0022 408 240 425 259
person 0.0020 189 258 202 278
person 0.0020 374 239 388 262
person 0.0019 265 268 279 287
person 0.0018 360 187 365 194
person 0.0017 268 212 281 244
person 0.0016 73 207 89 220
person 0.0014 6 166 59 177
person 0.0013 245 315 263 371
person 0.0013 78 264 104 291
person 0.0012 402 91 414 102
person 0.0012 368 243 389 266
person 0.0012 253 263 277 292
person 0.0012 330 91 347 112
person 0.0011 88 265 109 290
person 0.0011 274 225 293 250
person 0.0011 107 218 132 241
person 0.0011 29 168 57 176
person 0.0010 491 300 500 314
person 0.0010 0 278 9 336
person 0.0010 168 224 182 248
person 0.0010 135 264 148 289
person 0.0010 72 169 88 179
car 0.1135 73 173 89 181
car 0.0422 55 210 91 230
car 0.0218 89 311 194 334
car 0.0213 41 254 122 321
car 0.0109 72 169 88 179
car 0.0060 74 210 89 229
car 0.0043 0 313 9 333
car 0.0036 59 173 88 181
car 0.0024 282 262 503 331
car 0.0022 487 267 500 288
car 0.0022 493 201 500 218
car 0.0019 59 173 68 180
car 0.0018 85 212 97 228
car 0.0015 44 169 59 177
car 0.0014 104 229 139 249
car 0.0014 67 164 79 178
car 0.0013 78 174 100 181
car 0.0012 491 300 500 314
car 0.0011 59 170 68 177
car 0.0010 486 266 500 308
aeroplane 0.9831 -6 16 490 260
aeroplane 0.0111 408 69 499 202
aeroplane 0.0072 295 37 498 83
aeroplane 0.0041 0 147 5 155
aeroplane 0.0035 299 43 497 208
aeroplane 0.0030 408 65 499 98
aeroplane 0.0024 407 47 499 80
aeroplane 0.0022 403 28 499 156
aeroplane 0.0021 475 135 500 216
aeroplane 0.0018 436 110 499 233
aeroplane 0.0017 404 68 493 80
aeroplane 0.0013 4 166 63 178
aeroplane 0.0011 399 19 500 87
aeroplane 0.0010 0 160 97 231
bus 0.0733 4 166 63 178
bus 0.0143 0 162 90 188
bus 0.0081 29 168 57 176
bus 0.0078 282 263 503 330
bus 0.0075 36 255 125 321
bus 0.0062 44 169 59 177
bus 0.0034 25 165 77 178
bus 0.0032 55 210 91 230
bus 0.0020 83 311 194 334
bus 0.0018 0 164 94 221
bus 0.0013 29 162 94 180
bus 0.0011 2 154 65 174
bus 0.0011 59 170 68 177
train 0.0014 36 255 125 321
boat 0.0017 83 311 194 334
boat 0.0015 55 210 91 230
bird 0.0026 360 187 365 194
