dog 0.0011 -1 196 177 403
sheep 0.9767 13 171 491 395
sheep 0.9759 -1 8 501 256
sheep 0.9500 0 187 178 393
sheep 0.3422 137 150 264 262
sheep 0.2021 220 179 353 272
sheep 0.1002 26 120 469 296
sheep 0.0710 234 177 500 304
sheep 0.0691 106 160 390 264
sheep 0.0066 303 177 497 389
sheep 0.0061 15 129 259 289
sheep 0.0048 214 223 303 268
sheep 0.0041 261 178 365 250
sheep 0.0036 43 153 277 380
sheep 0.0019 188 201 333 286
sheep 0.0018 0 55 4 239
sheep 0.0015 218 170 454 257
sheep 0.0010 0 249 6 409
