person 0.0211 0 223 13 360
person 0.0060 477 239 501 345
person 0.0042 445 211 500 374
person 0.0035 0 260 9 371
person 0.0034 0 179 26 368
person 0.0020 477 155 500 319
person 0.0018 0 206 7 350
person 0.0016 458 297 495 336
person 0.0015 483 267 500 329
person 0.0011 487 288 500 346
bird 0.0015 371 258 430 358
cat 0.0044 0 296 8 373
cat 0.0019 0 250 13 373
cat 0.0011 371 258 430 358
dog 0.0011 0 282 8 370
bottle 0.4283 371 258 430 358
bottle 0.0124 489 169 500 218
bottle 0.0015 293 231 313 256
bottle 0.0015 156 236 175 260
bottle 0.0011 183 229 195 254
chair 0.0117 0 207 7 332
chair 0.0114 7 244 43 329
chair 0.0112 458 297 495 336
chair 0.0098 440 331 495 375
chair 0.0086 190 185 338 257
chair 0.0085 441 296 500 371
chair 0.0044 18 222 25 243
chair 0.0040 0 240 8 374
chair 0.0036 477 239 501 345
chair 0.0029 441 312 475 363
chair 0.0028 373 256 428 363
chair 0.0027 444 211 499 374
chair 0.0025 483 267 500 329
chair 0.0021 0 289 13 373
chair 0.0016 0 201 14 346
chair 0.0014 277 264 328 322
chair 0.0014 467 276 500 350
chair 0.0012 0 304 8 383
chair 0.0011 490 252 499 305
chair 0.0011 186 249 316 340
sofa 0.0156 441 296 500 371
sofa 0.0155 455 295 498 339
sofa 0.0099 477 239 501 345
sofa 0.0076 445 211 500 374
sofa 0.0049 0 240 8 374
sofa 0.0032 0 207 7 332
sofa 0.0029 7 244 43 329
sofa 0.0027 467 276 500 350
sofa 0.0027 6 318 417 371
sofa 0.0016 483 267 500 329
sofa 0.0014 0 301 8 370
sofa 0.0014 467 238 501 385
sofa 0.0012 190 185 338 257
pottedplant 0.0429 0 332 101 374
pottedplant 0.0037 0 289 13 373
pottedplant 0.0024 0 290 99 376
pottedplant 0.0015 0 202 9 224
diningtable 0.2862 6 318 417 371
diningtable 0.0186 125 328 320 360
diningtable 0.0108 -1 233 421 372
diningtable 0.0043 152 214 358 333
diningtable 0.0043 186 249 316 340
diningtable 0.0027 455 295 498 339
diningtable 0.0026 441 296 500 371
diningtable 0.0020 145 325 257 351
diningtable 0.0017 477 239 501 345
diningtable 0.0011 483 267 500 329
diningtable 0.0010 137 230 355 283
tvmonitor 0.9939 192 56 315 156
tvmonitor 0.0016 489 168 500 219
tvmonitor 0.0012 457 301 499 334
tvmonitor 0.0010 277 264 328 321
