person 0.0090 344 156 360 168
person 0.0087 447 157 461 169
person 0.0079 456 157 470 169
person 0.0073 29 163 42 179
person 0.0070 441 156 457 169
person 0.0060 401 153 414 169
person 0.0060 312 155 330 168
person 0.0057 430 155 444 168
person 0.0056 371 155 387 168
person 0.0054 422 156 437 169
person 0.0042 338 156 348 168
person 0.0036 365 156 379 168
person 0.0033 352 156 363 169
person 0.0029 394 153 408 169
person 0.0017 191 153 200 168
person 0.0016 33 161 47 179
person 0.0012 0 216 8 336
person 0.0012 201 148 214 169
person 0.0012 0 160 16 303
person 0.0012 45 83 503 281
person 0.0011 402 139 414 167
person 0.0011 475 155 498 170
car 0.0028 0 171 8 282
car 0.0024 45 83 503 281
car 0.0024 0 152 16 274
car 0.0022 0 186 5 249
bus 0.9951 11 85 496 293
bus 0.0016 0 169 8 265
bus 0.0012 0 152 16 274
