person 0.8361 0 100 21 160
person 0.5919 400 106 412 123
person 0.3397 430 105 440 123
person 0.2487 312 102 325 114
person 0.2323 425 106 435 123
person 0.2200 301 101 324 114
person 0.2196 385 104 392 116
person 0.1722 455 107 464 122
person 0.1624 411 110 424 123
person 0.1544 288 100 302 115
person 0.1487 290 100 315 114
person 0.1231 441 107 450 122
person 0.0954 453 101 463 117
person 0.0805 0 104 10 163
person 0.0787 489 102 500 117
person 0.0643 14 106 28 147
person 0.0642 396 107 406 121
person 0.0625 481 101 494 119
person 0.0601 375 103 385 113
person 0.0592 442 102 451 118
person 0.0500 394 103 403 118
person 0.0481 0 116 8 197
person 0.0436 385 107 395 119
person 0.0415 0 101 17 207
person 0.0414 15 104 32 130
person 0.0404 413 101 422 115
person 0.0356 423 99 436 118
person 0.0241 23 72 490 170
person 0.0217 224 102 243 114
person 0.0217 0 127 7 163
person 0.0204 0 97 9 117
person 0.0196 0 106 10 127
person 0.0177 18 61 527 361
person 0.0169 491 107 500 121
person 0.0159 11 108 22 126
person 0.0145 19 103 32 114
person 0.0143 457 107 468 122
person 0.0131 458 101 467 118
person 0.0129 0 95 7 106
person 0.0115 450 99 465 120
person 0.0097 309 100 332 115
person 0.0095 315 101 346 115
person 0.0090 0 146 10 221
person 0.0085 473 99 482 120
person 0.0076 417 104 440 125
person 0.0070 398 99 416 121
person 0.0061 392 100 407 120
person 0.0060 25 104 37 113
person 0.0057 382 101 397 117
person 0.0053 0 100 13 132
person 0.0051 406 105 429 124
person 0.0050 472 107 483 122
person 0.0047 147 87 504 153
person 0.0045 380 96 487 126
person 0.0045 331 102 349 115
person 0.0038 449 92 458 107
person 0.0038 23 108 39 128
person 0.0037 439 99 456 121
person 0.0036 9 104 36 153
person 0.0035 368 101 377 112
person 0.0030 409 97 429 120
person 0.0029 6 105 24 130
person 0.0024 434 104 459 124
person 0.0023 276 98 294 113
person 0.0022 424 97 448 122
person 0.0021 9 102 22 116
person 0.0020 491 90 500 109
person 0.0019 311 92 497 148
person 0.0019 -1 91 28 218
person 0.0019 253 101 275 114
person 0.0018 437 94 501 128
person 0.0017 469 96 485 123
person 0.0016 371 100 388 115
person 0.0016 22 113 40 137
person 0.0014 376 106 387 121
person 0.0013 445 104 469 124
person 0.0013 455 99 471 121
person 0.0012 18 -8 493 183
person 0.0012 406 310 468 333
person 0.0011 16 102 34 118
person 0.0010 388 104 414 125
person 0.0010 377 98 403 118
person 0.0010 483 98 501 119
bicycle 0.0110 0 118 14 221
bicycle 0.0076 0 127 7 163
bicycle 0.0071 0 122 22 164
bicycle 0.0069 455 107 464 122
bicycle 0.0059 0 116 8 197
bicycle 0.0035 14 116 27 153
bicycle 0.0021 441 107 450 122
bicycle 0.0020 425 106 435 123
bicycle 0.0019 430 105 440 123
bicycle 0.0018 0 123 12 168
bicycle 0.0015 457 107 468 122
bicycle 0.0014 0 165 11 221
bicycle 0.0013 400 106 412 123
bicycle 0.0013 0 152 14 258
bicycle 0.0012 15 104 32 130
bicycle 0.0010 480 105 493 122
car 0.8895 16 71 492 382
car 0.0323 15 104 33 131
car 0.0311 411 110 424 123
car 0.0295 0 100 21 160
car 0.0282 11 108 22 126
car 0.0263 23 108 39 128
car 0.0177 455 107 464 122
car 0.0130 491 107 500 121
car 0.0128 0 120 9 208
car 0.0110 489 102 500 117
car 0.0109 425 106 435 123
car 0.0090 19 103 32 114
car 0.0089 13 106 30 149
car 0.0082 22 113 40 137
car 0.0069 0 101 17 207
car 0.0066 400 106 412 123
car 0.0064 0 127 7 163
car 0.0060 0 106 10 127
car 0.0055 6 105 24 130
car 0.0054 0 104 10 163
car 0.0049 139 103 175 115
car 0.0045 22 128 42 144
car 0.0043 441 107 450 122
car 0.0035 25 104 37 113
car 0.0028 457 107 468 122
car 0.0027 481 101 494 119
car 0.0025 430 105 440 123
car 0.0023 406 105 429 124
car 0.0022 314 101 349 115
car 0.0020 453 101 463 117
car 0.0020 9 102 22 116
car 0.0019 0 142 13 227
car 0.0018 0 97 9 117
car 0.0017 0 100 13 132
car 0.0017 413 101 422 115
car 0.0016 16 102 34 118
car 0.0015 417 104 440 125
car 0.0010 3 102 38 156
car 0.0010 423 99 436 118
car 0.0010 13 46 234 249
motorbike 0.1123 0 116 8 197
motorbike 0.0766 0 118 14 221
motorbike 0.0508 0 127 7 163
motorbike 0.0325 0 122 23 165
motorbike 0.0159 0 123 12 168
motorbike 0.0126 455 107 464 122
motorbike 0.0091 0 100 24 208
motorbike 0.0050 14 116 28 154
motorbike 0.0030 0 102 16 164
motorbike 0.0028 441 107 450 122
motorbike 0.0022 22 128 42 145
motorbike 0.0022 400 106 412 123
motorbike 0.0020 0 152 14 258
motorbike 0.0018 15 104 32 130
motorbike 0.0016 425 106 435 123
motorbike 0.0016 430 105 440 123
motorbike 0.0013 0 165 11 221
motorbike 0.0012 22 114 40 135
motorbike 0.0011 411 110 424 123
motorbike 0.0011 12 126 33 159
motorbike 0.0010 489 102 500 117
bus 0.0047 17 56 492 371
chair 0.0042 0 146 10 221
chair 0.0014 0 185 11 221
chair 0.0011 22 128 42 144
