person 0.0075 408 298 447 341
person 0.0075 469 131 483 159
person 0.0042 175 96 263 177
person 0.0030 186 97 258 146
person 0.0019 116 144 139 186
person 0.0019 465 134 485 168
person 0.0016 453 132 481 172
person 0.0016 472 129 481 143
person 0.0013 232 142 257 165
person 0.0011 176 111 236 157
person 0.0011 452 125 494 183
person 0.0011 446 100 496 170
person 0.0010 493 126 500 160
bicycle 0.0014 199 138 253 170
bicycle 0.0012 281 263 449 344
train 0.9705 -11 -6 513 331
train 0.0080 322 55 502 220
train 0.0028 331 15 496 336
train 0.0024 249 39 466 202
train 0.0014 137 19 512 217
bird 0.0320 408 298 447 341
bird 0.0015 408 302 430 334
cat 0.0112 407 298 449 341
cat 0.0022 281 263 449 344
dog 0.0310 407 298 449 341
dog 0.0041 281 263 449 344
horse 0.0026 407 298 449 341
diningtable 0.0010 -17 322 517 373
