person 0.0986 0 100 91 368
person 0.0806 -21 0 475 374
person 0.0241 0 131 84 264
person 0.0125 398 1 500 369
person 0.0039 0 26 86 252
person 0.0035 431 92 501 363
person 0.0021 -7 112 220 361
person 0.0015 477 20 500 334
person 0.0010 0 141 84 206
person 0.0010 11 101 116 254
car 0.0019 -3 51 500 381
boat 0.0010 -3 51 500 381
bird 0.0032 0 137 96 373
cat 0.0031 0 137 96 373
cat 0.0015 398 0 499 369
dog 0.9617 58 5 500 371
dog 0.0297 0 135 97 371
dog 0.0015 398 0 499 369
sheep 0.0013 0 135 97 371
chair 0.0226 4 -30 498 356
chair 0.0017 -14 155 508 372
sofa 0.0976 -3 51 500 381
sofa 0.0016 0 137 96 373
sofa 0.0011 -12 225 506 373
pottedplant 0.0015 431 92 501 363
diningtable 0.0037 -3 51 500 381
