person 0.6939 377 158 416 194
person 0.1811 366 161 395 195
person 0.0836 401 164 417 193
person 0.0571 326 150 351 178
person 0.0166 362 167 380 195
person 0.0048 363 177 395 197
person 0.0044 310 143 468 209
person 0.0037 341 155 353 181
person 0.0035 162 76 173 96
person 0.0033 317 149 354 192
person 0.0029 269 102 506 312
person 0.0027 144 74 158 98
person 0.0024 329 150 390 199
person 0.0019 362 176 377 198
person 0.0012 359 156 385 193
person 0.0010 378 178 397 197
aeroplane 0.0014 255 85 498 268
bus 0.0058 255 85 498 268
train 0.9784 63 11 502 189
train 0.9662 256 87 500 313
train 0.0082 356 159 408 197
train 0.0058 310 143 468 209
train 0.0013 74 13 495 102
train 0.0010 329 125 453 263
horse 0.0011 265 86 495 313
