person 0.0243 33 206 70 260
person 0.0111 33 191 64 237
person 0.0064 13 214 72 292
person 0.0054 486 177 500 263
person 0.0048 0 245 8 294
person 0.0041 0 246 7 349
person 0.0028 53 206 75 265
person 0.0026 1 207 59 318
person 0.0025 0 236 56 372
person 0.0019 56 191 74 246
person 0.0016 11 231 55 304
person 0.0014 0 239 18 350
person 0.0010 57 209 72 233
bicycle 0.0016 33 206 70 260
car 0.0027 440 131 499 224
car 0.0021 486 166 500 239
cat 0.0012 141 200 176 234
bottle 0.0137 133 179 155 224
bottle 0.0018 0 258 7 297
bottle 0.0018 437 206 457 254
chair 0.5748 0 284 91 374
chair 0.2068 33 206 70 260
chair 0.1172 13 228 54 293
chair 0.0658 31 204 59 236
chair 0.0635 0 258 7 297
chair 0.0476 58 231 72 265
chair 0.0422 9 212 34 228
chair 0.0418 41 233 66 263
chair 0.0380 54 218 73 262
chair 0.0326 0 236 56 372
chair 0.0183 208 267 269 352
chair 0.0177 0 229 8 293
chair 0.0163 61 229 76 269
chair 0.0150 9 203 77 315
chair 0.0141 0 246 7 349
chair 0.0116 8 209 56 256
chair 0.0106 0 228 20 289
chair 0.0094 47 205 76 266
chair 0.0092 8 201 54 235
chair 0.0079 0 239 18 350
chair 0.0073 7 217 34 241
chair 0.0061 10 209 35 220
chair 0.0047 0 272 6 322
chair 0.0043 57 209 72 233
chair 0.0040 62 207 76 255
chair 0.0039 0 285 26 374
chair 0.0032 53 203 73 240
chair 0.0030 7 225 28 238
chair 0.0028 0 261 30 336
chair 0.0027 6 196 63 279
chair 0.0026 27 205 42 215
chair 0.0020 6 234 27 242
chair 0.0020 31 229 75 285
chair 0.0019 33 194 55 225
chair 0.0018 5 225 28 276
chair 0.0013 0 244 24 313
chair 0.0013 208 231 309 353
chair 0.0012 7 231 34 245
chair 0.0012 8 224 34 253
chair 0.0011 9 208 24 219
chair 0.0011 19 182 79 254
chair 0.0010 0 279 9 374
chair 0.0010 17 222 49 237
sofa 0.1240 0 286 92 374
sofa 0.0404 0 236 56 372
sofa 0.0360 13 228 54 293
sofa 0.0230 208 267 269 352
sofa 0.0187 0 256 7 299
sofa 0.0079 0 239 18 350
sofa 0.0075 0 246 7 349
sofa 0.0065 1 207 59 318
sofa 0.0055 33 206 70 260
sofa 0.0048 0 229 8 293
sofa 0.0037 0 228 20 289
sofa 0.0032 8 209 56 256
sofa 0.0027 0 253 26 324
sofa 0.0026 9 212 34 228
sofa 0.0022 213 251 346 358
sofa 0.0018 31 204 59 236
sofa 0.0016 7 217 34 241
sofa 0.0015 0 285 26 374
sofa 0.0012 0 230 30 363
pottedplant 0.9911 319 58 439 363
pottedplant 0.5944 140 201 176 234
pottedplant 0.4233 469 80 500 109
pottedplant 0.3894 33 187 57 213
pottedplant 0.1212 33 191 64 237
pottedplant 0.0632 154 198 176 230
pottedplant 0.0338 483 81 501 106
pottedplant 0.0257 33 194 55 225
pottedplant 0.0177 437 207 457 252
pottedplant 0.0131 159 223 174 234
pottedplant 0.0127 66 190 73 214
pottedplant 0.0105 138 208 159 232
pottedplant 0.0090 19 182 79 254
pottedplant 0.0089 133 188 161 230
pottedplant 0.0076 0 246 7 292
pottedplant 0.0067 33 206 70 260
pottedplant 0.0062 350 309 404 359
pottedplant 0.0057 469 78 500 161
pottedplant 0.0054 64 192 74 230
pottedplant 0.0053 42 197 59 224
pottedplant 0.0040 38 180 62 210
pottedplant 0.0040 3 194 62 230
pottedplant 0.0034 10 184 60 218
pottedplant 0.0033 481 88 500 270
pottedplant 0.0029 487 86 500 120
pottedplant 0.0028 55 204 73 238
pottedplant 0.0025 10 209 35 220
pottedplant 0.0025 325 54 434 223
pottedplant 0.0024 144 218 174 238
pottedplant 0.0022 60 196 71 227
pottedplant 0.0022 459 80 498 128
pottedplant 0.0021 25 189 47 214
pottedplant 0.0020 9 212 34 228
pottedplant 0.0019 52 124 71 140
pottedplant 0.0018 27 205 42 215
pottedplant 0.0017 150 223 169 233
pottedplant 0.0017 136 176 176 231
pottedplant 0.0017 58 186 71 218
pottedplant 0.0016 61 200 77 241
pottedplant 0.0015 0 261 6 313
pottedplant 0.0014 486 177 500 263
pottedplant 0.0013 471 45 500 111
pottedplant 0.0013 440 131 499 224
pottedplant 0.0013 29 156 63 212
pottedplant 0.0012 64 174 74 212
pottedplant 0.0011 489 136 500 175
pottedplant 0.0010 53 206 75 265
diningtable 0.0369 9 212 34 228
diningtable 0.0239 7 217 34 241
diningtable 0.0234 13 227 55 293
diningtable 0.0210 6 234 27 242
diningtable 0.0180 33 206 70 260
diningtable 0.0159 7 225 28 238
diningtable 0.0159 8 209 56 256
diningtable 0.0121 8 201 54 235
diningtable 0.0095 31 191 66 240
diningtable 0.0084 0 246 7 292
diningtable 0.0069 0 261 6 313
diningtable 0.0054 7 224 35 252
diningtable 0.0052 7 231 34 245
diningtable 0.0051 0 228 20 289
diningtable 0.0043 0 246 7 349
diningtable 0.0035 5 225 28 276
diningtable 0.0031 0 239 18 350
diningtable 0.0031 0 250 57 375
diningtable 0.0028 6 196 63 279
diningtable 0.0022 0 253 26 324
diningtable 0.0022 10 209 35 220
diningtable 0.0015 0 286 92 374
diningtable 0.0015 9 203 77 315
diningtable 0.0015 0 220 8 282
diningtable 0.0015 0 209 25 264
diningtable 0.0012 19 182 79 254
diningtable 0.0011 17 222 49 237
tvmonitor 0.0332 484 169 499 262
tvmonitor 0.0172 440 131 500 262
tvmonitor 0.0091 437 206 457 254
tvmonitor 0.0016 473 139 500 258
