person 0.0452 277 199 288 208
person 0.0193 181 196 187 211
person 0.0116 70 209 88 219
person 0.0092 270 198 279 206
person 0.0089 208 188 239 213
person 0.0087 286 199 298 206
person 0.0073 228 197 241 210
person 0.0051 67 209 80 220
person 0.0047 175 198 184 209
person 0.0030 242 198 250 207
person 0.0018 294 197 310 205
person 0.0018 255 199 269 208
person 0.0017 181 203 187 212
person 0.0016 246 198 265 210
person 0.0016 336 197 347 206
person 0.0012 99 195 105 205
person 0.0011 39 206 48 218
person 0.0011 91 206 123 222
person 0.0010 45 208 59 217
person 0.0010 421 192 433 247
person 0.0010 243 202 250 214
car 0.9528 268 212 373 242
car 0.9086 246 201 265 216
car 0.7578 87 206 118 223
car 0.5978 277 199 288 208
car 0.5348 296 204 314 219
car 0.5017 154 202 179 214
car 0.4707 228 197 241 210
car 0.4283 242 198 250 207
car 0.3267 286 199 298 206
car 0.2669 67 209 80 220
car 0.2424 294 197 310 205
car 0.1796 270 198 279 206
car 0.1268 255 199 269 208
car 0.1219 208 190 229 214
car 0.1037 70 209 88 219
car 0.0615 336 197 347 206
car 0.0610 229 202 241 212
car 0.0539 150 197 170 212
car 0.0288 175 198 184 209
car 0.0262 113 214 122 222
car 0.0195 295 192 308 198
car 0.0191 138 196 157 211
car 0.0178 274 196 292 209
car 0.0166 287 191 301 197
car 0.0153 209 202 228 214
car 0.0150 345 196 354 207
car 0.0148 225 193 245 211
car 0.0144 243 202 250 214
car 0.0134 291 196 314 208
car 0.0128 112 208 123 220
car 0.0127 238 196 253 210
car 0.0127 304 197 314 205
car 0.0101 279 191 290 197
car 0.0090 327 194 334 206
car 0.0086 249 198 274 211
car 0.0073 280 204 289 210
car 0.0073 291 204 351 222
car 0.0071 133 205 148 215
car 0.0069 170 202 182 213
car 0.0059 330 211 373 233
car 0.0055 281 196 303 208
car 0.0054 307 191 312 196
car 0.0053 137 201 161 215
car 0.0045 45 208 59 217
car 0.0045 264 203 279 212
car 0.0042 83 206 99 219
car 0.0039 65 210 83 223
car 0.0036 63 206 86 221
car 0.0033 285 203 303 214
car 0.0028 270 191 277 197
car 0.0027 193 185 361 215
car 0.0026 341 203 360 216
car 0.0024 39 206 48 218
car 0.0024 84 212 102 224
car 0.0023 226 200 244 214
car 0.0023 46 205 79 218
car 0.0022 136 195 148 210
car 0.0022 0 188 417 244
car 0.0021 121 207 137 216
car 0.0019 306 211 337 229
car 0.0017 264 195 285 209
car 0.0016 246 181 387 219
car 0.0014 210 200 236 216
car 0.0013 170 194 185 211
car 0.0013 311 193 333 207
car 0.0012 331 194 351 208
car 0.0011 127 200 173 215
car 0.0011 166 189 391 235
car 0.0010 181 203 187 212
car 0.0010 78 205 106 222
car 0.0010 232 195 257 211
car 0.0010 280 200 307 219
motorbike 0.0043 277 199 288 208
motorbike 0.0010 229 202 241 212
bus 0.3866 208 189 229 214
bus 0.0183 228 197 241 210
bus 0.0075 210 184 241 205
bus 0.0045 154 202 179 214
bus 0.0031 225 193 245 211
bus 0.0025 273 206 373 242
bus 0.0024 150 197 170 212
bus 0.0023 87 206 118 223
bus 0.0017 138 196 157 211
bus 0.0016 227 189 240 199
train 0.0019 208 190 229 214
pottedplant 0.0012 0 128 9 145
