person 0.0150 450 218 499 297
person 0.0079 444 90 501 316
person 0.0035 438 79 498 186
person 0.0032 0 206 28 334
person 0.0021 481 87 500 177
person 0.0016 469 111 500 238
person 0.0016 405 56 499 278
person 0.0014 487 84 500 124
person 0.0013 451 187 499 241
person 0.0012 -1 193 16 322
person 0.0011 0 182 22 284
person 0.0011 0 184 57 329
person 0.0010 450 133 501 259
person 0.0010 477 78 500 128
person 0.0010 463 171 501 222
car 0.0015 0 115 15 133
bottle 0.0048 112 143 123 158
bottle 0.0026 313 287 352 332
bottle 0.0020 101 114 118 149
bottle 0.0014 471 160 483 179
bottle 0.0010 333 66 347 82
chair 0.9055 105 150 183 199
chair 0.8861 174 118 230 183
chair 0.8374 2 130 80 266
chair 0.8359 450 90 488 180
chair 0.7475 264 103 297 147
chair 0.6687 481 87 500 177
chair 0.4665 0 179 56 331
chair 0.3346 101 123 161 157
chair 0.2362 69 140 198 193
chair 0.2145 435 96 477 178
chair 0.1559 0 206 28 334
chair 0.1021 451 229 499 305
chair 0.0905 0 182 22 284
chair 0.0684 0 129 18 220
chair 0.0672 384 202 498 283
chair 0.0623 488 84 500 101
chair 0.0612 383 62 416 96
chair 0.0510 60 300 200 332
chair 0.0487 487 84 501 124
chair 0.0455 106 114 247 198
chair 0.0425 379 214 459 260
chair 0.0407 442 203 489 236
chair 0.0404 307 69 418 156
chair 0.0391 407 105 448 171
chair 0.0387 381 88 419 148
chair 0.0381 3 127 80 200
chair 0.0378 107 123 168 182
chair 0.0342 451 187 499 241
chair 0.0313 83 115 174 168
chair 0.0311 51 96 232 184
chair 0.0299 475 84 499 143
chair 0.0275 489 83 501 92
chair 0.0268 461 91 487 155
chair 0.0265 465 85 501 185
chair 0.0263 101 115 118 149
chair 0.0254 58 125 162 179
chair 0.0251 452 77 499 235
chair 0.0245 458 77 473 94
chair 0.0202 364 145 419 175
chair 0.0189 0 272 27 339
chair 0.0184 449 86 463 104
chair 0.0183 458 171 499 222
chair 0.0183 285 104 303 145
chair 0.0182 90 116 131 165
chair 0.0180 231 102 297 148
chair 0.0178 447 162 499 310
chair 0.0173 480 84 496 101
chair 0.0173 417 75 495 178
chair 0.0173 0 127 25 265
chair 0.0168 466 88 486 101
chair 0.0167 468 79 481 93
chair 0.0155 0 132 10 190
chair 0.0146 455 81 474 105
chair 0.0141 365 64 394 84
chair 0.0140 0 127 12 158
chair 0.0140 115 110 144 132
chair 0.0128 3 209 178 334
chair 0.0127 389 97 500 312
chair 0.0126 159 130 180 151
chair 0.0122 446 80 468 106
chair 0.0121 388 84 424 123
chair 0.0121 151 111 268 168
chair 0.0115 406 200 497 241
chair 0.0110 447 80 499 125
chair 0.0109 65 206 147 278
chair 0.0108 135 94 374 170
chair 0.0107 155 125 184 181
chair 0.0106 0 116 15 148
chair 0.0105 126 113 153 131
chair 0.0102 447 92 464 111
chair 0.0095 0 115 15 133
chair 0.0095 137 112 357 216
chair 0.0094 479 82 495 92
chair 0.0089 133 115 166 150
chair 0.0088 404 98 456 147
chair 0.0087 410 255 463 302
chair 0.0087 336 84 467 165
chair 0.0086 307 102 366 143
chair 0.0083 2 63 506 277
chair 0.0082 461 89 489 118
chair 0.0082 301 105 332 144
chair 0.0081 438 112 458 171
chair 0.0081 435 69 474 103
chair 0.0080 432 93 463 152
chair 0.0078 359 245 501 333
chair 0.0077 100 113 139 152
chair 0.0076 110 112 127 133
chair 0.0075 452 89 483 138
chair 0.0071 217 94 486 329
chair 0.0071 -1 193 16 322
chair 0.0069 394 82 421 109
chair 0.0066 -1 269 55 343
chair 0.0065 359 62 419 146
chair 0.0065 376 188 499 251
chair 0.0065 122 91 175 138
chair 0.0065 381 61 419 127
chair 0.0065 454 90 478 114
chair 0.0063 114 97 208 176
chair 0.0062 469 111 500 238
chair 0.0060 52 83 286 233
sofa 0.0085 445 172 501 318
sofa 0.0058 451 229 499 305
sofa 0.0049 438 79 498 186
sofa 0.0024 451 187 499 241
sofa 0.0020 439 52 501 342
sofa 0.0020 384 202 498 283
sofa 0.0015 389 97 500 312
sofa 0.0015 454 88 500 258
sofa 0.0013 105 122 168 155
sofa 0.0013 213 70 490 328
sofa 0.0012 359 245 501 333
sofa 0.0012 475 81 500 231
sofa 0.0011 324 72 419 154
sofa 0.0011 51 96 232 184
sofa 0.0011 458 171 499 222
sofa 0.0011 481 87 500 177
sofa 0.0010 104 150 183 199
pottedplant 0.4753 179 89 488 330
pottedplant 0.2437 123 85 197 143
pottedplant 0.2434 431 68 462 105
pottedplant 0.1524 436 78 454 108
pottedplant 0.0889 401 45 417 68
pottedplant 0.0312 439 72 471 100
pottedplant 0.0301 86 79 210 157
pottedplant 0.0246 446 80 468 106
pottedplant 0.0219 398 26 419 67
pottedplant 0.0184 67 45 95 64
pottedplant 0.0182 418 64 455 104
pottedplant 0.0179 417 75 495 178
pottedplant 0.0157 449 86 463 104
pottedplant 0.0148 121 82 175 128
pottedplant 0.0126 130 100 168 128
pottedplant 0.0126 105 122 168 155
pottedplant 0.0126 43 99 85 136
pottedplant 0.0119 429 81 476 158
pottedplant 0.0114 166 92 199 138
pottedplant 0.0113 114 97 208 176
pottedplant 0.0109 51 96 232 184
pottedplant 0.0108 421 63 483 134
pottedplant 0.0099 144 104 170 126
pottedplant 0.0093 174 90 197 121
pottedplant 0.0092 143 111 170 134
pottedplant 0.0085 122 94 155 130
pottedplant 0.0083 21 47 539 302
pottedplant 0.0070 424 53 449 98
pottedplant 0.0066 62 40 110 84
pottedplant 0.0064 426 52 469 101
pottedplant 0.0063 193 93 216 119
pottedplant 0.0061 398 40 422 80
pottedplant 0.0060 457 76 474 95
pottedplant 0.0054 85 99 169 146
pottedplant 0.0051 80 37 127 83
pottedplant 0.0049 428 61 443 90
pottedplant 0.0049 20 163 533 334
pottedplant 0.0046 187 78 214 120
pottedplant 0.0046 170 99 188 128
pottedplant 0.0046 393 6 422 68
pottedplant 0.0045 1 111 21 135
pottedplant 0.0045 99 92 123 133
pottedplant 0.0045 197 81 243 116
pottedplant 0.0044 167 113 185 131
pottedplant 0.0043 404 98 456 147
pottedplant 0.0041 410 70 464 122
pottedplant 0.0041 435 90 458 114
pottedplant 0.0038 156 84 201 126
pottedplant 0.0038 44 47 85 101
pottedplant 0.0036 414 61 440 90
pottedplant 0.0034 473 27 500 92
pottedplant 0.0034 55 41 115 109
pottedplant 0.0031 489 83 501 92
pottedplant 0.0030 121 102 138 128
pottedplant 0.0030 87 87 129 123
pottedplant 0.0030 451 230 499 304
pottedplant 0.0030 15 109 32 137
pottedplant 0.0029 43 36 136 126
pottedplant 0.0027 389 45 408 66
pottedplant 0.0027 52 93 113 134
pottedplant 0.0027 156 101 179 127
pottedplant 0.0026 164 37 502 226
pottedplant 0.0026 307 69 418 156
pottedplant 0.0025 428 53 442 79
pottedplant 0.0025 392 59 421 98
pottedplant 0.0024 83 23 127 65
pottedplant 0.0024 429 64 464 90
pottedplant 0.0024 426 47 445 86
pottedplant 0.0023 122 113 155 132
pottedplant 0.0022 155 112 184 134
pottedplant 0.0022 78 90 137 141
pottedplant 0.0022 447 44 499 120
pottedplant 0.0021 411 44 421 67
pottedplant 0.0021 119 73 200 120
pottedplant 0.0021 0 82 21 154
pottedplant 0.0021 444 90 501 316
pottedplant 0.0020 16 121 33 142
pottedplant 0.0019 369 3 421 69
pottedplant 0.0019 119 88 143 124
pottedplant 0.0019 40 97 68 134
pottedplant 0.0019 396 45 476 117
pottedplant 0.0018 145 96 256 138
pottedplant 0.0018 0 114 23 150
pottedplant 0.0018 489 41 500 88
pottedplant 0.0018 4 99 20 129
pottedplant 0.0018 68 46 95 81
pottedplant 0.0017 178 98 195 125
pottedplant 0.0017 259 82 406 175
pottedplant 0.0017 52 83 286 233
pottedplant 0.0017 125 90 151 117
pottedplant 0.0017 323 101 485 312
pottedplant 0.0017 408 57 425 93
pottedplant 0.0016 89 80 160 128
pottedplant 0.0016 417 28 452 96
pottedplant 0.0016 170 97 230 135
pottedplant 0.0015 106 114 247 198
pottedplant 0.0015 124 39 157 85
pottedplant 0.0015 447 80 499 125
pottedplant 0.0015 63 29 140 97
pottedplant 0.0014 89 41 128 69
diningtable 0.5196 49 177 289 334
diningtable 0.2044 57 136 161 174
diningtable 0.1856 22 160 528 334
diningtable 0.1294 69 140 198 193
diningtable 0.1243 435 95 478 178
diningtable 0.1213 359 245 501 333
diningtable 0.0716 457 170 499 223
diningtable 0.0683 417 75 495 178
diningtable 0.0656 65 100 216 176
diningtable 0.0608 111 89 212 155
diningtable 0.0530 488 84 500 101
diningtable 0.0488 450 90 488 180
diningtable 0.0440 105 122 168 155
diningtable 0.0344 56 140 117 169
diningtable 0.0313 489 83 501 92
diningtable 0.0300 487 84 501 124
diningtable 0.0283 410 255 463 302
diningtable 0.0258 47 93 231 226
diningtable 0.0243 431 96 463 128
diningtable 0.0222 472 86 500 181
diningtable 0.0221 480 84 496 101
diningtable 0.0219 451 187 499 241
diningtable 0.0217 94 114 237 196
diningtable 0.0212 104 150 183 199
diningtable 0.0211 428 71 473 115
diningtable 0.0208 450 133 501 259
diningtable 0.0206 297 62 419 147
diningtable 0.0173 459 88 489 139
diningtable 0.0166 485 87 501 160
diningtable 0.0164 57 216 158 277
diningtable 0.0150 466 88 486 101
diningtable 0.0142 384 202 498 283
diningtable 0.0135 477 85 498 122
diningtable 0.0123 219 220 441 336
diningtable 0.0114 469 111 500 238
diningtable 0.0112 450 218 499 297
diningtable 0.0110 406 104 449 171
diningtable 0.0109 177 116 229 174
diningtable 0.0103 52 145 124 195
diningtable 0.0091 462 85 488 105
diningtable 0.0088 479 82 495 92
diningtable 0.0086 466 168 500 197
diningtable 0.0083 325 233 463 310
diningtable 0.0081 367 175 501 324
diningtable 0.0081 83 115 174 168
diningtable 0.0080 401 96 461 149
diningtable 0.0079 462 90 488 116
diningtable 0.0074 435 90 458 114
diningtable 0.0074 60 300 200 332
diningtable 0.0070 0 116 15 148
diningtable 0.0062 453 81 476 106
diningtable 0.0059 444 90 501 316
diningtable 0.0059 158 129 180 152
diningtable 0.0057 12 279 508 336
diningtable 0.0053 447 80 499 125
diningtable 0.0052 177 103 493 359
diningtable 0.0051 0 115 15 133
diningtable 0.0051 405 56 499 278
diningtable 0.0051 151 111 268 168
diningtable 0.0047 254 280 499 333
diningtable 0.0045 0 127 12 158
diningtable 0.0043 223 110 268 138
diningtable 0.0042 284 240 356 332
diningtable 0.0042 436 109 460 133
diningtable 0.0041 421 63 483 134
diningtable 0.0039 0 132 10 190
diningtable 0.0038 15 83 263 322
diningtable 0.0036 443 90 466 115
diningtable 0.0036 336 84 467 165
diningtable 0.0034 467 169 500 299
diningtable 0.0034 316 72 404 96
diningtable 0.0034 18 38 539 311
diningtable 0.0033 438 114 458 153
diningtable 0.0033 127 180 187 211
diningtable 0.0032 304 63 411 103
diningtable 0.0030 451 89 480 117
diningtable 0.0030 149 96 291 139
diningtable 0.0030 477 90 496 155
diningtable 0.0027 485 79 501 95
diningtable 0.0026 90 116 131 165
diningtable 0.0025 4 179 192 326
diningtable 0.0024 307 99 405 164
diningtable 0.0024 446 282 500 332
diningtable 0.0023 149 122 204 162
diningtable 0.0023 403 233 498 313
diningtable 0.0023 458 177 498 203
diningtable 0.0022 150 92 210 140
diningtable 0.0021 487 99 500 202
diningtable 0.0021 156 112 195 152
diningtable 0.0021 474 78 499 95
diningtable 0.0020 216 111 273 156
diningtable 0.0020 442 79 470 108
diningtable 0.0019 30 113 144 169
diningtable 0.0017 446 106 464 138
diningtable 0.0017 446 116 465 149
diningtable 0.0017 467 183 500 214
diningtable 0.0016 321 76 379 93
diningtable 0.0015 52 75 366 256
diningtable 0.0015 464 104 485 161
diningtable 0.0015 301 101 374 144
tvmonitor 0.0011 457 170 499 223
