person 0.0017 22 50 504 345
car 0.0018 3 170 505 373
cat 0.9919 82 88 496 340
dog 0.0040 81 76 497 327
chair 0.0304 28 55 498 340
chair 0.0276 60 2 220 151
chair 0.0034 2 -10 200 368
chair 0.0032 482 1 500 276
chair 0.0017 9 181 493 366
sofa 0.0520 9 181 493 366
sofa 0.0280 28 55 498 340
sofa 0.0015 1 178 135 374
sofa 0.0014 63 -12 503 217
diningtable 0.0144 33 84 493 354
diningtable 0.0049 9 205 490 376
tvmonitor 0.0275 491 1 500 73
tvmonitor 0.0065 483 5 500 236
tvmonitor 0.0054 488 1 500 115
