person 0.0031 260 139 293 215
person 0.0012 300 294 324 342
aeroplane 0.0010 261 145 294 220
bird 0.8089 263 142 295 212
bird 0.1489 300 295 321 326
bird 0.0836 299 295 326 345
bird 0.0154 277 294 325 355
bird 0.0129 273 142 293 172
bird 0.0104 266 145 284 187
bird 0.0085 170 193 201 238
bird 0.0072 355 147 393 198
bird 0.0057 192 195 200 214
bird 0.0052 297 291 326 386
bird 0.0042 355 165 386 205
bird 0.0039 277 141 291 157
bird 0.0038 328 223 357 276
bird 0.0035 257 270 330 381
bird 0.0034 272 156 292 210
bird 0.0029 368 168 387 200
bird 0.0028 340 167 372 212
bird 0.0028 332 228 353 260
bird 0.0028 276 143 305 203
bird 0.0027 257 151 277 216
bird 0.0026 239 119 326 221
bird 0.0024 191 194 201 233
bird 0.0023 342 174 363 197
bird 0.0022 263 196 279 215
bird 0.0021 283 145 299 187
bird 0.0021 263 173 281 214
bird 0.0021 30 11 461 395
bird 0.0020 345 220 357 243
bird 0.0019 359 160 382 193
bird 0.0019 382 148 392 163
bird 0.0016 381 149 393 183
bird 0.0016 347 216 358 235
bird 0.0015 340 179 365 208
bird 0.0014 300 248 335 330
bird 0.0013 174 193 200 221
bird 0.0013 364 105 376 132
bird 0.0012 382 143 394 154
bird 0.0012 80 126 127 180
bird 0.0012 282 259 348 379
bird 0.0011 346 170 371 198
bird 0.0011 259 154 273 198
bird 0.0010 185 193 205 235
cat 0.0017 263 142 295 212
dog 0.0048 262 141 295 213
sheep 0.0010 355 147 393 198
sheep 0.0010 262 141 295 213
cow 0.0040 261 145 294 220
