person 0.0174 356 4 444 61
bicycle 0.0098 208 4 367 51
bicycle 0.0028 286 1 377 54
bicycle 0.0025 329 0 373 56
bicycle 0.0017 277 5 451 58
bottle 0.0010 0 2 11 18
chair 0.0240 64 33 425 326
chair 0.0198 281 0 350 45
chair 0.0162 356 4 444 61
chair 0.0115 229 0 360 52
chair 0.0115 249 0 317 38
chair 0.0100 405 11 497 142
chair 0.0079 216 1 268 35
chair 0.0067 329 0 373 56
chair 0.0045 432 -1 497 80
chair 0.0033 344 2 480 134
chair 0.0033 277 5 451 58
chair 0.0021 282 2 301 37
chair 0.0020 273 2 294 36
chair 0.0020 484 51 500 191
chair 0.0016 0 -2 57 94
chair 0.0013 244 0 282 36
chair 0.0012 380 1 492 81
chair 0.0012 231 15 263 35
chair 0.0010 232 0 258 21
sofa 0.9892 50 27 435 332
sofa 0.0020 405 11 497 142
pottedplant 0.1095 93 2 142 33
pottedplant 0.0152 329 0 373 56
pottedplant 0.0136 141 0 182 24
pottedplant 0.0044 57 1 88 22
pottedplant 0.0039 286 1 377 54
pottedplant 0.0035 277 5 451 58
diningtable 0.0035 208 4 367 51
diningtable 0.0018 484 67 500 205
diningtable 0.0016 249 0 317 38
diningtable 0.0014 279 0 352 46
diningtable 0.0010 484 96 499 297
