cat 0.8716 127 72 286 270
cat 0.0065 102 44 318 338
cat 0.0042 196 209 277 371
bottle 0.0020 196 209 277 371
chair 0.2351 169 87 403 369
chair 0.0325 119 74 291 371
chair 0.0092 196 203 279 373
chair 0.0089 314 93 406 349
chair 0.0050 87 24 408 299
chair 0.0017 195 213 369 369
chair 0.0014 281 53 441 338
chair 0.0013 456 105 499 173
chair 0.0010 100 88 274 262
sofa 0.0011 452 97 500 181
pottedplant 0.0012 456 106 499 172
diningtable 0.0708 364 156 500 366
diningtable 0.0035 390 70 499 308
diningtable 0.0026 416 147 498 232
tvmonitor 0.0093 401 0 500 43
tvmonitor 0.0047 426 163 501 218
tvmonitor 0.0029 400 -1 500 88
tvmonitor 0.0014 450 160 499 197
