person 0.9867 35 32 94 190
person 0.8273 263 166 331 365
person 0.6743 270 97 305 147
person 0.5351 287 142 331 235
person 0.5142 81 34 114 185
person 0.4272 109 311 209 468
person 0.1206 106 187 219 471
person 0.0304 293 173 331 260
person 0.0264 85 30 116 75
person 0.0246 304 143 332 174
person 0.0102 264 118 328 293
person 0.0101 266 153 311 243
person 0.0100 130 267 225 372
person 0.0099 251 92 303 166
person 0.0099 264 106 309 186
person 0.0092 105 32 136 97
person 0.0078 91 26 145 190
person 0.0076 252 122 314 222
person 0.0066 51 39 117 200
person 0.0060 92 35 111 56
person 0.0058 14 6 244 191
person 0.0047 277 188 332 283
person 0.0045 296 143 332 193
person 0.0043 121 234 198 406
person 0.0042 105 43 127 122
person 0.0040 104 40 121 82
person 0.0035 49 109 286 477
person 0.0033 87 32 118 109
person 0.0032 261 82 292 128
person 0.0032 1 143 117 384
person 0.0031 279 173 316 236
person 0.0023 309 168 334 237
person 0.0022 137 280 272 453
person 0.0017 266 85 292 111
person 0.0016 218 4 259 54
person 0.0016 298 199 318 234
person 0.0016 114 23 154 80
person 0.0016 100 22 211 195
person 0.0014 281 95 308 129
person 0.0014 257 111 275 151
person 0.0014 278 230 312 255
person 0.0014 43 11 155 126
person 0.0014 120 134 271 336
person 0.0013 297 191 313 222
person 0.0012 133 254 182 383
person 0.0011 281 136 330 182
person 0.0011 245 207 309 317
person 0.0011 148 294 214 347
person 0.0011 254 99 280 142
person 0.0010 110 31 120 56
person 0.0010 231 197 320 359
person 0.0010 -3 20 331 321
person 0.0010 48 171 191 464
person 0.0010 102 47 134 196
person 0.0010 196 240 335 430
bicycle 0.4075 0 392 44 501
bicycle 0.3688 -1 362 107 501
bicycle 0.0840 252 122 314 222
bicycle 0.0651 262 132 309 197
bicycle 0.0207 255 117 302 182
bicycle 0.0106 265 144 306 229
bicycle 0.0101 4 354 106 438
bicycle 0.0053 273 183 298 233
bicycle 0.0040 269 119 321 177
bicycle 0.0039 270 153 303 183
bicycle 0.0029 299 381 332 453
bicycle 0.0027 46 356 104 428
bicycle 0.0025 254 147 281 187
bicycle 0.0025 186 217 327 422
bicycle 0.0025 250 129 287 187
bicycle 0.0024 287 142 331 235
bicycle 0.0021 0 300 111 455
bicycle 0.0021 293 309 332 453
bicycle 0.0019 294 117 329 170
bicycle 0.0018 281 136 330 182
bicycle 0.0017 264 118 328 293
bicycle 0.0015 194 96 309 236
bicycle 0.0015 273 137 302 160
bicycle 0.0014 108 288 216 466
bicycle 0.0012 268 195 290 233
bicycle 0.0011 294 310 332 369
bicycle 0.0010 257 117 276 160
bicycle 0.0010 266 123 288 152
car 0.0012 190 276 324 430
motorbike 0.7346 294 321 332 456
motorbike 0.4430 190 279 323 429
motorbike 0.0747 262 131 309 197
motorbike 0.0738 2 356 106 503
motorbike 0.0506 0 375 47 502
motorbike 0.0501 299 381 332 453
motorbike 0.0278 263 173 331 371
motorbike 0.0275 293 315 331 392
motorbike 0.0219 190 350 306 425
motorbike 0.0176 255 143 304 230
motorbike 0.0094 212 220 328 380
motorbike 0.0082 255 117 302 182
motorbike 0.0065 253 286 333 384
motorbike 0.0050 207 267 299 369
motorbike 0.0049 252 95 318 199
motorbike 0.0047 244 334 332 444
motorbike 0.0045 202 151 269 339
motorbike 0.0042 137 280 272 453
motorbike 0.0042 286 267 332 408
motorbike 0.0037 113 196 296 459
motorbike 0.0037 273 183 298 233
motorbike 0.0033 163 117 322 387
motorbike 0.0026 190 351 246 426
motorbike 0.0026 120 134 271 336
motorbike 0.0026 254 147 281 187
motorbike 0.0026 287 142 331 235
motorbike 0.0021 165 324 271 431
motorbike 0.0021 269 119 321 177
motorbike 0.0021 270 153 303 183
motorbike 0.0020 299 299 331 365
motorbike 0.0020 250 143 288 212
motorbike 0.0017 268 126 323 231
motorbike 0.0015 289 301 323 344
motorbike 0.0013 113 75 366 429
motorbike 0.0011 108 288 216 466
motorbike 0.0010 242 279 292 365
motorbike 0.0010 258 253 298 292
dog 0.0019 218 4 259 54
bottle 0.0083 183 16 198 54
bottle 0.0047 184 16 196 31
bottle 0.0026 173 14 189 32
bottle 0.0020 43 60 53 79
bottle 0.0017 68 0 99 7
bottle 0.0014 166 32 175 51
bottle 0.0013 80 0 110 8
bottle 0.0012 162 16 177 51
bottle 0.0011 162 13 200 55
bottle 0.0010 38 76 49 88
chair 0.0045 265 93 308 183
chair 0.0041 115 40 196 98
chair 0.0031 209 84 259 164
chair 0.0025 123 43 160 85
chair 0.0025 111 32 153 92
chair 0.0021 270 97 305 148
chair 0.0020 262 132 309 197
chair 0.0018 -1 143 114 501
chair 0.0016 300 94 331 146
chair 0.0013 269 119 321 177
chair 0.0011 130 48 153 81
tvmonitor 0.0038 45 0 143 10
tvmonitor 0.0011 31 0 101 8
