person 0.0155 298 110 306 124
person 0.0037 291 110 299 125
person 0.0017 292 114 298 129
person 0.0011 297 115 307 129
car 0.0013 0 132 15 154
boat 0.0011 279 94 341 154
bird 0.0018 85 103 94 110
cat 0.0012 449 1 498 33
bottle 0.0021 385 202 398 222
chair 0.7754 -4 253 229 373
chair 0.1218 18 202 42 225
chair 0.1154 4 207 114 268
chair 0.1009 82 206 100 221
chair 0.0877 60 202 81 218
chair 0.0854 47 197 74 210
chair 0.0635 46 199 81 221
chair 0.0316 35 260 109 279
chair 0.0281 40 212 65 226
chair 0.0218 11 221 75 260
chair 0.0202 50 196 90 212
chair 0.0192 42 198 68 224
chair 0.0176 19 212 44 227
chair 0.0144 0 255 20 372
chair 0.0142 69 195 90 207
chair 0.0139 15 200 68 226
chair 0.0139 33 197 98 228
chair 0.0127 24 211 61 227
chair 0.0117 -1 246 107 297
chair 0.0096 43 209 79 229
chair 0.0093 48 212 73 226
chair 0.0088 0 234 106 374
chair 0.0079 0 233 9 249
chair 0.0062 67 202 94 222
chair 0.0059 0 238 58 271
chair 0.0055 1 244 22 259
chair 0.0050 75 171 129 251
chair 0.0048 25 260 118 291
chair 0.0048 19 213 104 252
chair 0.0048 0 238 13 258
chair 0.0048 0 249 9 347
chair 0.0045 10 252 55 268
chair 0.0044 492 354 500 375
chair 0.0033 0 227 12 254
chair 0.0032 65 212 79 225
chair 0.0032 0 208 9 252
chair 0.0031 -1 249 58 376
chair 0.0030 22 199 42 209
chair 0.0028 54 206 88 232
chair 0.0027 0 248 22 266
chair 0.0027 0 253 11 283
chair 0.0026 1 198 210 338
chair 0.0026 0 199 18 271
chair 0.0026 0 255 24 281
chair 0.0025 44 216 117 264
chair 0.0022 0 294 13 377
chair 0.0021 16 188 47 217
chair 0.0021 5 186 96 253
chair 0.0021 4 247 119 273
chair 0.0020 10 170 77 218
chair 0.0019 35 169 142 256
chair 0.0018 -1 225 60 320
chair 0.0018 0 216 19 335
chair 0.0016 494 338 500 374
chair 0.0016 0 165 8 256
chair 0.0016 23 183 107 223
chair 0.0015 0 261 7 316
chair 0.0015 -1 199 66 271
chair 0.0014 2 258 121 315
chair 0.0013 0 250 25 307
chair 0.0012 470 353 499 375
chair 0.0012 0 222 24 259
chair 0.0011 9 210 21 231
chair 0.0011 193 191 351 306
sofa 0.9857 181 190 336 307
sofa 0.7105 -2 250 228 374
sofa 0.0534 8 213 113 265
sofa 0.0104 -1 246 107 297
sofa 0.0103 0 234 106 374
sofa 0.0042 11 221 75 260
sofa 0.0040 27 257 109 281
sofa 0.0037 18 201 42 225
sofa 0.0037 0 255 20 372
sofa 0.0035 1 198 210 338
sofa 0.0024 -1 237 59 272
sofa 0.0020 22 197 105 230
sofa 0.0016 0 216 19 335
sofa 0.0016 -1 225 60 320
sofa 0.0015 0 233 9 249
sofa 0.0015 143 239 254 311
sofa 0.0014 -1 249 58 376
sofa 0.0014 444 203 500 340
sofa 0.0014 0 199 18 271
sofa 0.0014 468 208 500 269
sofa 0.0014 16 201 76 226
sofa 0.0013 0 227 12 254
sofa 0.0012 77 157 137 264
sofa 0.0012 21 210 64 227
pottedplant 0.7364 166 125 208 147
pottedplant 0.5879 77 157 137 264
pottedplant 0.4242 78 155 125 213
pottedplant 0.1339 0 69 18 134
pottedplant 0.1117 104 174 136 265
pottedplant 0.0690 109 209 136 261
pottedplant 0.0523 0 74 16 239
pottedplant 0.0500 451 0 499 33
pottedplant 0.0478 0 129 15 156
pottedplant 0.0472 38 125 62 150
pottedplant 0.0331 15 202 38 223
pottedplant 0.0222 0 90 16 157
pottedplant 0.0119 55 125 73 149
pottedplant 0.0117 -1 122 16 184
pottedplant 0.0101 22 122 77 157
pottedplant 0.0098 188 135 206 149
pottedplant 0.0097 0 125 24 159
pottedplant 0.0097 455 311 497 344
pottedplant 0.0089 0 40 16 114
pottedplant 0.0087 14 122 79 188
pottedplant 0.0086 80 180 123 243
pottedplant 0.0078 1 118 50 158
pottedplant 0.0075 6 122 40 150
pottedplant 0.0068 76 153 107 193
pottedplant 0.0064 0 140 13 167
pottedplant 0.0058 492 0 500 35
pottedplant 0.0058 50 157 130 231
pottedplant 0.0055 4 173 52 221
pottedplant 0.0055 -1 80 92 223
pottedplant 0.0054 1 139 85 218
pottedplant 0.0051 36 134 71 171
pottedplant 0.0047 34 169 142 255
pottedplant 0.0047 -1 100 57 214
pottedplant 0.0045 167 134 188 148
pottedplant 0.0039 68 154 77 169
pottedplant 0.0037 16 188 47 217
pottedplant 0.0037 89 177 113 208
pottedplant 0.0036 110 235 133 261
pottedplant 0.0035 79 158 101 205
pottedplant 0.0035 55 155 112 207
pottedplant 0.0035 38 143 67 162
pottedplant 0.0032 0 199 18 271
pottedplant 0.0032 4 207 114 268
pottedplant 0.0031 22 199 42 209
pottedplant 0.0029 198 136 209 151
pottedplant 0.0028 82 206 99 220
pottedplant 0.0028 161 130 195 151
pottedplant 0.0026 11 199 51 227
pottedplant 0.0024 0 58 27 185
pottedplant 0.0024 0 233 9 249
pottedplant 0.0023 62 129 76 155
pottedplant 0.0022 0 17 22 118
pottedplant 0.0020 0 208 9 252
pottedplant 0.0020 90 204 111 220
pottedplant 0.0020 15 210 36 228
pottedplant 0.0020 101 204 119 236
pottedplant 0.0019 185 129 209 153
pottedplant 0.0019 91 197 133 261
pottedplant 0.0018 6 214 56 260
pottedplant 0.0018 198 127 209 145
pottedplant 0.0017 9 210 21 231
pottedplant 0.0017 75 154 91 191
pottedplant 0.0017 98 185 120 218
pottedplant 0.0017 16 129 49 153
pottedplant 0.0016 21 174 63 209
pottedplant 0.0016 84 157 116 187
pottedplant 0.0016 0 238 58 271
pottedplant 0.0015 110 200 131 242
pottedplant 0.0015 439 4 455 30
pottedplant 0.0015 13 193 38 214
pottedplant 0.0014 5 200 22 241
pottedplant 0.0013 85 138 165 257
pottedplant 0.0013 0 73 45 138
pottedplant 0.0013 199 148 209 158
pottedplant 0.0013 0 109 7 239
pottedplant 0.0013 490 7 500 48
pottedplant 0.0013 65 142 77 167
pottedplant 0.0012 36 143 53 161
pottedplant 0.0012 2 146 18 161
pottedplant 0.0012 31 152 76 171
pottedplant 0.0012 0 227 12 254
pottedplant 0.0012 -1 64 54 175
pottedplant 0.0011 76 155 88 173
pottedplant 0.0011 0 165 8 256
pottedplant 0.0011 56 144 70 160
pottedplant 0.0011 476 0 499 39
pottedplant 0.0010 0 153 9 170
pottedplant 0.0010 104 213 118 245
pottedplant 0.0010 162 138 177 148
pottedplant 0.0010 87 208 113 230
pottedplant 0.0010 121 223 136 257
diningtable 0.1147 8 213 113 265
diningtable 0.0248 369 250 498 363
diningtable 0.0214 33 197 98 228
diningtable 0.0084 46 198 81 221
diningtable 0.0083 47 197 74 210
diningtable 0.0073 40 208 82 230
diningtable 0.0070 16 201 76 226
diningtable 0.0060 401 299 498 366
diningtable 0.0059 33 214 108 250
diningtable 0.0028 59 202 82 219
diningtable 0.0027 374 254 488 293
diningtable 0.0027 50 196 90 212
diningtable 0.0027 48 212 73 226
diningtable 0.0026 409 258 500 329
diningtable 0.0025 21 210 64 227
diningtable 0.0021 0 234 106 374
diningtable 0.0020 467 214 500 267
diningtable 0.0019 40 212 65 226
diningtable 0.0016 18 201 42 224
diningtable 0.0015 5 186 96 253
diningtable 0.0015 139 253 252 307
diningtable 0.0014 399 308 455 354
diningtable 0.0012 43 200 67 223
tvmonitor 0.0139 424 215 467 263
tvmonitor 0.0023 82 206 99 220
tvmonitor 0.0014 281 93 338 150
