sheep 0.0010 199 180 334 282
cow 0.9966 197 179 336 282
cow 0.9946 50 143 160 312
cow 0.9855 355 173 500 310
cow 0.9764 137 175 191 279
cow 0.3125 327 177 407 277
cow 0.1875 334 179 366 202
cow 0.0795 480 176 500 253
cow 0.0791 322 188 363 278
cow 0.0251 328 177 376 212
cow 0.0232 326 189 357 215
cow 0.0123 302 185 380 269
cow 0.0120 139 143 185 182
cow 0.0113 331 173 412 216
cow 0.0112 135 145 163 178
cow 0.0112 332 173 410 195
cow 0.0082 353 174 471 219
cow 0.0082 481 173 500 328
cow 0.0067 166 174 187 194
cow 0.0064 482 177 501 206
cow 0.0060 327 178 373 245
cow 0.0057 79 142 171 178
cow 0.0048 299 172 451 287
cow 0.0041 477 176 498 191
cow 0.0037 150 151 186 193
cow 0.0028 70 165 92 173
cow 0.0026 485 173 501 193
cow 0.0023 346 196 441 305
cow 0.0023 109 146 187 287
cow 0.0022 164 171 191 224
cow 0.0021 162 168 192 271
cow 0.0017 152 170 186 196
cow 0.0016 187 167 474 292
cow 0.0016 446 169 499 300
cow 0.0015 318 168 400 234
cow 0.0015 490 156 500 190
cow 0.0014 491 195 500 323
cow 0.0014 357 173 441 194
cow 0.0013 479 141 500 218
cow 0.0013 133 156 187 208
cow 0.0012 352 172 426 249
cow 0.0010 488 196 500 263
