person 0.0463 289 96 332 143
person 0.0285 409 187 426 202
person 0.0279 246 91 313 143
person 0.0235 60 150 79 178
person 0.0188 478 184 491 201
person 0.0159 445 181 465 201
person 0.0143 437 180 458 202
person 0.0085 185 82 219 131
person 0.0076 434 181 445 202
person 0.0043 317 94 347 143
person 0.0034 235 80 282 130
person 0.0033 471 183 486 201
person 0.0033 245 103 284 143
person 0.0033 307 104 331 144
person 0.0033 159 92 213 140
person 0.0032 494 179 500 205
person 0.0025 58 146 70 165
person 0.0020 205 88 279 144
person 0.0018 184 88 252 141
person 0.0018 90 15 455 378
person 0.0017 268 102 317 144
person 0.0015 474 179 495 204
person 0.0015 302 95 325 138
person 0.0014 277 80 327 135
person 0.0014 428 177 450 204
person 0.0014 0 99 118 285
person 0.0014 453 180 477 202
person 0.0013 419 184 433 202
person 0.0012 51 138 87 184
person 0.0011 0 160 5 182
person 0.0010 290 125 315 143
person 0.0010 156 111 177 137
car 0.5408 406 171 500 261
car 0.0022 79 37 434 385
bus 0.9942 0 96 106 284
bus 0.9942 80 16 429 380
bus 0.0944 414 176 500 261
train 0.0034 0 88 103 281
train 0.0011 406 171 500 262
