person 0.0057 218 83 262 128
person 0.0054 185 78 223 126
person 0.0046 186 85 209 123
person 0.0041 276 97 332 133
person 0.0035 167 83 205 128
person 0.0028 209 90 274 138
person 0.0019 207 86 244 127
person 0.0019 362 60 371 78
person 0.0017 361 61 372 89
person 0.0013 188 88 325 144
person 0.0011 492 33 500 159
person 0.0011 475 47 500 108
bicycle 0.0010 76 226 414 301
car 0.9390 68 47 422 305
car 0.9375 61 16 220 121
car 0.1880 448 35 499 97
car 0.0205 408 26 499 100
car 0.0189 456 54 494 79
car 0.0112 452 60 499 110
car 0.0058 475 47 500 108
car 0.0056 108 18 225 57
car 0.0053 489 48 500 87
car 0.0050 440 3 502 91
car 0.0034 451 57 463 74
car 0.0031 368 3 498 89
car 0.0027 456 73 496 98
car 0.0024 439 43 475 91
car 0.0024 469 38 499 80
car 0.0021 491 36 500 136
car 0.0016 475 47 496 70
car 0.0015 451 45 484 72
car 0.0013 449 61 486 90
car 0.0012 492 55 500 115
car 0.0011 107 60 373 178
car 0.0011 446 52 500 141
motorbike 0.0039 62 115 431 320
motorbike 0.0010 76 226 414 301
