person 0.9625 108 118 232 306
person 0.9238 250 119 393 288
person 0.0077 211 326 253 366
person 0.0043 224 122 412 382
person 0.0041 251 156 344 234
person 0.0039 243 126 269 190
person 0.0035 154 181 372 368
person 0.0025 267 197 367 273
person 0.0021 259 151 333 199
person 0.0016 305 141 404 307
person 0.0012 267 125 370 232
person 0.0011 123 126 234 234
aeroplane 0.0017 195 220 238 238
bottle 0.9179 243 126 269 190
bottle 0.0424 242 155 265 189
bottle 0.0225 253 127 270 157
bottle 0.0102 450 268 461 283
bottle 0.0071 242 153 254 176
bottle 0.0063 240 158 253 187
bottle 0.0047 435 261 456 277
bottle 0.0047 257 125 268 147
bottle 0.0044 254 136 270 186
bottle 0.0034 240 139 256 186
bottle 0.0027 245 96 267 176
bottle 0.0020 258 117 268 134
bottle 0.0018 250 110 272 164
bottle 0.0017 231 118 280 198
bottle 0.0015 299 149 310 174
bottle 0.0015 242 174 261 189
bottle 0.0012 257 159 270 184
bottle 0.0012 251 121 264 150
chair 0.9383 357 215 444 374
chair 0.7049 93 223 164 311
chair 0.3967 90 218 203 375
chair 0.2647 119 327 210 374
chair 0.1837 299 149 310 174
chair 0.0504 305 145 332 180
chair 0.0452 301 148 322 176
chair 0.0188 274 165 329 200
chair 0.0153 156 196 390 384
chair 0.0148 93 218 118 289
chair 0.0099 99 141 232 368
chair 0.0083 307 156 337 185
chair 0.0081 263 145 329 184
chair 0.0077 118 339 170 373
chair 0.0065 163 323 211 374
chair 0.0061 48 194 92 271
chair 0.0060 274 208 442 381
chair 0.0060 282 171 323 193
chair 0.0058 254 166 333 216
chair 0.0048 290 147 337 195
chair 0.0035 265 148 303 176
chair 0.0034 289 157 318 186
chair 0.0031 372 214 423 297
chair 0.0025 284 139 351 210
chair 0.0024 181 147 251 180
chair 0.0021 324 163 337 185
chair 0.0020 256 135 392 365
chair 0.0020 385 215 409 262
chair 0.0017 255 152 314 191
chair 0.0017 209 176 217 186
chair 0.0017 229 128 369 268
chair 0.0017 301 215 318 230
chair 0.0017 247 327 295 339
chair 0.0016 295 140 314 172
chair 0.0015 163 168 228 214
chair 0.0015 312 187 415 350
chair 0.0014 243 126 269 190
chair 0.0014 206 175 214 188
chair 0.0014 297 155 328 187
chair 0.0012 156 230 183 246
chair 0.0011 392 226 411 256
chair 0.0011 306 164 338 200
chair 0.0011 0 333 10 375
chair 0.0010 312 174 334 190
chair 0.0010 132 159 299 364
pottedplant 0.0036 270 222 314 237
pottedplant 0.0012 193 220 240 239
diningtable 0.8001 158 173 361 366
diningtable 0.0229 175 153 326 230
diningtable 0.0092 187 216 334 326
diningtable 0.0087 216 173 258 210
diningtable 0.0079 195 135 386 314
diningtable 0.0050 200 169 279 215
diningtable 0.0050 168 143 257 222
diningtable 0.0045 239 138 352 247
diningtable 0.0042 187 180 334 248
diningtable 0.0035 235 149 274 197
diningtable 0.0024 243 126 269 190
diningtable 0.0021 150 182 337 288
diningtable 0.0019 205 117 304 197
diningtable 0.0019 193 148 289 206
diningtable 0.0014 241 198 317 232
diningtable 0.0014 193 196 365 270
diningtable 0.0011 109 120 240 299
diningtable 0.0010 138 258 381 394
tvmonitor 0.0010 235 79 270 148
