person 0.9954 209 75 300 173
person 0.9818 124 96 216 202
person 0.9732 305 79 379 157
person 0.9731 14 101 183 360
person 0.8675 294 90 498 367
person 0.0703 471 136 500 217
person 0.0264 470 131 501 301
person 0.0102 472 60 500 223
person 0.0076 60 103 273 354
person 0.0070 319 84 384 235
person 0.0063 4 121 118 342
person 0.0045 16 117 122 249
person 0.0041 301 96 419 220
person 0.0036 448 120 499 356
person 0.0032 71 141 175 325
person 0.0028 0 313 106 371
person 0.0027 102 83 230 320
person 0.0027 404 143 498 368
person 0.0027 184 132 467 325
person 0.0026 385 71 501 306
person 0.0025 490 96 500 212
person 0.0022 90 100 325 195
person 0.0022 486 182 500 243
person 0.0020 454 110 499 248
person 0.0019 238 163 408 286
person 0.0018 -1 254 71 373
person 0.0016 484 134 501 212
person 0.0016 301 104 484 249
person 0.0013 0 100 4 246
person 0.0011 68 104 200 271
person 0.0011 470 76 500 153
person 0.0010 0 224 17 364
person 0.0010 0 91 5 178
bird 0.0013 234 204 250 211
bottle 0.9299 324 238 347 295
bottle 0.0605 346 249 359 273
bottle 0.0198 426 265 452 314
bottle 0.0086 353 246 364 271
bottle 0.0083 354 239 369 255
bottle 0.0070 346 244 356 254
bottle 0.0049 333 240 348 259
bottle 0.0037 132 320 179 367
bottle 0.0035 362 240 373 255
bottle 0.0028 317 264 325 278
bottle 0.0019 326 239 353 263
bottle 0.0016 416 258 461 322
bottle 0.0012 354 237 367 249
bottle 0.0010 291 233 380 313
chair 0.7886 0 173 107 362
chair 0.4296 385 228 499 374
chair 0.4263 0 332 81 374
chair 0.4235 471 136 500 217
chair 0.1240 -1 173 46 254
chair 0.1061 121 143 134 199
chair 0.0899 5 258 116 363
chair 0.0738 470 135 500 296
chair 0.0633 -2 283 84 375
chair 0.0425 416 258 461 322
chair 0.0367 6 118 175 384
chair 0.0335 381 313 498 376
chair 0.0322 426 265 452 314
chair 0.0285 115 150 129 197
chair 0.0240 0 175 55 342
chair 0.0235 487 200 500 242
chair 0.0206 379 97 499 370
chair 0.0191 480 171 500 375
chair 0.0155 444 139 499 369
chair 0.0126 1 321 179 371
chair 0.0093 488 188 500 290
chair 0.0092 114 139 139 206
chair 0.0057 489 212 500 364
chair 0.0053 53 276 128 358
chair 0.0048 408 224 470 332
chair 0.0045 491 295 500 378
chair 0.0038 23 273 182 361
chair 0.0035 323 286 503 375
chair 0.0034 484 145 501 256
chair 0.0032 0 224 17 364
chair 0.0028 123 143 155 202
chair 0.0027 483 288 500 375
chair 0.0026 457 123 498 234
chair 0.0026 401 283 493 353
chair 0.0024 490 206 500 271
chair 0.0021 10 240 95 315
chair 0.0021 0 197 6 342
chair 0.0019 0 273 50 363
chair 0.0017 473 177 500 265
chair 0.0017 119 116 164 199
chair 0.0016 0 174 25 339
chair 0.0016 467 143 484 167
chair 0.0015 124 98 214 203
chair 0.0015 342 247 489 340
chair 0.0015 492 333 500 375
chair 0.0014 15 273 92 344
chair 0.0013 0 286 22 374
chair 0.0013 489 178 500 225
chair 0.0013 449 227 500 350
chair 0.0013 -9 215 216 370
chair 0.0012 429 292 502 374
chair 0.0012 488 114 500 216
chair 0.0012 120 115 155 136
chair 0.0011 319 337 383 375
chair 0.0010 465 135 488 173
chair 0.0010 120 127 137 184
sofa 0.0046 -2 332 76 373
sofa 0.0020 0 313 106 371
sofa 0.0015 384 293 498 376
sofa 0.0014 396 80 496 156
pottedplant 0.0039 353 239 370 257
diningtable 0.7552 69 173 407 363
diningtable 0.0088 187 170 390 271
diningtable 0.0076 255 94 497 361
diningtable 0.0052 214 155 419 316
diningtable 0.0040 13 99 189 400
diningtable 0.0025 323 238 348 295
diningtable 0.0025 57 194 197 357
diningtable 0.0022 229 179 373 246
diningtable 0.0019 198 119 461 260
diningtable 0.0014 118 127 519 392
diningtable 0.0012 49 114 356 318
diningtable 0.0010 262 198 448 342
diningtable 0.0010 488 203 500 238
diningtable 0.0010 488 194 500 266
tvmonitor 0.0058 4 2 205 154
