person 0.9796 30 89 303 376
person 0.9248 263 45 499 373
person 0.0019 54 74 511 365
person 0.0017 276 288 305 365
person 0.0017 490 101 500 132
bicycle 0.0026 0 297 319 371
motorbike 0.0040 32 117 303 384
motorbike 0.0010 0 297 319 371
boat 0.0047 0 297 319 371
boat 0.0013 32 117 303 384
horse 0.0057 32 117 303 384
horse 0.0011 0 297 319 371
chair 0.0021 1 325 44 372
diningtable 0.0246 0 323 45 370
diningtable 0.0025 1 318 103 370
diningtable 0.0013 0 235 50 369
diningtable 0.0013 -9 304 310 369
