person 0.9962 97 86 202 381
person 0.0033 275 327 372 497
person 0.0014 0 80 13 359
bird 0.0031 0 98 14 137
chair 0.2005 228 223 367 350
chair 0.0368 275 321 372 503
chair 0.0236 -6 373 218 448
chair 0.0182 249 290 369 390
chair 0.0106 313 205 373 246
chair 0.0065 344 256 371 287
chair 0.0042 335 242 372 284
chair 0.0030 349 240 373 271
chair 0.0022 241 223 352 264
chair 0.0012 315 200 374 289
chair 0.0010 234 217 365 289
sofa 0.9422 227 224 367 349
sofa 0.0400 275 321 372 503
sofa 0.0212 -1 373 220 446
sofa 0.0083 335 242 372 284
sofa 0.0071 249 290 369 390
sofa 0.0051 234 217 365 289
sofa 0.0044 344 256 371 287
sofa 0.0043 241 223 352 264
sofa 0.0024 315 200 374 289
sofa 0.0019 313 205 373 246
sofa 0.0014 3 321 373 486
sofa 0.0010 349 241 373 271
pottedplant 0.0089 0 97 14 138
diningtable 0.1986 275 322 372 502
diningtable 0.0471 255 281 371 399
diningtable 0.0072 311 204 373 241
diningtable 0.0029 235 239 372 347
diningtable 0.0016 -1 373 220 446
tvmonitor 0.0106 311 204 373 241
