person 0.0018 73 156 91 187
person 0.0018 25 123 57 203
person 0.0015 55 167 88 217
person 0.0015 47 116 78 228
person 0.0013 57 137 87 207
person 0.0011 41 145 90 247
person 0.0011 69 156 92 208
bicycle 0.9911 28 30 488 329
bicycle 0.0091 53 35 224 128
bicycle 0.0039 32 111 91 246
bicycle 0.0033 38 28 223 276
bicycle 0.0024 39 108 146 253
bicycle 0.0016 141 43 215 71
bicycle 0.0012 34 182 91 247
bicycle 0.0012 109 32 217 64
bus 0.0013 33 13 483 317
train 0.0031 33 13 483 317
bird 0.0024 105 24 117 52
cat 0.0011 32 111 91 246
dog 0.0019 32 111 91 246
dog 0.0012 359 46 436 107
bottle 0.9656 252 154 302 205
bottle 0.0369 282 154 301 173
bottle 0.0060 280 152 302 190
bottle 0.0015 267 160 297 202
bottle 0.0013 251 161 283 204
bottle 0.0011 268 153 302 177
bottle 0.0010 257 178 289 204
chair 0.0035 36 29 225 276
chair 0.0025 27 85 93 220
chair 0.0023 34 16 478 313
chair 0.0021 33 68 155 233
chair 0.0018 53 37 214 119
sofa 0.0083 16 61 499 361
sofa 0.0024 41 46 304 320
pottedplant 0.0863 8 12 92 204
pottedplant 0.0331 27 85 93 220
pottedplant 0.0329 51 93 87 147
pottedplant 0.0295 19 53 66 183
pottedplant 0.0124 442 319 500 376
pottedplant 0.0111 27 117 55 173
pottedplant 0.0108 11 0 54 168
pottedplant 0.0090 24 120 62 203
pottedplant 0.0069 40 68 95 175
pottedplant 0.0049 16 82 52 195
pottedplant 0.0047 51 91 90 198
pottedplant 0.0028 13 51 37 178
pottedplant 0.0018 29 35 165 185
pottedplant 0.0016 50 78 119 161
pottedplant 0.0013 73 156 91 187
pottedplant 0.0013 45 113 80 215
pottedplant 0.0012 28 89 75 179
pottedplant 0.0012 50 73 117 244
pottedplant 0.0010 38 141 91 249
pottedplant 0.0010 57 137 87 207
